-0.25	2.51019577919411E-12
-0.249730312837109	2.93029472398514E-11
-0.249460625674218	6.99140059527504E-11
-0.249190938511327	1.10126021976494E-10
-0.248921251348436	1.46433639091953E-10
-0.248651564185545	1.82140124072187E-10
-0.248381877022654	2.3370440809853E-10
-0.248112189859763	2.85076019987497E-10
-0.247842502696872	3.3199039417015E-10
-0.247572815533981	3.75849248389218E-10
-0.24730312837109	4.12710405808708E-10
-0.247033441208198	4.44913614489619E-10
-0.246763754045307	4.72112941324971E-10
-0.246494066882416	4.92054027283687E-10
-0.246224379719525	5.01727088076362E-10
-0.245954692556634	5.02051217941541E-10
-0.245685005393743	4.91090951479527E-10
-0.245415318230852	4.68064487564083E-10
-0.245145631067961	4.29142774211916E-10
-0.24487594390507	3.78952498738336E-10
-0.244606256742179	3.20760065611552E-10
-0.244336569579288	2.57290258270992E-10
-0.244066882416397	1.88920354525861E-10
-0.243797195253506	1.21159420229833E-10
-0.243527508090615	5.91177904673867E-11
-0.243257820927724	3.82703266716312E-12
-0.242988133764833	-4.9168140821365E-11
-0.242718446601942	-9.49576627431542E-11
-0.242448759439051	-1.297261527253E-10
-0.24217907227616	-1.51184235050593E-10
-0.241909385113269	-1.66716264218093E-10
-0.241639697950378	-1.80648638461942E-10
-0.241370010787487	-1.92252459999104E-10
-0.241100323624595	-2.04773015527278E-10
-0.240830636461704	-2.23479404515191E-10
-0.240560949298813	-2.57496474741096E-10
-0.240291262135922	-3.08070659198928E-10
-0.240021574973031	-3.66428086962431E-10
-0.23975188781014	-4.35530928979851E-10
-0.239482200647249	-5.1673372382297E-10
-0.239212513484358	-6.06654768390138E-10
-0.238942826321467	-7.00254281250079E-10
-0.238673139158576	-7.85706614185361E-10
-0.238403451995685	-8.58994851649098E-10
-0.238133764832794	-9.12126579583927E-10
-0.237864077669903	-9.42572022217282E-10
-0.237594390507012	-9.43381242331596E-10
-0.237324703344121	-9.12804761134962E-10
-0.23705501618123	-8.49596917938169E-10
-0.236785329018339	-7.62538526482916E-10
-0.236515641855448	-6.61303670146481E-10
-0.236245954692557	-5.5750016887307E-10
-0.235976267529666	-4.47175343118476E-10
-0.235706580366775	-3.43862544904179E-10
-0.235436893203884	-2.44059389314059E-10
-0.235167206040992	-1.57358921398931E-10
-0.234897518878101	-7.46982741859788E-11
-0.23462783171521	1.28527594148934E-11
-0.234358144552319	9.86810218172379E-11
-0.234088457389428	1.66909652227814E-10
-0.233818770226537	2.28823280280178E-10
-0.233549083063646	2.86610435178575E-10
-0.233279395900755	3.43771047988783E-10
-0.233009708737864	3.92101893208937E-10
-0.232740021574973	4.29050797345614E-10
-0.232470334412082	4.61094815829112E-10
-0.232200647249191	4.92835547782272E-10
-0.2319309600863	5.15059886283034E-10
-0.231661272923409	5.20978708812835E-10
-0.231391585760518	5.0986372112807E-10
-0.231121898597627	4.9081922459018E-10
-0.230852211434736	4.62230521278331E-10
-0.230582524271845	4.16010110028859E-10
-0.230312837108954	3.52588859219647E-10
-0.230043149946063	2.75042564019353E-10
-0.229773462783172	1.89793308682582E-10
-0.22950377562028	1.0001943159309E-10
-0.229234088457389	9.92208176169583E-12
-0.228964401294498	-7.86605944162156E-11
-0.228694714131607	-1.55209487160668E-10
-0.228425026968716	-2.08294956389676E-10
-0.228155339805825	-2.41140281413488E-10
-0.227885652642934	-2.5102344907797E-10
-0.227615965480043	-2.36589040124825E-10
-0.227346278317152	-2.10505096525884E-10
-0.227076591154261	-1.72497715308837E-10
-0.22680690399137	-1.2800286441758E-10
-0.226537216828479	-8.76001960089697E-11
-0.226267529665588	-4.83632529052636E-11
-0.225997842502697	-1.48301384633909E-11
-0.225728155339806	1.04961194333441E-11
-0.225458468176915	2.51384514708333E-11
-0.225188781014024	2.11559401487903E-11
-0.224919093851133	-1.14881731700321E-11
-0.224649406688242	-6.37187880723694E-11
-0.224379719525351	-1.22022193075022E-10
-0.22411003236246	-1.98912827371651E-10
-0.223840345199569	-2.96088983991437E-10
-0.223570658036677	-3.97115344069555E-10
-0.223300970873786	-4.90510306824338E-10
-0.223031283710895	-5.5996376490861E-10
-0.222761596548004	-6.07733047211254E-10
-0.222491909385113	-6.29820274041363E-10
-0.222222222222222	-6.11829936251017E-10
-0.221952535059331	-5.38659809686041E-10
-0.22168284789644	-4.13272856597255E-10
-0.221413160733549	-2.38380459954135E-10
-0.221143473570658	-2.41446944680603E-12
-0.220873786407767	2.98347103000039E-10
-0.220604099244876	6.37660776024229E-10
-0.220334412081985	1.00440225285325E-9
-0.220064724919094	1.38307205465275E-9
-0.219795037756203	1.75787384315019E-9
-0.219525350593312	2.117661986105E-9
-0.219255663430421	2.4418522511032E-9
-0.21898597626753	2.70430979682338E-9
-0.218716289104639	2.9102237456659E-9
-0.218446601941748	3.0632780369499E-9
-0.218176914778857	3.15458645641658E-9
-0.217907227615965	3.18821276551315E-9
-0.217637540453074	3.17042754114231E-9
-0.217367853290183	3.1027496754952E-9
-0.217098166127292	3.00124293920602E-9
-0.216828478964401	2.88152501586613E-9
-0.21655879180151	2.74056900559946E-9
-0.216289104638619	2.59017615621536E-9
-0.216019417475728	2.46390527096019E-9
-0.215749730312837	2.36377672526133E-9
-0.215480043149946	2.29425633866701E-9
-0.215210355987055	2.27100265974298E-9
-0.214940668824164	2.27721115165702E-9
-0.214670981661273	2.32912305991046E-9
-0.214401294498382	2.42899911531577E-9
-0.214131607335491	2.54692646644119E-9
-0.2138619201726	2.6628893304454E-9
-0.213592233009709	2.77778321297693E-9
-0.213322545846818	2.89285473453933E-9
-0.213052858683927	2.97783900081884E-9
-0.212783171521036	3.02359822497488E-9
-0.212513484358145	3.02178296486907E-9
-0.212243797195253	2.9595427340011E-9
-0.211974110032362	2.86069371084279E-9
-0.211704422869471	2.73608040690681E-9
-0.21143473570658	2.57103420756155E-9
-0.211165048543689	2.41811294640188E-9
-0.210895361380798	2.29063754210395E-9
-0.210625674217907	2.17860096893954E-9
-0.210355987055016	2.09886372188829E-9
-0.210086299892125	2.04910624451828E-9
-0.209816612729234	2.02156974841038E-9
-0.209546925566343	2.01061267595665E-9
-0.209277238403452	1.99993876373863E-9
-0.209007551240561	1.96391900970136E-9
-0.20873786407767	1.89890679953517E-9
-0.208468176914779	1.78794661907755E-9
-0.208198489751888	1.62559429517366E-9
-0.207928802588997	1.41102119314244E-9
-0.207659115426106	1.16176407209273E-9
-0.207389428263215	8.7249478800684E-10
-0.207119741100324	5.49647456763932E-10
-0.206850053937433	1.99300475969873E-10
-0.206580366774542	-1.48252671001397E-10
-0.20631067961165	-4.77541619481532E-10
-0.206040992448759	-7.7202414324496E-10
-0.205771305285868	-1.0484048524067E-9
-0.205501618122977	-1.27627501897795E-9
-0.205231930960086	-1.4558671807117E-9
-0.204962243797195	-1.56869137101461E-9
-0.204692556634304	-1.62394498209849E-9
-0.204422869471413	-1.62295806441595E-9
-0.204153182308522	-1.58465419309257E-9
-0.203883495145631	-1.50894246713924E-9
-0.20361380798274	-1.44644880627435E-9
-0.203344120819849	-1.40694630198503E-9
-0.203074433656958	-1.39960383359832E-9
-0.202804746494067	-1.43569562815221E-9
-0.202535059331176	-1.53591845792468E-9
-0.202265372168285	-1.70600670027995E-9
-0.201995685005394	-1.96437264464859E-9
-0.201725997842503	-2.29869157675106E-9
-0.201456310679612	-2.69746875388E-9
-0.201186623516721	-3.15336246554497E-9
-0.20091693635383	-3.6607046029427E-9
-0.200647249190939	-4.19606669791756E-9
-0.200377562028047	-4.73989101573278E-9
-0.200107874865156	-5.26420372648091E-9
-0.199838187702265	-5.75312385036795E-9
-0.199568500539374	-6.1856272055209E-9
-0.199298813376483	-6.55596050915691E-9
-0.199029126213592	-6.84702202588849E-9
-0.198759439050701	-7.06149552870826E-9
-0.19848975188781	-7.22756348560335E-9
-0.198220064724919	-7.36164044484988E-9
-0.197950377562028	-7.46076441059215E-9
-0.197680690399137	-7.52360924954292E-9
-0.197411003236246	-7.5613772452611E-9
-0.197141316073355	-7.59551188999901E-9
-0.196871628910464	-7.6232960648666E-9
-0.196601941747573	-7.64457076707745E-9
-0.196332254584682	-7.65231045610479E-9
-0.196062567421791	-7.65998137036432E-9
-0.1957928802589	-7.68083990643517E-9
-0.195523193096009	-7.68888046556426E-9
-0.195253505933118	-7.63141874391231E-9
-0.194983818770227	-7.5400989089367E-9
-0.194714131607336	-7.42157499230099E-9
-0.194444444444444	-7.27211764776765E-9
-0.194174757281553	-7.08100491551094E-9
-0.193905070118662	-6.85879117237821E-9
-0.193635382955771	-6.64248046487446E-9
-0.19336569579288	-6.47567130821213E-9
-0.193096008629989	-6.31648393722114E-9
-0.192826321467098	-6.14920352546671E-9
-0.192556634304207	-5.99097459932768E-9
-0.192286947141316	-5.85625910273874E-9
-0.192017259978425	-5.73904162295631E-9
-0.191747572815534	-5.62555446930676E-9
-0.191477885652643	-5.52863226358418E-9
-0.191208198489752	-5.48371828418575E-9
-0.190938511326861	-5.49009561074826E-9
-0.19066882416397	-5.51124295631626E-9
-0.190399137001079	-5.55266530914667E-9
-0.190129449838188	-5.62977982313438E-9
-0.189859762675297	-5.74740558884508E-9
-0.189590075512406	-5.87636289989421E-9
-0.189320388349515	-5.99195513876856E-9
-0.189050701186624	-6.08812034392404E-9
-0.188781014023732	-6.17280300472438E-9
-0.188511326860841	-6.22625644209651E-9
-0.18824163969795	-6.20820084585655E-9
-0.187971952535059	-6.10591109534928E-9
-0.187702265372168	-5.94066158845589E-9
-0.187432578209277	-5.72618739603903E-9
-0.187162891046386	-5.46963498735191E-9
-0.186893203883495	-5.18462170517607E-9
-0.186623516720604	-4.90156162074676E-9
-0.186353829557713	-4.65730487347746E-9
-0.186084142394822	-4.46471635709535E-9
-0.185814455231931	-4.32951582564227E-9
-0.18554476806904	-4.25083722774208E-9
-0.185275080906149	-4.22499749441283E-9
-0.185005393743258	-4.24651782831062E-9
-0.184735706580367	-4.29482802299536E-9
-0.184466019417476	-4.34912841425947E-9
-0.184196332254585	-4.40072626000028E-9
-0.183926645091694	-4.42209022048016E-9
-0.183656957928803	-4.38388645003991E-9
-0.183387270765912	-4.2826532712063E-9
-0.183117583603021	-4.12156892881629E-9
-0.182847896440129	-3.89444753689248E-9
-0.182578209277238	-3.5954677450632E-9
-0.182308522114347	-3.23141913363005E-9
-0.182038834951456	-2.81504106749791E-9
-0.181769147788565	-2.36691588764392E-9
-0.181499460625674	-1.89537689832877E-9
-0.181229773462783	-1.41400610225266E-9
-0.180960086299892	-9.4903431024141E-10
-0.180690399137001	-5.44848910721453E-10
-0.18042071197411	-1.92133905009513E-10
-0.180151024811219	1.1680739853823E-10
-0.179881337648328	3.84968793902344E-10
-0.179611650485437	6.23659289872442E-10
-0.179341963322546	8.42357747078243E-10
-0.179072276159655	1.03837114300767E-9
-0.178802588996764	1.24844814340935E-9
-0.178532901833873	1.47704760690194E-9
-0.178263214670982	1.71509097230352E-9
-0.177993527508091	1.96072857757782E-9
-0.1777238403452	2.23972608815552E-9
-0.177454153182309	2.55054700838767E-9
-0.177184466019417	2.92405631495927E-9
-0.176914778856526	3.33722890556423E-9
-0.176645091693635	3.77106301803794E-9
-0.176375404530744	4.21203028893612E-9
-0.176105717367853	4.65635892938186E-9
-0.175836030204962	5.04229253090969E-9
-0.175566343042071	5.34681475347216E-9
-0.17529665587918	5.54999714458041E-9
-0.175026968716289	5.67328289081915E-9
-0.174757281553398	5.72017009257436E-9
-0.174487594390507	5.6971354818836E-9
-0.174217907227616	5.61168913046229E-9
-0.173948220064725	5.4903214258196E-9
-0.173678532901834	5.35556094583732E-9
-0.173408845738943	5.23161947173131E-9
-0.173139158576052	5.11499185895253E-9
-0.172869471413161	5.02004795497866E-9
-0.17259978425027	4.97394512018301E-9
-0.172330097087379	4.98660874277857E-9
-0.172060409924488	5.05427879437219E-9
-0.171790722761597	5.18409734201548E-9
-0.171521035598706	5.37129309718717E-9
-0.171251348435814	5.60573330767765E-9
-0.170981661272923	5.88322207005256E-9
-0.170711974110032	6.16696868626551E-9
-0.170442286947141	6.40669623854224E-9
-0.17017259978425	6.5979262906163E-9
-0.169902912621359	6.74389624241095E-9
-0.169633225458468	6.82197350193876E-9
-0.169363538295577	6.83761789551306E-9
-0.169093851132686	6.77123630800783E-9
-0.168824163969795	6.62263448257908E-9
-0.168554476806904	6.39336136821023E-9
-0.168284789644013	6.08323175450291E-9
-0.168015102481122	5.71483214467002E-9
-0.167745415318231	5.30180647460208E-9
-0.16747572815534	4.88892862629533E-9
-0.167206040992449	4.50090181490821E-9
-0.166936353829558	4.15783463156052E-9
-0.166666666666667	3.89293984327225E-9
-0.166396979503776	3.71614254884386E-9
-0.166127292340885	3.61475880461953E-9
-0.165857605177994	3.56199259067604E-9
-0.165587918015102	3.53997479815813E-9
-0.165318230852211	3.55128952904271E-9
-0.16504854368932	3.58523801345672E-9
-0.164778856526429	3.62166075540051E-9
-0.164509169363538	3.62792742171224E-9
-0.164239482200647	3.60771825790077E-9
-0.163969795037756	3.56365481932677E-9
-0.163700107874865	3.48979027920291E-9
-0.163430420711974	3.35345184761729E-9
-0.163160733549083	3.13578359294304E-9
-0.162891046386192	2.8725098493814E-9
-0.162621359223301	2.59005224577406E-9
-0.16235167206041	2.27335222476351E-9
-0.162081984897519	1.93972071189193E-9
-0.161812297734628	1.60893111993552E-9
-0.161542610571737	1.30805221981752E-9
-0.161272923408846	1.05215684848947E-9
-0.161003236245955	8.24845944941681E-10
-0.160733549083064	6.25449387013986E-10
-0.160463861920173	4.79826742280816E-10
-0.160194174757282	4.24005037357463E-10
-0.159924487594391	4.42878385997572E-10
-0.159654800431499	5.21039300692547E-10
-0.159385113268608	6.63638632227695E-10
-0.159115426105717	8.38787087037549E-10
-0.158845738942826	1.06114137902992E-9
-0.158576051779935	1.29513976399784E-9
-0.158306364617044	1.49352718957093E-9
-0.158036677454153	1.63902941369033E-9
-0.157766990291262	1.7229655357551E-9
-0.157497303128371	1.72370204083463E-9
-0.15722761596548	1.63480631297139E-9
-0.156957928802589	1.42210559110803E-9
-0.156688241639698	1.10162654483258E-9
-0.156418554476807	6.87434694390323E-10
-0.156148867313916	2.00843047933642E-10
-0.155879180151025	-3.39157649588485E-10
-0.155609492988134	-8.94562670681685E-10
-0.155339805825243	-1.43966942753107E-9
-0.155070118662352	-1.9413799793359E-9
-0.154800431499461	-2.3899772134102E-9
-0.15453074433657	-2.76986617609111E-9
-0.154261057173679	-3.08186079393148E-9
-0.153991370010788	-3.33199357911685E-9
-0.153721682847896	-3.52958116865794E-9
-0.153451995685005	-3.67052363480731E-9
-0.153182308522114	-3.42783244580467E-9
-0.152912621359223	-3.24771993820587E-9
-0.152642934196332	-3.12365619860241E-9
-0.152373247033441	-3.03963098813141E-9
-0.15210355987055	-2.97861136784004E-9
-0.151833872707659	-2.87606129681126E-9
-0.151564185544768	-2.72726684461127E-9
-0.151294498381877	-2.78294677153874E-9
-0.151024811218986	-2.79138596798535E-9
-0.150755124056095	-2.73819056384731E-9
-0.150485436893204	-2.64024130170677E-9
-0.150215749730313	-2.8427734374456E-9
-0.149946062567422	-2.97165977306087E-9
-0.149676375404531	-3.04567083742379E-9
-0.14940668824164	-3.0745607723109E-9
-0.149137001078749	-3.07422029996178E-9
-0.148867313915858	-3.10882242701863E-9
-0.148597626752967	-3.17080788932429E-9
-0.148327939590076	-2.99953154595738E-9
-0.148058252427184	-2.78552433693918E-9
-0.147788565264293	-2.53437511284343E-9
-0.147518878101402	-2.24053948634653E-9
-0.147249190938511	-1.90152780417243E-9
-0.14697950377562	-1.51918973500562E-9
-0.146709816612729	-1.10798148316551E-9
-0.146440129449838	-6.77052993770637E-10
-0.146170442286947	-2.52422341710597E-10
-0.145900755124056	1.46983142825318E-10
-0.145631067961165	4.94646694401402E-10
-0.145361380798274	7.79322940483247E-10
-0.145091693635383	9.89005753132044E-10
-0.144822006472492	1.11758271769635E-9
-0.144552319309601	1.15819689414434E-9
-0.14428263214671	1.137789547245E-9
-0.144012944983819	1.06363690505562E-9
-0.143743257820928	9.52346540690928E-10
-0.143473570658037	8.11382002061261E-10
-0.143203883495146	6.53067561221349E-10
-0.142934196332255	5.0706025193211E-10
-0.142664509169364	3.94009589317324E-10
-0.142394822006472	3.03776835313555E-10
-0.142125134843581	2.5352264375949E-10
-0.14185544768069	2.38280043254958E-10
-0.141585760517799	2.64678644516152E-10
-0.141316073354908	3.38590570314398E-10
-0.141046386192017	4.38158368460667E-10
-0.140776699029126	5.48325528093156E-10
-0.140507011866235	6.68657262216324E-10
-0.140237324703344	8.0659171071714E-10
-0.139967637540453	9.53469960147026E-10
-0.139697950377562	1.095458573349E-9
-0.139428263214671	1.22322157491816E-9
-0.13915857605178	1.32931328258977E-9
-0.138888888888889	1.42160395315715E-9
-0.138619201725998	1.48896441810775E-9
-0.138349514563107	1.51718840863661E-9
-0.138079827400216	1.51658589436123E-9
-0.137810140237325	1.50249556860561E-9
-0.137540453074434	1.47815805451837E-9
-0.137270765911543	1.44317312040864E-9
-0.137001078748652	1.39681080765094E-9
-0.136731391585761	1.35228638819368E-9
-0.136461704422869	1.31702187174957E-9
-0.136192017259978	1.29430316578493E-9
-0.135922330097087	1.28234468847749E-9
-0.135652642934196	1.28654316618955E-9
-0.135382955771305	1.31471504751485E-9
-0.135113268608414	1.36914434043401E-9
-0.134843581445523	1.44446127713293E-9
-0.134573894282632	1.52837563345268E-9
-0.134304207119741	1.61370715525987E-9
-0.13403451995685	1.69258724247578E-9
-0.133764832793959	1.75217688646689E-9
-0.133495145631068	1.78979833635743E-9
-0.133225458468177	1.80076504714842E-9
-0.132955771305286	1.78710260445171E-9
-0.132686084142395	1.75036148776422E-9
-0.132416396979504	1.69254925959943E-9
-0.132146709816613	1.62030442430999E-9
-0.131877022653722	1.53380782277589E-9
-0.131607335490831	1.43970581027585E-9
-0.13133764832794	1.33831563609141E-9
-0.131067961165049	1.23165821366282E-9
-0.130798274002157	1.13084563220273E-9
-0.130528586839266	1.04283755356453E-9
-0.130258899676375	9.67404219940331E-10
-0.129989212513484	9.05264522859715E-10
-0.129719525350593	8.55926301727797E-10
-0.129449838187702	8.1681276324975E-10
-0.129180151024811	7.87281980124365E-10
-0.12891046386192	7.64547704342847E-10
-0.128640776699029	7.43676994038468E-10
-0.128371089536138	7.22262834383261E-10
-0.128101402373247	7.00600189190971E-10
-0.127831715210356	6.75547164775206E-10
-0.127562028047465	6.44850705472034E-10
-0.127292340884574	6.06480474484786E-10
-0.127022653721683	5.61032506809642E-10
-0.126752966558792	5.09400370736639E-10
-0.126483279395901	4.52901806380123E-10
-0.12621359223301	3.91547731995862E-10
-0.125943905070119	3.28861692219741E-10
-0.125674217907228	2.67991000710033E-10
-0.125404530744337	2.13624266558054E-10
-0.125134843581446	1.6584384300882E-10
-0.124865156418554	1.25046573053553E-10
-0.124595469255663	9.14540009527008E-11
-0.124325782092772	6.48847275480146E-11
-0.124056094929881	4.33399486204928E-11
-0.12378640776699	2.61690489709726E-11
-0.123516720604099	1.24538343802297E-11
-0.123247033441208	2.02710556093428E-12
-0.122977346278317	-5.36441785031011E-12
-0.122707659115426	-1.00567041156199E-11
-0.122437971952535	-1.1659110370799E-11
-0.122168284789644	-9.79153227233374E-12
-0.121898597626753	-3.75643383511102E-12
-0.121628910463862	7.46807636927666E-12
-0.121359223300971	2.4826035039911E-11
-0.12108953613808	4.95846221786033E-11
-0.120819848975189	8.33091877733215E-11
-0.120550161812298	1.24288719870639E-10
-0.120280474649407	1.7094029265601E-10
-0.120010787486516	2.21982309531861E-10
-0.119741100323625	2.76223708437259E-10
-0.119471413160734	3.31127344697601E-10
-0.119201725997843	3.84389125015623E-10
-0.118932038834951	4.33998923428907E-10
-0.11866235167206	4.79182610581444E-10
-0.118392664509169	5.1936635804477E-10
-0.118122977346278	5.52971258927167E-10
-0.117853290183387	5.79211367705402E-10
-0.117583603020496	6.00968990398471E-10
-0.117313915857605	6.21637012427561E-10
-0.117044228694714	6.42480717680959E-10
-0.116774541531823	6.66904163059682E-10
-0.116504854368932	6.98818239895973E-10
-0.116235167206041	7.40092151844872E-10
-0.11596548004315	7.92419181255685E-10
-0.115695792880259	8.57070204200876E-10
-0.115426105717368	9.3408361904168E-10
-0.115156418554477	1.02194002578231E-9
-0.114886731391586	1.11389932272538E-9
-0.114617044228695	1.20361063977841E-9
-0.114347357065804	1.2875681462054E-9
-0.114077669902913	1.36335459556376E-9
-0.113807982740022	1.42685117907112E-9
-0.113538295577131	1.47179646227998E-9
-0.113268608414239	1.49962993791671E-9
-0.112998921251348	1.51899798089977E-9
-0.112729234088457	1.53434482176794E-9
-0.112459546925566	1.5433597846726E-9
-0.112189859762675	1.54729332269913E-9
-0.111920172599784	1.5526939721835E-9
-0.111650485436893	1.56802655910522E-9
-0.111380798274002	1.59270109955386E-9
-0.111111111111111	1.62286927187204E-9
-0.11084142394822	1.65727209609215E-9
-0.110571736785329	1.70748534000187E-9
-0.110302049622438	1.77475970365046E-9
-0.110032362459547	1.84872005865669E-9
-0.109762675296656	1.92548430811552E-9
-0.109492988133765	2.00975338277829E-9
-0.109223300970874	2.10394455979459E-9
-0.108953613807983	2.20349456640755E-9
-0.108683926645092	2.30250032975836E-9
-0.108414239482201	2.40650322437176E-9
-0.10814455231931	2.53112398472535E-9
-0.107874865156419	2.66099476729996E-9
-0.107605177993528	2.78209423965308E-9
-0.107335490830636	2.88969522066287E-9
-0.107065803667745	2.98720937245753E-9
-0.106796116504854	3.07551911525555E-9
-0.106526429341963	3.15135019136144E-9
-0.106256742179072	3.20082844039825E-9
-0.105987055016181	3.2449267204729E-9
-0.10571736785329	3.29458042765103E-9
-0.105447680690399	2.97899532271745E-9
-0.105177993527508	2.63259153680998E-9
-0.104908306364617	2.2763973109798E-9
-0.104638619201726	1.92733736062151E-9
-0.104368932038835	1.58503457205308E-9
-0.104099244875944	1.23757084291729E-9
-0.103829557713053	8.74576260287339E-10
-0.103559870550162	4.99268294589539E-10
-0.103290183387271	9.99663768657047E-11
-0.10302049622438	-3.44781779534911E-10
-0.102750809061489	-8.48382481698325E-10
-0.102481121898598	-9.82974816562982E-10
-0.102211434735707	-1.13783669545568E-9
-0.101941747572816	-1.31286521228937E-9
-0.101672060409924	-1.52481745365167E-9
-0.101402373247033	-1.76282322336676E-9
-0.101132686084142	-2.0175498281969E-9
-0.100862998921251	-2.28211971880651E-9
-0.10059331175836	-2.55464297178259E-9
-0.100323624595469	-2.8009190723515E-9
-0.100053937432578	-3.00683690294286E-9
-0.0997842502696872	-3.15940007684735E-9
-0.0995145631067961	-3.268886014775E-9
-0.0992448759439051	-3.33568839364389E-9
-0.098975188781014	-3.36204350601979E-9
-0.098705501618123	-3.35097348464365E-9
-0.0984358144552319	-3.31716730571126E-9
-0.0981661272923409	-3.27363026481638E-9
-0.0978964401294498	-3.23504174736252E-9
-0.0976267529665588	-3.19943248951204E-9
-0.0973570658036677	-3.176043464209E-9
-0.0970873786407767	-3.18271336716549E-9
-0.0968176914778857	-3.22692050796972E-9
-0.0965480043149946	-3.30748669879023E-9
-0.0962783171521036	-3.43035066545507E-9
-0.0960086299892125	-3.59370302935301E-9
-0.0957389428263215	-3.79198143429347E-9
-0.0954692556634304	-4.02339674775751E-9
-0.0951995685005394	-4.26351254065393E-9
-0.0949298813376483	-4.47737377663687E-9
-0.0946601941747573	-4.6608616143401E-9
-0.0943905070118662	-4.81522001863904E-9
-0.0941208198489752	-4.92311081050838E-9
-0.0938511326860841	-4.98697721906742E-9
-0.0935814455231931	-4.99094700675586E-9
-0.0933117583603021	-4.9329698220184E-9
-0.093042071197411	-4.81227727806506E-9
-0.09277238403452	-4.62680579314688E-9
-0.0925026968716289	-4.39196083630003E-9
-0.0922330097087379	-4.11689903840581E-9
-0.0919633225458468	-3.83561873044685E-9
-0.0916936353829558	-3.56764309308667E-9
-0.0914239482200647	-3.3296198261054E-9
-0.0911542610571737	-3.14946543638383E-9
-0.0908845738942826	-3.03717673958868E-9
-0.0906148867313916	-2.98444154787527E-9
-0.0903451995685005	-2.97078343146987E-9
-0.0900755124056095	-2.98236789643315E-9
-0.0898058252427184	-3.02217549357093E-9
-0.0895361380798274	-3.08186974585162E-9
-0.0892664509169364	-3.14454284538159E-9
-0.0889967637540453	-3.18165590795245E-9
-0.0887270765911543	-3.19568627941015E-9
-0.0884573894282632	-3.18828191748958E-9
-0.0881877022653722	-3.15343039128113E-9
-0.0879180151024811	-3.06050234651805E-9
-0.0876483279395901	-2.89039996240218E-9
-0.087378640776699	-2.67411268246387E-9
-0.087108953613808	-2.43516684427608E-9
-0.0868392664509169	-2.15866498970239E-9
-0.0865695792880259	-1.86017131060616E-9
-0.0862998921251348	-1.55827428294383E-9
-0.0860302049622438	-1.27944709335153E-9
-0.0857605177993528	-1.03936290373014E-9
-0.0854908306364617	-8.22902371805122E-10
-0.0852211434735707	-6.30167853759852E-10
-0.0849514563106796	-4.88244742724756E-10
-0.0846817691477886	-4.35726762945589E-10
-0.0844120819848975	-4.59641707511876E-10
-0.0841423948220065	-5.46134199883741E-10
-0.0838727076591154	-7.02517773496756E-10
-0.0836030204962244	-8.96762772698638E-10
-0.0833333333333333	-1.14578537553124E-9
-0.0830636461704423	-1.41239269659509E-9
-0.0827939590075512	-1.64500027587403E-9
-0.0825242718446602	-1.82330543827467E-9
-0.0822545846817692	-1.935867109504E-9
-0.0819848975188781	-1.95611536889744E-9
-0.0817152103559871	-1.87387044575418E-9
-0.081445523193096	-1.6464721071643E-9
-0.081175836030205	-1.28829442320844E-9
-0.0809061488673139	-8.12044709339272E-10
-0.0806364617044229	-2.39653214593493E-10
-0.0803667745415318	4.08805645187571E-10
-0.0800970873786408	1.08924696652564E-9
-0.0798274002157497	1.77088705340067E-9
-0.0795577130528587	2.41248136042939E-9
-0.0792880258899676	3.00044760691735E-9
-0.0790183387270766	3.51321041366162E-9
-0.0787486515641855	3.94935706676716E-9
-0.0784789644012945	4.31420899525729E-9
-0.0782092772384035	4.61764132013671E-9
-0.0779395900755124	4.85223845926939E-9
-0.0776699029126214	4.72939496132851E-9
-0.0774002157497303	4.64957522622771E-9
-0.0771305285868393	4.62338790892742E-9
-0.0768608414239482	4.55395471167985E-9
-0.0765911542610572	4.41836995118846E-9
-0.0763214670981661	4.20330104970173E-9
-0.0760517799352751	3.88243688832979E-9
-0.075782092772384	3.43683081910781E-9
-0.075512405609493	2.79825301897544E-9
-0.0752427184466019	1.94825123972015E-9
-0.0749730312837109	9.81265902765834E-10
-0.0747033441208199	2.44739780128136E-10
-0.0744336569579288	-5.83910388899259E-10
-0.0741639697950378	-1.46736242850451E-9
-0.0738942826321467	-2.2975386600807E-9
-0.0736245954692557	-3.07002375448379E-9
-0.0733549083063646	-3.74890848832992E-9
-0.0730852211434736	-4.30541746125492E-9
-0.0728155339805825	-4.74635525970612E-9
-0.0725458468176915	-5.07782228821689E-9
-0.0722761596548004	-5.26853968158397E-9
-0.0720064724919094	-5.38030016358654E-9
-0.0717367853290183	-5.38290035284785E-9
-0.0714670981661273	-5.33106707937936E-9
-0.0711974110032362	-5.23315662462833E-9
-0.0709277238403452	-5.07543059552925E-9
-0.0706580366774542	-4.8403519929835E-9
-0.0703883495145631	-4.55016192970928E-9
-0.0701186623516721	-4.19754821145365E-9
-0.069848975188781	-3.78604292914623E-9
-0.06957928802589	-3.29500503100376E-9
-0.0693096008629989	-2.7695175917362E-9
-0.0690399137001079	-2.23685496559931E-9
-0.0687702265372168	-1.71589632310567E-9
-0.0685005393743258	-1.20737170433564E-9
-0.0682308522114347	-7.4339891736462E-10
-0.0679611650485437	-3.48840045021787E-10
-0.0676914778856526	-2.17518132717715E-11
-0.0674217907227616	2.6956999418449E-10
-0.0671521035598706	5.02868966368786E-10
-0.0668824163969795	6.64400894791678E-10
-0.0666127292340885	7.49704791823889E-10
-0.0663430420711974	8.01331612001829E-10
-0.0660733549083064	8.42477529079019E-10
-0.0658036677454153	8.70754813179856E-10
-0.0655339805825243	9.01535375059734E-10
-0.0652642934196332	9.57185813625694E-10
-0.0649946062567422	1.07379216827262E-9
-0.0647249190938511	1.25173263798593E-9
-0.0644552319309601	1.45166545127987E-9
-0.064185544768069	1.68345354304731E-9
-0.063915857605178	1.94996083692122E-9
-0.063646170442287	2.23633145933784E-9
-0.0633764832793959	2.52308147689755E-9
-0.0631067961165049	2.7685361160964E-9
-0.0628371089536138	2.96153362264652E-9
-0.0625674217907227	3.07842833025293E-9
-0.0622977346278317	3.11557332478811E-9
-0.0620280474649407	3.0552913315812E-9
-0.0617583603020496	2.89780452648101E-9
-0.0614886731391586	2.6448781343303E-9
-0.0612189859762675	2.32875728502445E-9
-0.0609492988133765	1.98195626470656E-9
-0.0606796116504854	1.64029931155832E-9
-0.0604099244875944	1.29207829816185E-9
-0.0601402373247033	9.76046850938343E-10
-0.0598705501618123	6.80757414089966E-10
-0.0596008629989213	4.31449726515967E-10
-0.0593311758360302	2.01380395015765E-10
-0.0590614886731392	-3.40793892235535E-11
-0.0587918015102481	-2.57415273124739E-10
-0.0585221143473571	-4.28449343084348E-10
-0.058252427184466	-5.78154052858851E-10
-0.057982740021575	-7.12959338579439E-10
-0.0577130528586839	-8.42115725846431E-10
-0.0574433656957929	-9.4608006551738E-10
-0.0571736785329018	-1.01989977723886E-9
-0.0569039913700108	-1.0800626970091E-9
-0.0566343042071197	-1.13777846328502E-9
-0.0563646170442287	-1.17218028890544E-9
-0.0560949298813377	-1.1690117460432E-9
-0.0558252427184466	-1.12821980170284E-9
-0.0555555555555556	-1.0712177702458E-9
-0.0552858683926645	-9.95187271763365E-10
-0.0550161812297735	-8.83712642635379E-10
-0.0547464940668824	-7.39103835483187E-10
-0.0544768069039914	-5.69027104763185E-10
-0.0542071197411003	-3.87591712419266E-10
-0.0539374325782093	-2.01651207449491E-10
-0.0536677454153182	-1.97516080090207E-11
-0.0533980582524272	1.5463170687395E-10
-0.0531283710895361	3.01340767715818E-10
-0.0528586839266451	3.99458393759358E-10
-0.0525889967637541	4.56845027639564E-10
-0.052319309600863	4.69863061236972E-10
-0.052049622437972	4.37582003257434E-10
-0.0517799352750809	3.84754473642965E-10
-0.0515102481121898	3.11607267381472E-10
-0.0512405609492988	2.28555979275565E-10
-0.0509708737864078	1.54621812549932E-10
-0.0507011866235167	8.43950043396926E-11
-0.0504314994606257	2.55872413398666E-11
-0.0501618122977346	-1.79070585715982E-11
-0.0498921251348436	-4.24121438536762E-11
-0.0496224379719525	-3.53002712484471E-11
-0.0493527508090615	1.89595199058127E-11
-0.0490830636461704	1.04018368850147E-10
-0.0488133764832794	1.97052504251659E-10
-0.0485436893203884	3.17789756042397E-10
-0.0482740021574973	4.68021347994097E-10
-0.0480043149946063	6.21094563040984E-10
-0.0477346278317152	7.59131829261435E-10
-0.0474649406688242	8.57603210481133E-10
-0.0471952535059331	9.21139089358852E-10
-0.0469255663430421	9.44805586229129E-10
-0.046655879180151	9.08440904899608E-10
-0.04638619201726	7.91674209312211E-10
-0.0461165048543689	6.01256452540831E-10
-0.0458468176914779	3.43327523134184E-10
-0.0455771305285868	3.44269166764221E-12
-0.0453074433656958	-4.21171762515316E-10
-0.0450377562028048	-8.9127129272764E-10
-0.0447680690399137	-1.39005414803806E-9
-0.0444983818770227	-1.89536545472256E-9
-0.0442286947141316	-2.38550063251778E-9
-0.0439590075512405	-2.84584341634E-9
-0.0436893203883495	-3.24978343920082E-9
-0.0434196332254585	-3.56442616060166E-9
-0.0431499460625674	-3.79904547557349E-9
-0.0428802588996764	-3.96064197692463E-9
-0.0426105717367853	-4.03987691051865E-9
-0.0423408845738943	-4.0442161145538E-9
-0.0420711974110032	-3.98364335359045E-9
-0.0418015102481122	-3.86187748438246E-9
-0.0415318230852211	-3.70045392762378E-9
-0.0412621359223301	-3.51957883947414E-9
-0.0409924487594391	-3.31615833484019E-9
-0.040722761596548	-3.10499710955023E-9
-0.0404530744336569	-2.9261991176037E-9
-0.0401833872707659	-2.78127736187008E-9
-0.0399137001078749	-2.67452838234283E-9
-0.0396440129449838	-2.62300557481119E-9
-0.0393743257820928	-2.60597048580037E-9
-0.0391046386192017	-2.64089426501082E-9
-0.0388349514563107	-2.72888693248802E-9
-0.0385652642934196	-2.83518155134735E-9
-0.0382955771305286	-2.93717622957147E-9
-0.0380258899676375	-3.03594050756744E-9
-0.0377562028047465	-3.13288622703225E-9
-0.0374865156418555	-3.19555900261159E-9
-0.0372168284789644	-3.21515083700059E-9
-0.0369471413160734	-3.18401916317966E-9
-0.0366774541531823	-3.09011841198559E-9
-0.0364077669902913	-2.95980035744684E-9
-0.0361380798274002	-2.80519072416925E-9
-0.0358683926645092	-2.61207286133977E-9
-0.0355987055016181	-2.43443848530101E-9
-0.0353290183387271	-2.28519764982745E-9
-0.035059331175836	-2.15372437884869E-9
-0.034789644012945	-2.05608497477418E-9
-0.0345199568500539	-1.98913617553747E-9
-0.0342502696871629	-1.94460011241088E-9
-0.0339805825242719	-1.91650223268091E-9
-0.0337108953613808	-1.88900987549962E-9
-0.0334412081984898	-1.83812262361396E-9
-0.0331715210355987	-1.76110061633634E-9
-0.0329018338727076	-1.64308636795443E-9
-0.0326321467098166	-1.48026175770676E-9
-0.0323624595469256	-1.27313674219868E-9
-0.0320927723840345	-1.03864883579239E-9
-0.0318230852211435	-7.72887889621511E-10
-0.0315533980582524	-4.82429424718542E-10
-0.0312837108953614	-1.73319050743253E-10
-0.0310140237324703	1.2773821322802E-10
-0.0307443365695793	4.07662977511662E-10
-0.0304746494066882	6.52955355941034E-10
-0.0302049622437972	8.78485207310383E-10
-0.0299352750809062	1.05947865684669E-9
-0.0296655879180151	1.1972954230608E-9
-0.029395900755124	1.2780187345027E-9
-0.029126213592233	1.31062696874525E-9
-0.028856526429342	1.297509334846E-9
-0.0285868392664509	1.25493091927598E-9
-0.0283171521035599	1.18365795081547E-9
-0.0280474649406688	1.12385504882404E-9
-0.0277777777777778	1.08273776830058E-9
-0.0275080906148867	1.0667769057806E-9
-0.0272384034519957	1.08376995567474E-9
-0.0269687162891046	1.14823821482919E-9
-0.0266990291262136	1.26303636933376E-9
-0.0264293419633226	1.44016341354058E-9
-0.0261596548004315	1.66879178060609E-9
-0.0258899676375405	1.93906104262405E-9
-0.0256202804746494	2.24440841393758E-9
-0.0253505933117584	2.57967022800001E-9
-0.0250809061488673	2.92746163676789E-9
-0.0248112189859763	3.27373513889851E-9
-0.0245415318230852	3.59923712031884E-9
-0.0242718446601942	3.89367320555389E-9
-0.0240021574973031	4.14373624978807E-9
-0.0237324703344121	4.34681349852319E-9
-0.023462783171521	4.00050893447279E-9
-0.02319309600863	3.66397260683435E-9
-0.0229234088457389	3.33444002622989E-9
-0.0226537216828479	2.99858843488027E-9
-0.0223840345199569	2.66274202533794E-9
-0.0221143473570658	2.32908278566388E-9
-0.0218446601941747	2.25103368985753E-9
-0.0215749730312837	2.1845662527966E-9
-0.0213052858683927	2.12528492262007E-9
-0.0210355987055016	2.07326677781825E-9
-0.0207659115426106	2.05277831480587E-9
-0.0204962243797195	2.50969888145851E-9
-0.0202265372168285	2.92151705294477E-9
-0.0199568500539374	3.28991382224695E-9
-0.0196871628910464	3.60838849075238E-9
-0.0194174757281553	3.88365967522348E-9
-0.0191477885652643	4.13755062863762E-9
-0.0188781014023733	4.14157055314249E-9
-0.0186084142394822	4.12452682546108E-9
-0.0183387270765911	4.09323406884269E-9
-0.0180690399137001	4.05966801108335E-9
-0.0177993527508091	4.02246653648124E-9
-0.017529665587918	3.98167333328535E-9
-0.017259978425027	3.93380564861228E-9
-0.0169902912621359	3.88596547357448E-9
-0.0167206040992449	3.84478504374795E-9
-0.0164509169363538	3.79715084335499E-9
-0.0161812297734628	3.71765124478929E-9
-0.0159115426105717	3.62279821804837E-9
-0.0156418554476807	3.51641278820799E-9
-0.0153721682847897	3.39728499370578E-9
-0.0151024811218986	3.2610808536396E-9
-0.0148327939590076	3.11340513822305E-9
-0.0145631067961165	2.97141256400427E-9
-0.0142934196332254	2.85418827382531E-9
-0.0140237324703344	2.74255979511126E-9
-0.0137540453074434	2.6296459219165E-9
-0.0134843581445523	2.52281460791157E-9
-0.0132146709816613	2.42787401461461E-9
-0.0129449838187702	2.3419005541278E-9
-0.0126752966558792	2.25901606829309E-9
-0.0124056094929881	2.18421117611024E-9
-0.0121359223300971	2.13092988000347E-9
-0.011866235167206	2.09788245510928E-9
-0.011596548004315	2.07035052036711E-9
-0.011326860841424	2.05007751353174E-9
-0.0110571736785329	2.04226137766278E-9
-0.0107874865156418	2.04792753463764E-9
-0.0105177993527508	2.05608291818869E-9
-0.0102481121898598	2.05802554668867E-9
-0.00997842502696872	2.05196848399103E-9
-0.00970873786407767	2.0409106129282E-9
-0.00943905070118661	2.01866833772056E-9
-0.00916936353829559	1.97303799821734E-9
-0.00889967637540454	1.90142767754434E-9
-0.00862998921251348	1.81194011405782E-9
-0.00836030204962243	1.70988119956645E-9
-0.00809061488673138	1.59827975721096E-9
-0.00782092772384035	1.48183131883773E-9
-0.0075512405609493	1.36957668978452E-9
-0.00728155339805825	1.27153627977524E-9
-0.0070118662351672	1.1903931517661E-9
-0.00674217907227617	1.12664208434172E-9
-0.00647249190938512	1.07895974408834E-9
-0.00620280474649407	1.04534757133672E-9
-0.00593311758360301	1.02346785599759E-9
-0.00566343042071196	1.00758188622212E-9
-0.00539374325782094	9.92425205206489E-10
-0.00512405609492989	9.75951532715592E-10
-0.00485436893203883	9.52280831836316E-10
-0.00458468176914778	9.15864582148231E-10
-0.00431499460625676	8.67149152168248E-10
-0.0040453074433657	8.07974276010227E-10
-0.00377562028047465	7.38325365687964E-10
-0.0035059331175836	7.34879093978783E-10
-0.00323624595469255	7.17182403168375E-10
-0.00296655879180152	6.92343789413129E-10
-0.00269687162891047	6.61230311296297E-10
-0.00242718446601942	6.23225999573316E-10
-0.00215749730312836	5.84061663600564E-10
-0.00188781014023731	5.42171536577543E-10
-0.00161812297734629	5.01823408229777E-10
-0.00134843581445523	4.63925708752323E-10
-0.00107874865156418	4.26412591765127E-10
-8.0906148867313E-4	3.91331717248042E-10
-5.39374325782105E-4	3.16476740906687E-10
-2.69687162891052E-4	2.540349648992E-10
0	2.03640050746081E-10
2.69687162891052E-4	1.65114631673736E-10
5.39374325782105E-4	1.38024786484966E-10
8.09061488673157E-4	1.19029100804616E-10
0.00107874865156421	1.06244101393084E-10
0.00134843581445521	9.69010603613934E-11
0.00161812297734626	8.93840625908594E-11
0.00188781014023731	8.25025603235145E-11
0.00215749730312836	7.52916431236193E-11
0.00242718446601942	6.54152449154194E-11
0.00269687162891047	5.36783723457576E-11
0.00296655879180152	4.04036384576751E-11
0.00323624595469257	2.68039440214547E-11
0.00350593311758363	1.40611305052837E-11
0.00377562028047462	3.74714797695953E-12
0.00404530744336568	-3.02611831290366E-12
0.00431499460625673	-5.47523344892824E-12
0.00458468176914778	-2.82633209581858E-12
0.00485436893203883	5.3248033129811E-12
0.00512405609492989	1.89223004347035E-11
0.00539374325782094	3.68122550031118E-11
0.00566343042071199	5.81066657493104E-11
0.00593311758360304	8.16973369128324E-11
0.00620280474649404	1.07035608846484E-10
0.00647249190938509	1.3204156743467E-10
0.00674217907227614	1.55561878020182E-10
0.0070118662351672	1.7686668743839E-10
0.00728155339805825	1.96516318913782E-10
0.0075512405609493	2.14196144031205E-10
0.00782092772384035	2.32226725143109E-10
0.00809061488673141	2.52629928104683E-10
0.00836030204962246	2.76577091185683E-10
0.00862998921251351	3.0573752505201E-10
0.00889967637540451	3.41248875916795E-10
0.00916936353829556	3.81319730304193E-10
0.00943905070118661	4.28054830028646E-10
0.00970873786407767	4.79831935786964E-10
0.00997842502696872	5.27332304032816E-10
0.0102481121898598	5.72342746154227E-10
0.0105177993527508	6.11999243298559E-10
0.0107874865156419	6.40277667617365E-10
0.0110571736785329	6.58352698203427E-10
0.0113268608414239	6.6681191086458E-10
0.011596548004315	6.66722316762842E-10
0.011866235167206	6.64752764480731E-10
0.0121359223300971	6.60556886118489E-10
0.0124056094929881	6.53832998826891E-10
0.0126752966558792	6.50078695418547E-10
0.0129449838187702	6.58454876911372E-10
0.0132146709816613	6.79718813147903E-10
0.0134843581445523	7.10239273287619E-10
0.0137540453074433	7.5631563265808E-10
0.0140237324703344	8.14247231546577E-10
0.0142934196332254	8.8352034215217E-10
0.0145631067961165	9.64314051568029E-10
0.0148327939590076	1.0453006764342E-9
0.0151024811218986	1.12182636918766E-9
0.0153721682847897	1.19441291651174E-9
0.0156418554476807	1.25631519698074E-9
0.0159115426105718	1.29987698476733E-9
0.0161812297734628	1.3227670874305E-9
0.0164509169363538	1.32049017466774E-9
0.0167206040992449	1.289181865843E-9
0.0169902912621359	1.23061842670849E-9
0.017259978425027	1.14107452119499E-9
0.017529665587918	1.01586343392318E-9
0.0177993527508091	8.65394961243818E-10
0.0180690399137001	6.98823735605792E-10
0.0183387270765912	5.20876055189613E-10
0.0186084142394822	3.39584704681662E-10
0.0188781014023732	1.63651271457867E-10
0.0191477885652643	1.81464914026509E-13
0.0194174757281553	-1.34436597395984E-10
0.0196871628910464	-2.3986007409059E-10
0.0199568500539374	-3.20586412603114E-10
0.0202265372168285	-3.72930570059273E-10
0.0204962243797195	-3.92826064038244E-10
0.0207659115426106	-3.87589790351104E-10
0.0210355987055016	-3.65248630181081E-10
0.0213052858683926	-3.26969988930311E-10
0.0215749730312837	-2.70145652730252E-10
0.0218446601941747	-2.05094245800587E-10
0.0221143473570658	-1.39661908596894E-10
0.0223840345199569	-8.60943382303228E-11
0.0226537216828479	-4.40459103767302E-11
0.022923408845739	-4.73345624409285E-12
0.02319309600863	2.09059182594232E-11
0.0234627831715211	2.45515521316541E-11
0.0237324703344121	1.29696615924356E-11
0.0240021574973031	-8.1617494647227E-12
0.0242718446601942	-3.73230259625848E-11
0.0245415318230852	-7.28065067641964E-11
0.0248112189859763	-1.10894335671904E-10
0.0250809061488673	-1.54401248812579E-10
0.0253505933117584	-1.93663528392416E-10
0.0256202804746494	-2.23102337102779E-10
0.0258899676375405	-2.42280822444596E-10
0.0261596548004315	-2.37739486617641E-10
0.0264293419633225	-2.09277427636594E-10
0.0266990291262136	-1.58180938506363E-10
0.0269687162891046	-7.95329687476543E-11
0.0272384034519957	1.58750444273515E-11
0.0275080906148867	1.17244831809033E-10
0.0277777777777778	2.22734451042456E-10
0.0280474649406688	3.27558157923239E-10
0.0283171521035599	4.2772457922807E-10
0.0285868392664509	5.14919398869279E-10
0.0288565264293419	5.84292480974207E-10
0.029126213592233	6.33983702037304E-10
0.029395900755124	6.73171545033156E-10
0.0296655879180151	7.03250012634267E-10
0.0299352750809062	7.11084210208497E-10
0.0302049622437972	6.96139256865791E-10
0.0304746494066883	6.66574948249459E-10
0.0307443365695793	6.34916638246624E-10
0.0310140237324703	5.9415617217417E-10
0.0312837108953614	5.33751348044421E-10
0.0315533980582524	4.56381102010032E-10
0.0318230852211435	3.74118340203858E-10
0.0320927723840345	2.80940584490135E-10
0.0323624595469256	1.72465317605314E-10
0.0326321467098166	2.81794319440456E-11
0.0329018338727077	-1.26302733522969E-10
0.0331715210355987	-2.79567846539351E-10
0.0334412081984897	-4.47962302994633E-10
0.0337108953613808	-6.49745753767546E-10
0.0339805825242718	-8.68521140629125E-10
0.0342502696871629	-1.11240763486222E-9
0.0345199568500539	-1.35526727233748E-9
0.034789644012945	-1.60510609983528E-9
0.035059331175836	-1.83703629052758E-9
0.0353290183387271	-2.02777708404514E-9
0.0355987055016181	-2.15358665072818E-9
0.0358683926645092	-2.21177730722599E-9
0.0361380798274002	-2.20073027272616E-9
0.0364077669902912	-2.13174374516424E-9
0.0366774541531823	-2.0062674623863E-9
0.0369471413160734	-1.8404626654113E-9
0.0372168284789644	-1.64176184490334E-9
0.0374865156418555	-1.44046629964235E-9
0.0377562028047465	-1.25113573542903E-9
0.0380258899676376	-1.08524207232561E-9
0.0382955771305286	-9.41138638496234E-10
0.0385652642934196	-8.11785617966446E-10
0.0388349514563107	-7.27709341105786E-10
0.0391046386192017	-6.89550656115934E-10
0.0393743257820928	-6.70175384579314E-10
0.0396440129449838	-6.52454587875175E-10
0.0399137001078749	-6.24313739311425E-10
0.0401833872707659	-5.8744764589831E-10
0.040453074433657	-5.23177018076333E-10
0.040722761596548	-3.96792875676186E-10
0.040992448759439	-2.10715860566134E-10
0.0412621359223301	2.49926714855319E-11
0.0415318230852211	2.93020376771519E-10
0.0418015102481122	6.20070045463436E-10
0.0420711974110032	1.00882731122466E-9
0.0423408845738943	1.43965183034339E-9
0.0426105717367853	1.88629295618409E-9
0.0428802588996764	2.34835665755524E-9
0.0431499460625674	2.80999969302597E-9
0.0434196332254584	3.24779495645438E-9
0.0436893203883495	3.62239758889987E-9
0.0439590075512405	3.95044601322954E-9
0.0442286947141316	4.22793771758284E-9
0.0444983818770227	4.46030143326118E-9
0.0447680690399137	4.62703074924635E-9
0.0450377562028048	4.74245768714275E-9
0.0453074433656958	4.81789308168334E-9
0.0455771305285869	4.84507664745886E-9
0.0458468176914779	4.77361287075811E-9
0.0461165048543689	4.62918343472775E-9
0.04638619201726	4.35388911988705E-9
0.046655879180151	3.97417974675855E-9
0.0469255663430421	3.48253993452154E-9
0.0471952535059331	2.8706422042517E-9
0.0474649406688242	2.16336272677459E-9
0.0477346278317152	1.39294247802488E-9
0.0480043149946063	5.62521614210928E-10
0.0482740021574973	-2.25649426132772E-10
0.0485436893203883	-9.34833933496938E-10
0.0488133764832794	-1.87537774719219E-9
0.0490830636461704	-2.71344930350644E-9
0.0493527508090615	-3.35467569420405E-9
0.0496224379719525	-3.81356673068679E-9
0.0498921251348436	-4.15432558110034E-9
0.0501618122977346	-4.3936453118069E-9
0.0504314994606257	-4.5560300636891E-9
0.0507011866235167	-4.6535108542973E-9
0.0509708737864077	-4.7081366764502E-9
0.0512405609492988	-4.8179920276628E-9
0.0515102481121898	-4.97318247739378E-9
0.0517799352750809	-4.76089872993259E-9
0.052049622437972	-4.47436366074023E-9
0.052319309600863	-4.12000867689185E-9
0.0525889967637541	-3.68624971468464E-9
0.0528586839266451	-3.16605212369481E-9
0.0531283710895362	-2.55939241427042E-9
0.0533980582524272	-1.88785292328439E-9
0.0536677454153182	-1.164941764033E-9
0.0539374325782093	-4.34489281280915E-10
0.0542071197411003	2.70008535720351E-10
0.0544768069039914	8.99645880568956E-10
0.0547464940668824	1.43083392759412E-9
0.0550161812297735	1.83735951888405E-9
0.0552858683926645	2.10269029611264E-9
0.0555555555555556	2.20803442619529E-9
0.0558252427184466	2.12699109924529E-9
0.0560949298813376	1.97931296784847E-9
0.0563646170442287	1.74152433413732E-9
0.0566343042071197	1.41942394236885E-9
0.0569039913700108	1.05600877471312E-9
0.0571736785329018	6.87797342387552E-10
0.0574433656957929	3.56845248971035E-10
0.0577130528586839	2.3984268439596E-11
0.057982740021575	-2.90113230546725E-10
0.058252427184466	-5.50837139469989E-10
0.058522114347357	-7.33615692495793E-10
0.0587918015102481	-7.85000847256664E-10
0.0590614886731392	-8.26032348231479E-10
0.0593311758360302	-8.54332489315339E-10
0.0596008629989213	-8.85133699311263E-10
0.0598705501618123	-9.40627961245176E-10
0.0601402373247034	-1.05665189421793E-9
0.0604099244875944	-1.23364068389509E-9
0.0606796116504854	-1.43258529699665E-9
0.0609492988133765	-1.66330474572502E-9
0.0612189859762675	-1.92867580549939E-9
0.0614886731391586	-2.21396469591918E-9
0.0617583603020496	-2.49981630130931E-9
0.0620280474649407	-2.74477721199061E-9
0.0622977346278317	-2.93770095810752E-9
0.0625674217907228	-3.05500104018696E-9
0.0628371089536138	-3.09297249310648E-9
0.0631067961165049	-3.03393178527666E-9
0.0633764832793959	-2.87800604166647E-9
0.0636461704422869	-2.62686065621242E-9
0.063915857605178	-2.31255036845619E-9
0.064185544768069	-1.96743995162971E-9
0.0644552319309601	-1.62723805513359E-9
0.0647249190938511	-1.28026609429419E-9
0.0649946062567422	-9.6520322016093E-10
0.0652642934196332	-6.70649527075719E-10
0.0655339805825243	-4.21836590966769E-10
0.0658036677454153	-1.92086724631492E-10
0.0660733549083063	4.31986122636517E-11
0.0663430420711974	2.66512991519179E-10
0.0666127292340885	4.37660100823355E-10
0.0668824163969795	5.87577139843256E-10
0.0671521035598706	7.2267874085205E-10
0.0674217907227616	8.52211609910358E-10
0.0676914778856527	9.56598764385924E-10
0.0679611650485437	1.03085453600928E-9
0.0682308522114347	1.09147232531523E-9
0.0685005393743258	1.1496758096003E-9
0.0687702265372168	1.18453854923604E-9
0.0690399137001079	1.18173774456434E-9
0.0693096008629989	1.14118370521295E-9
0.06957928802589	1.08433282836276E-9
0.069848975188781	1.00833949795054E-9
0.0701186623516721	8.9669763660068E-10
0.0703883495145631	7.51693295026212E-10
0.0706580366774541	5.80998639891271E-10
0.0709277238403452	3.98773240703558E-10
0.0711974110032362	2.11898129818384E-10
0.0714670981661273	2.89659179565161E-11
0.0717367853290183	-1.4652235190036E-10
0.0720064724919094	-2.94267237426101E-10
0.0722761596548004	-3.93178118486723E-10
0.0725458468176915	-4.51125102404167E-10
0.0728155339805825	-4.64402387183194E-10
0.0730852211434735	-4.32027900673323E-10
0.0733549083063646	-3.78915100325816E-10
0.0736245954692556	-3.05272057591081E-10
0.0738942826321467	-2.21587504831676E-10
0.0741639697950378	-1.47049997010087E-10
0.0744336569579288	-7.62064458275099E-11
0.0747033441208199	-1.68492738584397E-11
0.0749730312837109	2.7075387426623E-11
0.075242718446602	5.18370423002545E-11
0.075512405609493	4.46493381032576E-11
0.075782092772384	-1.02277526227047E-11
0.0760517799352751	-9.6302470079293E-11
0.0763214670981661	-1.90507815214366E-10
0.0765911542610572	-3.1282503466641E-10
0.0768608414239482	-4.65097468350228E-10
0.0771305285868393	-6.20354469075406E-10
0.0774002157497303	-7.60481518538468E-10
0.0776699029126214	-8.60594763158798E-10
0.0779395900755124	-9.25348849211271E-10
0.0782092772384034	-9.4970156077374E-10
0.0784789644012945	-9.13148945245666E-10
0.0787486515641855	-7.94945591603303E-10
0.0790183387270766	-6.0186083364103E-10
0.0792880258899676	-3.40052137257392E-10
0.0795577130528587	5.23533922983285E-12
0.0798274002157497	4.36912584174748E-10
0.0800970873786408	9.15161088637422E-10
0.0803667745415318	1.42293913691406E-9
0.0806364617044228	1.93773240246384E-9
0.0809061488673139	2.43745246845769E-9
0.081175836030205	2.9071982735563E-9
0.081445523193096	3.31982580154532E-9
0.0817152103559871	3.64174512719414E-9
0.0819848975188781	3.88231334302758E-9
0.0822545846817692	4.04858176912203E-9
0.0825242718446602	4.13093828009486E-9
0.0827939590075513	4.13690980403576E-9
0.0830636461704423	4.07660510900559E-9
0.0833333333333333	3.95374731077581E-9
0.0836030204962244	3.79027290337815E-9
0.0838727076591154	3.60679260890411E-9
0.0841423948220065	3.40011768096478E-9
0.0844120819848975	3.18536779802656E-9
0.0846817691477886	3.00358254584255E-9
0.0849514563106796	2.85634929242616E-9
0.0852211434735707	2.7481099008995E-9
0.0854908306364617	2.69638752900269E-9
0.0857605177993527	2.67998834215433E-9
0.0860302049622438	2.71687507176132E-9
0.0862998921251348	2.80825261392406E-9
0.0865695792880259	2.91850044558803E-9
0.0868392664509169	3.02443226558754E-9
0.087108953613808	3.12714259498142E-9
0.087378640776699	3.22807959179681E-9
0.0876483279395901	3.29387078332524E-9
0.0879180151024811	3.31541115310784E-9
0.0881877022653721	3.28477862596806E-9
0.0884573894282632	3.18950310836212E-9
0.0887270765911543	3.05664258293025E-9
0.0889967637540453	2.8986418076528E-9
0.0892664509169364	2.70080888443766E-9
0.0895361380798274	2.5187772639465E-9
0.0898058252427185	2.36588859449841E-9
0.0900755124056095	2.23121123648261E-9
0.0903451995685006	2.13136325313118E-9
0.0906148867313916	2.06314414288142E-9
0.0908845738942826	2.01803983004133E-9
0.0911542610571737	1.9899031227904E-9
0.0914239482200647	1.96237414944076E-9
0.0916936353829558	1.91060535511494E-9
0.0919633225458468	1.83172283990415E-9
0.0922330097087379	1.71028825351777E-9
0.0925026968716289	1.54227791348963E-9
0.09277238403452	1.32814865972678E-9
0.093042071197411	1.08540736049896E-9
0.093311758360302	8.099461557291E-10
0.0935814455231931	5.08542231434594E-10
0.0938511326860841	1.87435041847887E-10
0.0941208198489752	-1.25635791406743E-10
0.0943905070118662	-4.17051351519868E-10
0.0946601941747573	-6.72725126374971E-10
0.0949298813376483	-9.08094597258237E-10
0.0951995685005394	-1.09730668047043E-9
0.0954692556634304	-1.24170593115027E-9
0.0957389428263214	-1.32669641879478E-9
0.0960086299892125	-1.36155321774178E-9
0.0962783171521036	-1.34868661634782E-9
0.0965480043149946	-1.30501632894179E-9
0.0968176914778857	-1.23128854425843E-9
0.0970873786407767	-1.1694862070288E-9
0.0973570658036678	-1.12718665460086E-9
0.0976267529665588	-1.11120607445594E-9
0.0978964401294498	-1.12976984424231E-9
0.0981661272923409	-1.1981806121479E-9
0.0984358144552319	-1.31953293152943E-9
0.098705501618123	-1.50653929960481E-9
0.098975188781014	-1.74795048238523E-9
0.0992448759439051	-2.03350801900939E-9
0.0995145631067961	-2.35640019917419E-9
0.0997842502696872	-2.71127311476045E-9
0.100053937432578	-3.07987638048199E-9
0.100323624595469	-3.44743065134135E-9
0.10059331175836	-3.79361876029022E-9
0.100862998921251	-4.10752981679148E-9
0.101132686084142	-4.37503407183135E-9
0.101402373247033	-4.59327308017602E-9
0.101672060409924	-4.75164579618019E-9
0.101941747572816	-4.85361193665617E-9
0.102211434735707	-4.91992433810841E-9
0.102481121898598	-4.96263442304583E-9
0.102750809061489	-4.98040278704754E-9
0.10302049622438	-4.9730451785615E-9
0.103290183387271	-4.94861556873643E-9
0.103559870550162	-4.92151400795208E-9
0.103829557713053	-4.8900636405969E-9
0.104099244875944	-4.85428373702053E-9
0.104368932038835	-4.80987583194031E-9
0.104638619201726	-4.76548470559063E-9
0.104908306364617	-4.72927879483129E-9
0.105177993527508	-4.68513594690116E-9
0.105447680690399	-4.6014932599844E-9
0.10571736785329	-4.49849668951162E-9
0.105987055016181	-3.98696791442818E-9
0.106256742179072	-3.48080816945782E-9
0.106526429341963	-2.98954531617391E-9
0.106796116504854	-2.5158823328858E-9
0.107065803667745	-2.05846658787293E-9
0.107335490830636	-1.64520072054124E-9
0.107605177993528	-1.28003024566881E-9
0.107874865156419	-9.6217960412242E-10
0.10814455231931	-6.93032152124106E-10
0.108414239482201	-4.7179961181203E-10
0.108683926645092	-2.83874431948306E-10
0.108953613807983	-4.9211809029566E-10
0.109223300970874	-7.26755843923472E-10
0.109492988133765	-9.63978918931672E-10
0.109762675296656	-1.19025372528193E-9
0.110032362459547	-1.39900598432468E-9
0.110302049622438	-1.58658158389496E-9
0.110571736785329	-1.74357578429435E-9
0.11084142394822	-1.86485567499617E-9
0.111111111111111	-1.94841912432166E-9
0.111380798274002	-1.99832506752929E-9
0.111650485436893	-2.01865330185E-9
0.111920172599784	-2.00906490785177E-9
0.112189859762675	-1.97227890301084E-9
0.112459546925566	-1.9223868774086E-9
0.112729234088457	-1.87196958416036E-9
0.112998921251348	-1.82481731461537E-9
0.113268608414239	-1.78964621373453E-9
0.113538295577131	-1.77456572943276E-9
0.113807982740022	-1.78095967825896E-9
0.114077669902913	-1.8093487404982E-9
0.114347357065804	-1.85903689537648E-9
0.114617044228695	-1.926713360292E-9
0.114886731391586	-2.0064374465764E-9
0.115156418554477	-2.08343215813933E-9
0.115426105717368	-2.14624035132758E-9
0.115695792880259	-2.19035346519879E-9
0.11596548004315	-2.21394684532702E-9
0.116235167206041	-2.21301939572404E-9
0.116504854368932	-2.18126289565956E-9
0.116774541531823	-2.124612942929E-9
0.117044228694714	-2.05802238254183E-9
0.117313915857605	-1.98862898168981E-9
0.117583603020496	-1.91405124512123E-9
0.117853290183387	-1.83658715443507E-9
0.118122977346278	-1.76423501906977E-9
0.118392664509169	-1.70576272922663E-9
0.11866235167206	-1.65896448023213E-9
0.118932038834951	-1.61862245111157E-9
0.119201725997843	-1.58276553951971E-9
0.119471413160734	-1.56144742827631E-9
0.119741100323625	-1.55390563516659E-9
0.120010787486516	-1.54957767712254E-9
0.120280474649407	-1.36012119669162E-9
0.120550161812298	-1.17985449377302E-9
0.120819848975189	-1.00316004021322E-9
0.12108953613808	-8.24303293637724E-10
0.121359223300971	-6.38883893237973E-10
0.121628910463862	-4.52602789282751E-10
0.121898597626753	-2.69498561560832E-10
0.122168284789644	-9.05985801162366E-11
0.122437971952535	8.99657361288197E-11
0.122707659115426	2.71877782266823E-10
0.122977346278317	4.53762402427428E-10
0.123247033441208	5.00083417537292E-10
0.123516720604099	5.54210083731286E-10
0.12378640776699	6.10706754198102E-10
0.124056094929881	6.65432972025213E-10
0.124325782092772	7.15663380771635E-10
0.124595469255663	7.60611818676252E-10
0.124865156418555	7.90513722704367E-10
0.125134843581446	8.03032239391132E-10
0.125404530744337	7.96886873293736E-10
0.125674217907228	7.76992817563018E-10
0.125943905070119	7.45376177940259E-10
0.12621359223301	7.04349790629647E-10
0.126483279395901	6.5618606062087E-10
0.126752966558792	6.05055672474456E-10
0.127022653721683	5.54015863323146E-10
0.127292340884574	5.05681986159662E-10
0.127562028047465	4.5952667014414E-10
0.127831715210356	4.16597647105646E-10
0.128101402373247	3.78517798900116E-10
0.128371089536138	3.44965396607367E-10
0.128640776699029	3.144831514317E-10
0.12891046386192	2.86307523425111E-10
0.129180151024811	2.58889234469668E-10
0.129449838187702	2.3057926924807E-10
0.129719525350593	2.00204086614754E-10
0.129989212513484	1.65822738116778E-10
0.130258899676375	1.26272475205322E-10
0.130528586839266	8.2408987220374E-11
0.130798274002157	3.52679629516475E-11
0.131067961165049	-1.41444200170322E-11
0.13133764832794	-6.44110071292848E-11
0.131607335490831	-1.13837657999819E-10
0.131877022653722	-1.60601117143765E-10
0.132146709816613	-2.02904614889161E-10
0.132416396979504	-2.38906059055872E-10
0.132686084142395	-2.67798901411069E-10
0.132955771305286	-2.8895333200239E-10
0.133225458468177	-3.04071990181515E-10
0.133495145631068	-3.14824488794259E-10
0.133764832793959	-3.23291054045024E-10
0.13403451995685	-3.33308329962296E-10
0.134304207119741	-3.47601628030983E-10
0.134573894282632	-3.66947468233365E-10
0.134843581445523	-3.90203469937642E-10
0.135113268608414	-4.1643639274925E-10
0.135382955771305	-4.46716305904866E-10
0.135652642934196	-4.80433536359257E-10
0.135922330097087	-5.15294585208133E-10
0.136192017259978	-5.46468977627045E-10
0.136461704422869	-5.73793970936131E-10
0.136731391585761	-5.97042239457735E-10
0.137001078748652	-6.14559253642117E-10
0.137270765911543	-6.19548775761788E-10
0.137540453074434	-6.067323774246E-10
0.137810140237325	-5.81154739622086E-10
0.138079827400216	-5.4712578829043E-10
0.138349514563107	-5.00768191633101E-10
0.138619201725998	-4.45049064133896E-10
0.138888888888889	-4.12092794218494E-10
0.13915857605178	-3.74280394871194E-10
0.139428263214671	-3.27144106899463E-10
0.139697950377562	-2.75183219989759E-10
0.139967637540453	-2.16065330490258E-10
0.140237324703344	-1.58634812877293E-10
0.140507011866235	-1.21717481763674E-10
0.140776699029126	-9.93352763987317E-11
0.141046386192017	-9.32422695291669E-11
0.141316073354908	-1.09677747301651E-10
0.141585760517799	-1.40883601113962E-10
0.14185544768069	-1.51471237763722E-10
0.142125134843581	-1.83020984455189E-10
0.142394822006472	-2.39165804290857E-10
0.142664509169364	-3.10203399477371E-10
0.142934196332255	-4.02711921686852E-10
0.143203883495146	-5.04448238570311E-10
0.143473570658037	-5.97056495943849E-10
0.143743257820928	-6.7243096663233E-10
0.144012944983819	-7.25302888429871E-10
0.14428263214671	-7.44416922001781E-10
0.144552319309601	-7.24226026045831E-10
0.144822006472492	-6.46285122149244E-10
0.145091693635383	-5.13806905486626E-10
0.145361380798274	-3.29699914662639E-10
0.145631067961165	-1.00953899848521E-10
0.145900755124056	1.65687808309212E-10
0.146170442286947	4.52954387125738E-10
0.146440129449838	7.48230093039946E-10
0.146709816612729	1.03372134955156E-9
0.14697950377562	1.30278184819832E-9
0.147249190938511	1.54495999851906E-9
0.147518878101402	1.75835053198786E-9
0.147788565264293	1.94407677485949E-9
0.148058252427184	2.10547284689723E-9
0.148327939590076	2.23810806059236E-9
0.148597626752967	2.20602048175494E-9
0.148867313915858	2.19282259864178E-9
0.149137001078749	2.20426335933873E-9
0.14940668824164	2.1944112877421E-9
0.149676375404531	2.15143604315903E-9
0.149946062567422	2.06776926811635E-9
0.150215749730313	1.92912243441858E-9
0.150485436893204	1.72439700670857E-9
0.150755124056095	1.41710026418146E-9
0.151024811218986	9.94938060326143E-10
0.151294498381877	5.03742687914044E-10
0.151564185544768	1.23485604263174E-10
0.151833872707659	-3.12587844410561E-10
0.15210355987055	-7.85890190239087E-10
0.152373247033441	-1.23908440766053E-9
0.152642934196332	-1.66894671803422E-9
0.152912621359223	-2.05495465727619E-9
0.153182308522114	-2.37984720227598E-9
0.153451995685005	-2.64562830504892E-9
0.153721682847896	-2.85405231404638E-9
0.153991370010788	-2.98585459870318E-9
0.154261057173679	-3.07429468656588E-9
0.15453074433657	-3.10089042321546E-9
0.154800431499461	-3.09584859122115E-9
0.155070118662352	-3.06330102826192E-9
0.155339805825243	-2.99452576688292E-9
0.155609492988134	-2.87829899319805E-9
0.155879180151025	-2.72687509643296E-9
0.156148867313916	-2.53510925374049E-9
0.156418554476807	-2.30431367614142E-9
0.156688241639698	-2.02108215673799E-9
0.156957928802589	-1.75689745133383E-9
0.15722761596548	-1.45984579218554E-9
0.157497303128371	-1.17403958904513E-9
0.157766990291262	-9.04091743746296E-10
0.158036677454153	-6.57552471103058E-10
0.158306364617044	-4.65670320848679E-10
0.158576051779935	-4.41272798603909E-10
0.158845738942826	-5.04927052132577E-10
0.159115426105717	-6.3173899736096E-10
0.159385113268608	-7.95281798215346E-10
0.159654800431499	-9.96018963462522E-10
0.15992448759439	-1.17307577130032E-9
0.160194174757282	-1.40102788069998E-9
0.160463861920173	-1.66372409112654E-9
0.160733549083064	-1.93928043647784E-9
0.161003236245955	-2.24332422918616E-9
0.161272923408846	-2.56188195743288E-9
0.161542610571737	-2.74690412318447E-9
0.161812297734628	-2.86619049626508E-9
0.162081984897519	-2.93468238063554E-9
0.16235167206041	-2.97888066968158E-9
0.162621359223301	-3.00350023627985E-9
0.162891046386192	-3.0062137831631E-9
0.163160733549083	-2.98379483101891E-9
0.163430420711974	-2.96321881183532E-9
0.163700107874865	-2.96133121990087E-9
0.163969795037756	-2.98723006722311E-9
0.164239482200647	-3.03895789867685E-9
0.164509169363538	-3.13173235174467E-9
0.164778856526429	-3.28844023775361E-9
0.16504854368932	-3.52025767505249E-9
0.165318230852211	-3.81930628306828E-9
0.165587918015102	-4.15784822151894E-9
0.165857605177994	-4.51902656702015E-9
0.166127292340885	-4.88190232896425E-9
0.166396979503776	-5.20817995364356E-9
0.166666666666667	-5.48589089227344E-9
0.166936353829558	-5.69528351392041E-9
0.167206040992449	-5.83603895488866E-9
0.16747572815534	-5.90634974362368E-9
0.167745415318231	-5.90590974265431E-9
0.168015102481122	-5.85123029962716E-9
0.168284789644013	-5.73721898312375E-9
0.168554476806904	-5.58319582916713E-9
0.168824163969795	-5.38609046583245E-9
0.169093851132686	-5.14955508305643E-9
0.169363538295577	-4.91739171662984E-9
0.169633225458468	-4.72193651777966E-9
0.169902912621359	-4.56712500824849E-9
0.17017259978425	-4.46215294021963E-9
0.170442286947141	-4.41155138381834E-9
0.170711974110032	-4.40933960543937E-9
0.170981661272923	-4.45914980701399E-9
0.171251348435814	-4.55247821390719E-9
0.171521035598706	-4.66540616817059E-9
0.171790722761597	-4.78522836551701E-9
0.172060409924488	-4.91511462139689E-9
0.172330097087379	-5.03343666450771E-9
0.17259978425027	-5.11990760314607E-9
0.172869471413161	-5.15052319079461E-9
0.173139158576052	-5.11819468202428E-9
0.173408845738943	-5.01671686183647E-9
0.173678532901834	-4.84253620440126E-9
0.173948220064725	-4.57582166645492E-9
0.174217907227616	-4.23414839838086E-9
0.174487594390507	-3.83803793921784E-9
0.174757281553398	-3.44346161953126E-9
0.175026968716289	-3.05388726428792E-9
0.17529665587918	-2.68172845467548E-9
0.175566343042071	-2.34450241097241E-9
0.175836030204962	-2.0635442136496E-9
0.176105717367853	-1.81079682729626E-9
0.176375404530744	-1.5878384674931E-9
0.176645091693635	-1.3710659326803E-9
0.176914778856526	-1.16223005101691E-9
0.177184466019417	-9.69787003880695E-10
0.177454153182309	-7.89695000657737E-10
0.1777238403452	-5.87878222648251E-10
0.177993527508091	-3.66734919538255E-10
0.178263214670982	-1.17331257715379E-10
0.178532901833873	1.71037407982271E-10
0.178802588996764	5.01367849713041E-10
0.179072276159655	8.81083774002975E-10
0.179341963322546	1.31917839925123E-9
0.179611650485437	1.77419293697189E-9
0.179881337648328	2.22148888158703E-9
0.180151024811219	2.64819692454435E-9
0.18042071197411	3.04632310705538E-9
0.180690399137001	3.39622114382384E-9
0.180960086299892	3.68555349836733E-9
0.181229773462783	3.90755549863812E-9
0.181499460625674	4.06742280328019E-9
0.181769147788565	4.17073662127899E-9
0.182038834951456	4.21417600396569E-9
0.182308522114347	4.20075177388812E-9
0.182578209277238	4.15828620539568E-9
0.182847896440129	4.11305834863565E-9
0.183117583603021	4.07341249361924E-9
0.183387270765912	4.05940564919495E-9
0.183656957928803	4.09100528307237E-9
0.183926645091694	4.17372989637055E-9
0.184196332254585	4.31139492260395E-9
0.184466019417476	4.50510870572539E-9
0.184735706580367	4.749591511549E-9
0.185005393743258	5.03257959745329E-9
0.185275080906149	5.31836695429351E-9
0.18554476806904	5.33192433106662E-9
0.185814455231931	5.29352123972484E-9
0.186084142394822	5.21872154740209E-9
0.186353829557713	5.06075749164181E-9
0.186623516720604	4.84366748772723E-9
0.186893203883495	4.5572535556407E-9
0.187162891046386	4.2154846641565E-9
0.187432578209277	3.83257715447789E-9
0.187702265372168	3.39270066961506E-9
0.187971952535059	2.86441579478382E-9
0.18824163969795	2.29335764133874E-9
0.188511326860841	1.95201238108465E-9
0.188781014023732	1.61522252172807E-9
0.189050701186624	1.27139766927872E-9
0.189320388349515	9.58957930681627E-10
0.189590075512406	6.66616084952284E-10
0.189859762675297	4.1949187410215E-10
0.190129449838188	1.91106551756804E-10
0.190399137001079	-4.29978502585747E-11
0.19066882416397	-2.65395694430614E-10
0.190938511326861	-4.36024430279477E-10
0.191208198489752	-5.85648440793875E-10
0.191477885652643	-7.20635222954899E-10
0.191747572815534	-8.50189327786942E-10
0.192017259978425	-9.54763752165936E-10
0.192286947141316	-1.02934586276234E-9
0.192556634304207	-1.09037136821457E-9
0.192826321467098	-1.14903918203722E-9
0.193096008629989	-1.18442170304199E-9
0.19336569579288	-1.18215922095986E-9
0.193635382955771	-1.14211057253348E-9
0.193905070118662	-1.08570778190171E-9
0.194174757281553	-1.01007803499566E-9
0.194444444444444	-8.9865302963328E-10
0.194714131607335	-7.53675934940641E-10
0.194983818770227	-5.82796780349113E-10
0.195253505933118	-4.00189981106276E-10
0.195523193096009	-2.12748075927368E-10
0.1957928802589	-2.90953966485242E-11
0.196062567421791	1.47244644809638E-10
0.196332254584682	2.95853269114199E-10
0.196601941747573	3.95478467194498E-10
0.196871628910464	4.53972728974382E-10
0.197141316073355	4.67548565376685E-10
0.197411003236246	4.35154879488848E-10
0.197680690399137	3.81833506182339E-10
0.197950377562028	3.07765217771574E-10
0.198220064724919	2.23500463552026E-10
0.19848975188781	1.4838814209671E-10
0.198759439050701	7.69355843762963E-11
0.199029126213592	1.70183905748011E-11
0.199298813376483	-2.73598756481117E-11
0.199568500539374	-5.24061443342337E-11
0.199838187702265	-4.51606317169551E-11
0.200107874865156	1.03497209158704E-11
0.200377562028047	9.74966655921461E-11
0.200647249190939	1.92960998336694E-10
0.20091693635383	3.17002844164323E-10
0.201186623516721	4.71531902849427E-10
0.201456310679612	6.29235218764279E-10
0.201725997842503	7.71735264321246E-10
0.201995685005394	8.73746701163494E-10
0.202265372168285	9.39939980839313E-10
0.202535059331176	9.65139756479809E-10
0.202804746494067	9.28439809830154E-10
0.203074433656958	8.08647588108096E-10
0.203344120819849	6.12531507155213E-10
0.20361380798274	3.46249411173246E-10
0.203883495145631	-5.33335256116668E-12
0.204153182308522	-4.45310280110746E-10
0.204422869471413	-9.33209622133921E-10
0.204692556634304	-1.45171811933183E-9
0.204962243797195	-1.97790271294691E-9
0.205231930960086	-2.48922008531616E-9
0.205501618122977	-2.970425736331E-9
0.205771305285868	-3.3937290274106E-9
0.206040992448759	-3.72469035830688E-9
0.206310679611651	-3.97274725789581E-9
0.206580366774542	-4.14499473879663E-9
0.206850053937433	-4.23147236743818E-9
0.207119741100324	-4.23976352541112E-9
0.207389428263215	-4.18011353782262E-9
0.207659115426106	-4.05623674164674E-9
0.207928802588997	-3.89054950331148E-9
0.208198489751888	-3.70415262516641E-9
0.208468176914779	-3.49373591170029E-9
0.20873786407767	-3.27480428794106E-9
0.209007551240561	-3.08955708005448E-9
0.209277238403452	-2.93968048798873E-9
0.209546925566343	-2.82980418646598E-9
0.209816612729234	-2.77804586527803E-9
0.210086299892125	-2.76265207746029E-9
0.210355987055016	-2.80220918965437E-9
0.210625674217907	-2.8980514499947E-9
0.210895361380798	-3.01349305378783E-9
0.211165048543689	-3.1246135772536E-9
0.21143473570658	-3.23253850854861E-9
0.211704422869471	-3.33876159438238E-9
0.211974110032362	-3.40874494776627E-9
0.212243797195253	-3.43299979263901E-9
0.212513484358145	-3.4032403505723E-9
0.212783171521036	-3.30644586726902E-9
0.213052858683927	-3.1705652642034E-9
0.213322545846818	-3.00844490527054E-9
0.213592233009709	-2.80477934695482E-9
0.2138619201726	-2.61730211422468E-9
0.214131607335491	-2.45991204402062E-9
0.214401294498382	-2.32128877545128E-9
0.214670981661273	-2.21876443747623E-9
0.214940668824164	-2.14907031825537E-9
0.215210355987055	-2.10339221437997E-9
0.215480043149946	-2.07536327543435E-9
0.215749730312837	-2.04794324397735E-9
0.216019417475728	-1.99518557931109E-9
0.216289104638619	-1.91403828747655E-9
0.21655879180151	-1.78830310957488E-9
0.216828478964401	-1.61368171520411E-9
0.217098166127292	-1.39055402547853E-9
0.217367853290183	-1.13716231578056E-9
0.217637540453074	-8.49135512276433E-10
0.217907227615965	-5.33508989829995E-10
0.218176914778857	-1.96771471807203E-10
0.218446601941748	1.3198488210405E-10
0.218716289104639	4.38432465388428E-10
0.21898597626753	7.07711342869991E-10
0.219255663430421	9.56000185396105E-10
0.219525350593312	1.15602280453126E-9
0.219795037756203	1.30909697436456E-9
0.220064724919094	1.39972453573578E-9
0.220334412081985	1.43756319141811E-9
0.220604099244876	1.42504345534327E-9
0.220873786407767	1.37994335482161E-9
0.221143473570658	1.30297778104237E-9
0.221413160733549	1.23853369518258E-9
0.22168284789644	1.19466983451299E-9
0.221952535059331	1.1786636364836E-9
0.222222222222222	1.1993127614351E-9
0.222491909385113	1.27296376987559E-9
0.222761596548004	1.40303806058146E-9
0.223031283710895	1.60320640916958E-9
0.223300970873786	1.86166811273312E-9
0.223570658036677	2.16764271917744E-9
0.223840345199569	2.51399364757899E-9
0.22411003236246	2.89511929535629E-9
0.224379719525351	3.29161805877911E-9
0.224649406688242	3.68773460392957E-9
0.224919093851133	4.06172879039895E-9
0.225188781014024	4.40186142272792E-9
0.225458468176915	4.69289585660109E-9
0.225728155339806	4.93163763489153E-9
0.225997842502697	5.10655601647318E-9
0.226267529665588	5.22119762982203E-9
0.226537216828479	5.29773956661609E-9
0.22680690399137	5.34906396661716E-9
0.227076591154261	5.37365409208031E-9
0.227346278317152	5.37123265368921E-9
0.227615965480043	5.35042615877755E-9
0.227885652642934	5.32676400711986E-9
0.228155339805825	5.29842138920204E-9
0.228425026968716	5.26540506186593E-9
0.228694714131607	5.22303277623852E-9
0.228964401294498	5.18067160895943E-9
0.229234088457389	5.14721225742956E-9
0.22950377562028	5.10511889393236E-9
0.229773462783172	5.01992859422278E-9
0.230043149946063	4.91349015791345E-9
0.230312837108954	4.79071895672756E-9
0.230582524271845	4.64971729747194E-9
0.230852211434736	4.48424225415397E-9
0.231121898597627	4.30167082097727E-9
0.231391585760518	4.12557049351802E-9
0.231661272923409	3.98267197788822E-9
0.2319309600863	3.84652568904263E-9
0.232200647249191	3.70749478616923E-9
0.232470334412082	3.5759646769217E-9
0.232740021574973	3.46032133283949E-9
0.233009708737864	3.35660946779791E-9
0.233279395900755	3.25652471148051E-9
0.233549083063646	3.1673585198498E-9
0.233818770226537	3.10893571581313E-9
0.234088457389428	3.07991877530518E-9
0.234358144552319	3.05908352708113E-9
0.23462783171521	3.04919198580507E-9
0.234897518878101	3.05826952650074E-9
0.235167206040992	2.94660292387935E-9
0.235436893203884	2.83144915806157E-9
0.235706580366775	2.70738145206647E-9
0.235976267529666	2.55417282706459E-9
0.236245954692557	2.36859019305827E-9
0.236515641855448	2.15814737731585E-9
0.236785329018339	1.91261661318878E-9
0.23705501618123	1.63374423279765E-9
0.237324703344121	1.35100192666168E-9
0.237594390507012	1.06862661752804E-9
0.237864077669903	8.07394779745131E-10
0.238133764832794	6.87650500601941E-10
0.238403451995685	5.85467514963107E-10
0.238673139158576	4.95729137181014E-10
0.238942826321467	4.361723209175E-10
0.239212513484358	4.05605462575143E-10
0.239482200647249	3.86813046725083E-10
0.23975188781014	3.69464365421719E-10
0.240021574973031	3.4678981414919E-10
0.240291262135922	3.20038447220973E-10
0.240560949298813	2.79496434680101E-10
0.240830636461704	2.0782977383532E-10
0.241100323624595	1.08187106680823E-10
0.241370010787486	-1.25759188992109E-11
0.241639697950378	-1.44472156135363E-10
0.241909385113269	-2.99497255730129E-10
0.24217907227616	-4.77240122863669E-10
0.242448759439051	-6.66873495593927E-10
0.242718446601942	-8.55370386047079E-10
0.242988133764833	-1.04221321779746E-9
0.243257820927724	-1.2201957955701E-9
0.243527508090615	-1.379496214213E-9
0.243797195253506	-1.50455815867554E-9
0.244066882416397	-1.60400719411296E-9
0.244336569579288	-1.67762999304146E-9
0.244606256742179	-1.72899096063626E-9
0.24487594390507	-1.75161360031955E-9
0.245145631067961	-1.75261243544947E-9
0.245415318230852	-1.49124919170964E-9
0.245685005393743	-1.19721791953599E-9
0.245954692556634	-8.75562026115076E-10
0.246224379719525	-5.79360214788287E-10
0.246494066882416	-3.2330956345139E-10
0.246763754045307	-1.17350279369604E-10
0.247033441208198	4.16415384014232E-11
0.24730312837109	1.58492256429041E-10
0.247572815533981	2.29594122015767E-10
0.247842502696872	2.51237544365112E-10
0.248112189859763	2.55373581394041E-10
0.248381877022654	6.02102703193681E-11
0.248651564185545	-1.46504921472709E-10
0.248921251348436	-4.02545983761268E-10
0.249190938511327	-6.93332663966795E-10
0.249460625674218	-9.7224493792969E-10
0.249730312837109	-1.14455760114784E-9
0.25	-1.16101048412065E-9
