-0.25	3.446E-9
-0.249730312837109	3.31384394056825E-9
-0.249460625674218	3.18330664282113E-9
-0.249190938511327	3.05492769398684E-9
-0.248921251348436	2.92870709406539E-9
-0.248651564185545	2.80464484305677E-9
-0.248381877022654	2.68274094096098E-9
-0.248112189859763	2.56299538777803E-9
-0.247842502696872	2.44540818350791E-9
-0.247572815533981	2.32997932815063E-9
-0.24730312837109	2.21670882170618E-9
-0.247033441208198	2.10559666417456E-9
-0.246763754045307	1.99664285555579E-9
-0.246494066882416	1.88984739584984E-9
-0.246224379719525	1.78521028505672E-9
-0.245954692556634	1.68273152317644E-9
-0.245685005393743	1.582411110209E-9
-0.245415318230852	1.48424904615439E-9
-0.245145631067961	1.38824533101262E-9
-0.24487594390507	1.29439996478367E-9
-0.244606256742179	1.20271294746756E-9
-0.244336569579288	1.1131842790643E-9
-0.244066882416397	1.02581395957385E-9
-0.243797195253506	9.40601988996249E-10
-0.243527508090615	8.57548367331478E-10
-0.243257820927724	7.7665309457954E-10
-0.242988133764833	6.97916170740441E-10
-0.242718446601942	6.21337595814171E-10
-0.242448759439051	5.46917369800737E-10
-0.24217907227616	4.74655492700136E-10
-0.241909385113269	4.04551964512373E-10
-0.241639697950378	3.3660678523744E-10
-0.241370010787487	2.70819954875343E-10
-0.241100323624595	2.07191473426079E-10
-0.240830636461704	1.45721340889649E-10
-0.240560949298813	8.64095572660567E-11
-0.240291262135922	2.92561225552948E-11
-0.240021574973031	-2.57389632426318E-11
-0.23975188781014	-7.85757001277244E-11
-0.239482200647249	-1.29254088099984E-10
-0.239212513484358	-1.77774127159405E-10
-0.238942826321467	-2.24135817305996E-10
-0.238673139158576	-2.68339158539752E-10
-0.238403451995685	-3.10384150860674E-10
-0.238133764832794	-3.5027079426876E-10
-0.237864077669903	-3.87999088764014E-10
-0.237594390507012	-4.23569034346433E-10
-0.237324703344121	-4.56980631016018E-10
-0.23705501618123	-4.88233878772769E-10
-0.236785329018339	-5.17328777616685E-10
-0.236515641855448	-5.51095614530206E-10
-0.236245954692557	-5.9202240744199E-10
-0.235976267529666	-6.24125304565198E-10
-0.235706580366775	-6.37869095270966E-10
-0.235436893203884	-6.3907146415567E-10
-0.235167206040992	-6.340493356234E-10
-0.234897518878101	-6.28013834009647E-10
-0.23462783171521	-6.24711048709296E-10
-0.234358144552319	-6.24528519031014E-10
-0.234088457389428	-6.26035174127008E-10
-0.233818770226537	-6.28402939941211E-10
-0.233549083063646	-6.30697723519083E-10
-0.233279395900755	-6.30306879737132E-10
-0.233009708737864	-6.23584624673762E-10
-0.232740021574973	-6.08786844109298E-10
-0.232470334412082	-5.88156374710902E-10
-0.232200647249191	-5.65031623180893E-10
-0.2319309600863	-5.40904650820066E-10
-0.231661272923409	-5.16707295122845E-10
-0.231391585760518	-4.92124027614056E-10
-0.231121898597627	-4.65555636229285E-10
-0.230852211434736	-4.37008191826594E-10
-0.230582524271845	-4.07157160750912E-10
-0.230312837108954	-3.75348951360556E-10
-0.230043149946063	-3.39705958727895E-10
-0.229773462783172	-2.98106243584609E-10
-0.22950377562028	-2.51697681531776E-10
-0.229234088457389	-2.04571851871628E-10
-0.228964401294498	-1.58783453245356E-10
-0.228694714131607	-1.13674580539639E-10
-0.228425026968716	-6.83600221240882E-11
-0.228155339805825	-2.36410979996391E-11
-0.227885652642934	1.87648670672574E-11
-0.227615965480043	5.89800465754995E-11
-0.227346278317152	9.96328938412941E-11
-0.227076591154261	1.43401548802422E-10
-0.22680690399137	1.90193293791482E-10
-0.226537216828479	2.37771148355581E-10
-0.226267529665588	2.8431485264834E-10
-0.225997842502697	3.28908101109595E-10
-0.225728155339806	3.70052746386742E-10
-0.225458468176915	4.06499367649113E-10
-0.225188781014024	4.38933691458678E-10
-0.224919093851133	4.68328659512765E-10
-0.224649406688242	4.9547771191752E-10
-0.224379719525351	5.22245675500285E-10
-0.22411003236246	5.50112887146693E-10
-0.223840345199569	5.79879917234168E-10
-0.223570658036677	6.10997951558475E-10
-0.223300970873786	6.40951664514235E-10
-0.223031283710895	6.6906881564197E-10
-0.222761596548004	6.95910820355063E-10
-0.222491909385113	7.21853862229638E-10
-0.222222222222222	7.4925059719901E-10
-0.221952535059331	7.8022214475959E-10
-0.22168284789644	8.15175271005225E-10
-0.221413160733549	8.55110057647627E-10
-0.221143473570658	9.01409094530856E-10
-0.220873786407767	9.54808273372547E-10
-0.220604099244876	1.01411478143935E-9
-0.220334412081985	1.07584716123808E-9
-0.220064724919094	1.13784704022317E-9
-0.219795037756203	1.20045525008542E-9
-0.219525350593312	1.26466874190595E-9
-0.219255663430421	1.33068879598054E-9
-0.21898597626753	1.39697408459775E-9
-0.218716289104639	1.46192247433527E-9
-0.218446601941748	1.52566469117685E-9
-0.218176914778857	1.58907255286011E-9
-0.217907227615965	1.65189089457972E-9
-0.217637540453074	1.71163054964717E-9
-0.217367853290183	1.76489940649936E-9
-0.217098166127292	1.80985774937321E-9
-0.216828478964401	1.84634329696874E-9
-0.21655879180151	1.87537992666909E-9
-0.216289104638619	1.89871315089346E-9
-0.216019417475728	1.91793544384071E-9
-0.215749730312837	1.93446009695156E-9
-0.215480043149946	1.94933170979699E-9
-0.215210355987055	1.963723329843E-9
-0.214940668824164	1.97888499900021E-9
-0.214670981661273	1.99422765942305E-9
-0.214401294498382	2.0078255382721E-9
-0.214131607335491	2.01848446582213E-9
-0.2138619201726	2.02565339231041E-9
-0.213592233009709	2.03028775109095E-9
-0.213322545846818	2.03438983916287E-9
-0.213052858683927	2.03855915399279E-9
-0.212783171521036	2.04237178475191E-9
-0.212513484358145	2.0442442231618E-9
-0.212243797195253	2.04210722329434E-9
-0.211974110032362	2.03475162576856E-9
-0.211704422869471	2.01958109830067E-9
-0.21143473570658	1.99300750318031E-9
-0.211165048543689	1.9532567340684E-9
-0.210895361380798	1.90067815225393E-9
-0.210625674217907	1.83839165082311E-9
-0.210355987055016	1.76969133748539E-9
-0.210086299892125	1.69437890005963E-9
-0.209816612729234	1.6114512236216E-9
-0.209546925566343	1.5214766585049E-9
-0.209277238403452	1.42480273554998E-9
-0.209007551240561	1.31997704255204E-9
-0.20873786407767	1.20401396810381E-9
-0.208468176914779	1.0750784502717E-9
-0.208198489751888	9.34706814950881E-10
-0.207928802588997	7.85533575258223E-10
-0.207659115426106	6.2924516023808E-10
-0.207389428263215	4.67960305931189E-10
-0.207119741100324	3.04767048856387E-10
-0.206850053937433	1.42376094394456E-10
-0.206580366774542	-1.77398132822342E-11
-0.20631067961165	-1.74508763166304E-10
-0.206040992448759	-3.26188973107193E-10
-0.205771305285868	-4.71885871887851E-10
-0.205501618122977	-6.13213402404981E-10
-0.205231930960086	-7.5241933367335E-10
-0.204962243797195	-8.90428743300235E-10
-0.204692556634304	-1.02690364964281E-9
-0.204422869471413	-1.16115545309111E-9
-0.204153182308522	-1.29384358636998E-9
-0.203883495145631	-1.42600812722504E-9
-0.20361380798274	-1.55620773772637E-9
-0.203344120819849	-1.68205580077054E-9
-0.203074433656958	-1.80335376904893E-9
-0.202804746494067	-1.92181244997721E-9
-0.202535059331176	-2.03953241948921E-9
-0.202265372168285	-2.15763275121316E-9
-0.201995685005394	-2.27618007875416E-9
-0.201725997842503	-2.39584672030279E-9
-0.201456310679612	-2.51763801097506E-9
-0.201186623516721	-2.64106185615375E-9
-0.20091693635383	-2.764338256152E-9
-0.200647249190939	-2.88590408922318E-9
-0.200377562028047	-3.00454306742294E-9
-0.200107874865156	-3.11944586174072E-9
-0.199838187702265	-3.23012557592865E-9
-0.199568500539374	-3.33561634128333E-9
-0.199298813376483	-3.43536823932265E-9
-0.199029126213592	-3.52974214250763E-9
-0.198759439050701	-3.61863901033713E-9
-0.19848975188781	-3.70081055015665E-9
-0.198220064724919	-3.77538237755201E-9
-0.197950377562028	-3.84296226850712E-9
-0.197680690399137	-3.90478526994173E-9
-0.197411003236246	-3.96229700950113E-9
-0.197141316073355	-4.01698551820199E-9
-0.196871628910464	-4.06951271804237E-9
-0.196601941747573	-4.12034272544117E-9
-0.196332254584682	-4.16987675746427E-9
-0.196062567421791	-4.21754419502308E-9
-0.1957928802589	-4.26286239830506E-9
-0.195523193096009	-4.30435064356793E-9
-0.195253505933118	-4.33969792471352E-9
-0.194983818770227	-4.36885979474883E-9
-0.194714131607336	-4.39318920835184E-9
-0.194444444444444	-4.41389058632119E-9
-0.194174757281553	-4.43247335326247E-9
-0.193905070118662	-4.44993103969973E-9
-0.193635382955771	-4.46700876766078E-9
-0.19336569579288	-4.48415874672043E-9
-0.193096008629989	-4.49946455414494E-9
-0.192826321467098	-4.5103375073747E-9
-0.192556634304207	-4.51503436736847E-9
-0.192286947141316	-4.51258050664065E-9
-0.192017259978425	-4.50408716470985E-9
-0.191747572815534	-4.49112404891356E-9
-0.191477885652643	-4.47368056962801E-9
-0.191208198489752	-4.45223964924811E-9
-0.190938511326861	-4.42874186697522E-9
-0.19066882416397	-4.40419782381751E-9
-0.190399137001079	-4.37695847589486E-9
-0.190129449838188	-4.34351299856897E-9
-0.189859762675297	-4.30104221886527E-9
-0.189590075512406	-4.24838596037995E-9
-0.189320388349515	-4.18549412452695E-9
-0.189050701186624	-4.11282095292726E-9
-0.188781014023732	-4.03133810178293E-9
-0.188511326860841	-3.94266695301611E-9
-0.18824163969795	-3.84754009332383E-9
-0.187971952535059	-3.74563377457181E-9
-0.187702265372168	-3.63712654005467E-9
-0.187432578209277	-3.5223728095151E-9
-0.187162891046386	-3.40162348032685E-9
-0.186893203883495	-3.27549850568667E-9
-0.186623516720604	-3.14458008686808E-9
-0.186353829557713	-3.01035192590636E-9
-0.186084142394822	-2.87580418026626E-9
-0.185814455231931	-2.74419888825842E-9
-0.18554476806904	-2.61750450651976E-9
-0.185275080906149	-2.49499120741461E-9
-0.185005393743258	-2.37509810261383E-9
-0.184735706580367	-2.25740620581833E-9
-0.184466019417476	-2.14083719235339E-9
-0.184196332254585	-2.02346029698958E-9
-0.183926645091694	-1.90381911805519E-9
-0.183656957928803	-1.78135407701225E-9
-0.183387270765912	-1.65771437400408E-9
-0.183117583603021	-1.53512250605224E-9
-0.182847896440129	-1.413016044676E-9
-0.182578209277238	-1.28940587900555E-9
-0.182308522114347	-1.16331351282476E-9
-0.182038834951456	-1.03436169305395E-9
-0.181769147788565	-9.02053107197302E-10
-0.181499460625674	-7.64763596161739E-10
-0.181229773462783	-6.20245240276633E-10
-0.180960086299892	-4.68168106182155E-10
-0.180690399137001	-3.09257560541183E-10
-0.18042071197411	-1.44100749383854E-10
-0.180151024811219	2.57174562007821E-11
-0.179881337648328	1.97551118844721E-10
-0.179611650485437	3.68794076310362E-10
-0.179341963322546	5.3790119606021E-10
-0.179072276159655	7.03577768249459E-10
-0.178802588996764	8.63261415009285E-10
-0.178532901833873	1.01498153389108E-9
-0.178263214670982	1.16075955825176E-9
-0.177993527508091	1.30537575743382E-9
-0.1777238403452	1.45179098102462E-9
-0.177454153182309	1.59958583190972E-9
-0.177184466019417	1.74745210009575E-9
-0.176914778856526	1.8955181610805E-9
-0.176645091693635	2.0439654553939E-9
-0.176375404530744	2.19029521189917E-9
-0.176105717367853	2.33036000660145E-9
-0.175836030204962	2.46220371647827E-9
-0.175566343042071	2.58757892698718E-9
-0.17529665587918	2.70893281931209E-9
-0.175026968716289	2.82663555970604E-9
-0.174757281553398	2.94074963692298E-9
-0.174487594390507	3.05196805656978E-9
-0.174217907227616	3.15972263548597E-9
-0.173948220064725	3.26233064180764E-9
-0.173678532901834	3.35778198482212E-9
-0.173408845738943	3.44480611905212E-9
-0.173139158576052	3.52371215574666E-9
-0.172869471413161	3.59455258121833E-9
-0.17259978425027	3.65638548950965E-9
-0.172330097087379	3.70889178148035E-9
-0.172060409924488	3.75303185433666E-9
-0.171790722761597	3.7896651419562E-9
-0.171521035598706	3.81862606482082E-9
-0.171251348435814	3.83816102492994E-9
-0.170981661272923	3.84611788452609E-9
-0.170711974110032	3.8430718006444E-9
-0.170442286947141	3.83202243569286E-9
-0.17017259978425	3.81568401930802E-9
-0.169902912621359	3.7957835043087E-9
-0.169633225458468	3.77394384731436E-9
-0.169363538295577	3.75287519500253E-9
-0.169093851132686	3.73610391672543E-9
-0.168824163969795	3.72546171515479E-9
-0.168554476806904	3.72016020760743E-9
-0.168284789644013	3.7163593050196E-9
-0.168015102481122	3.70857424014029E-9
-0.167745415318231	3.69385326198277E-9
-0.16747572815534	3.67187746125585E-9
-0.167206040992449	3.64227720628861E-9
-0.166936353829558	3.60420907608811E-9
-0.166666666666667	3.55750355271629E-9
-0.166396979503776	3.5044808306509E-9
-0.166127292340885	3.4489360988952E-9
-0.165857605177994	3.39133461056287E-9
-0.165587918015102	3.31662598083849E-9
-0.165318230852211	3.2140719287811E-9
-0.16504854368932	3.10139600250692E-9
-0.164778856526429	2.99185773451896E-9
-0.164509169363538	2.8830203621322E-9
-0.164239482200647	2.77019405265563E-9
-0.163969795037756	2.64760892378036E-9
-0.163700107874865	2.52426993901635E-9
-0.163430420711974	2.41278195283229E-9
-0.163160733549083	2.30530103366271E-9
-0.162891046386192	2.19244790747096E-9
-0.162621359223301	2.07593149264161E-9
-0.16235167206041	1.9595687526817E-9
-0.162081984897519	1.84561860090001E-9
-0.161812297734628	1.73361933609732E-9
-0.161542610571737	1.62253427710792E-9
-0.161272923408846	1.51156412340954E-9
-0.161003236245955	1.39872542022952E-9
-0.160733549083064	1.27953408552857E-9
-0.160463861920173	1.14871813993158E-9
-0.160194174757282	1.00344734599466E-9
-0.159924487594391	8.43628935866764E-10
-0.159654800431499	6.71172036917156E-10
-0.159385113268608	4.89854773746417E-10
-0.159115426105717	3.03742317962984E-10
-0.158845738942826	1.16345557570435E-10
-0.158576051779935	-6.80563159698321E-11
-0.158306364617044	-2.44671920808471E-10
-0.158036677454153	-4.10477985154712E-10
-0.157766990291262	-5.64837497416618E-10
-0.157497303128371	-7.08259401299243E-10
-0.15722761596548	-8.40691597298933E-10
-0.156957928802589	-9.60783711570318E-10
-0.156688241639698	-1.06721317414667E-9
-0.156418554476807	-1.15959038548285E-9
-0.156148867313916	-1.23776876571554E-9
-0.155879180151025	-1.3023264069122E-9
-0.155609492988134	-1.35503462900716E-9
-0.155339805825243	-1.3987745946318E-9
-0.155070118662352	-1.4375210733738E-9
-0.154800431499461	-1.47481575125453E-9
-0.15453074433657	-1.51342824988051E-9
-0.154261057173679	-1.55559908206178E-9
-0.153991370010788	-1.6021169332418E-9
-0.153721682847896	-1.65346456656436E-9
-0.153451995685005	-1.70943806544871E-9
-0.153182308522114	-1.76662001319834E-9
-0.152912621359223	-1.82141314259866E-9
-0.152642934196332	-1.87289650551117E-9
-0.152373247033441	-1.92080447844147E-9
-0.15210355987055	-1.96413904093947E-9
-0.151833872707659	-2.00029443833503E-9
-0.151564185544768	-2.02608445191649E-9
-0.151294498381877	-2.04081672615702E-9
-0.151024811218986	-2.04565750115636E-9
-0.150755124056095	-2.04116660780538E-9
-0.150485436893204	-2.0267842152132E-9
-0.150215749730313	-2.00134408328011E-9
-0.149946062567422	-1.9655385675329E-9
-0.149676375404531	-1.92255388668326E-9
-0.14940668824164	-1.87499579540132E-9
-0.149137001078749	-1.82386231413717E-9
-0.148867313915858	-1.76941906638521E-9
-0.148597626752967	-1.71258700028394E-9
-0.148327939590076	-1.65696338304795E-9
-0.148058252427184	-1.60596563137375E-9
-0.147788565264293	-1.55979766184209E-9
-0.147518878101402	-1.51797671130917E-9
-0.147249190938511	-1.47971409433155E-9
-0.14697950377562	-1.44276929809919E-9
-0.146709816612729	-1.40437270100555E-9
-0.146440129449838	-1.36098261702926E-9
-0.146170442286947	-1.30862427658267E-9
-0.145900755124056	-1.24441651703436E-9
-0.145631067961165	-1.16658801845003E-9
-0.145361380798274	-1.07456068876221E-9
-0.145091693635383	-9.68481107834216E-10
-0.144822006472492	-8.48738875211194E-10
-0.144552319309601	-7.16656560859852E-10
-0.14428263214671	-5.73584538625597E-10
-0.144012944983819	-4.19574908012046E-10
-0.143743257820928	-2.54118725314165E-10
-0.143473570658037	-7.78530021238845E-11
-0.143203883495146	1.06198989768023E-10
-0.142934196332255	2.93245868512208E-10
-0.142664509169364	4.79008442647296E-10
-0.142394822006472	6.59975824169663E-10
-0.142125134843581	8.32082841470916E-10
-0.14185544768069	9.91551369950455E-10
-0.141585760517799	1.13647228223902E-9
-0.141316073354908	1.26693834618765E-9
-0.141046386192017	1.38577979924023E-9
-0.140776699029126	1.4982686207719E-9
-0.140507011866235	1.60888889282192E-9
-0.140237324703344	1.71962407016296E-9
-0.139967637540453	1.83127345331729E-9
-0.139697950377562	1.94487372345062E-9
-0.139428263214671	2.06088658176217E-9
-0.13915857605178	2.17705311494316E-9
-0.138888888888889	2.28955635948655E-9
-0.138619201725998	2.39668739700778E-9
-0.138349514563107	2.51237240853417E-9
-0.138079827400216	2.64834511448511E-9
-0.137810140237325	2.78656320069276E-9
-0.137540453074434	2.91131152935669E-9
-0.137270765911543	3.02380521202253E-9
-0.137001078748652	3.12786570465286E-9
-0.136731391585761	3.22913333923962E-9
-0.136461704422869	3.32074417460471E-9
-0.136192017259978	3.39133461056287E-9
-0.135922330097087	3.4489360988952E-9
-0.135652642934196	3.5044808306509E-9
-0.135382955771305	3.55750355271629E-9
-0.135113268608414	3.60420907608811E-9
-0.134843581445523	3.64227720628861E-9
-0.134573894282632	3.67187746125585E-9
-0.134304207119741	3.69385326198277E-9
-0.13403451995685	3.70857424014029E-9
-0.133764832793959	3.7163593050196E-9
-0.133495145631068	3.72016020760743E-9
-0.133225458468177	3.72546171515479E-9
-0.132955771305286	3.73610391672543E-9
-0.132686084142395	3.75287519500253E-9
-0.132416396979504	3.77394384731436E-9
-0.132146709816613	3.7957835043087E-9
-0.131877022653722	3.81568401930802E-9
-0.131607335490831	3.83202243569286E-9
-0.13133764832794	3.8430718006444E-9
-0.131067961165049	3.84611788452609E-9
-0.130798274002157	3.83816102492994E-9
-0.130528586839266	3.81862606482082E-9
-0.130258899676375	3.7896651419562E-9
-0.129989212513484	3.75303185433666E-9
-0.129719525350593	3.70889178148035E-9
-0.129449838187702	3.65638548950965E-9
-0.129180151024811	3.59455258121834E-9
-0.12891046386192	3.52371215574666E-9
-0.128640776699029	3.44480611905212E-9
-0.128371089536138	3.35778198482212E-9
-0.128101402373247	3.26233064180765E-9
-0.127831715210356	3.15972263548597E-9
-0.127562028047465	3.05196805656978E-9
-0.127292340884574	2.94074963692298E-9
-0.127022653721683	2.82663555970604E-9
-0.126752966558792	2.70893281931209E-9
-0.126483279395901	2.58757892698718E-9
-0.12621359223301	2.46220371647827E-9
-0.125943905070119	2.33036000660145E-9
-0.125674217907228	2.19029521189917E-9
-0.125404530744337	2.0439654553939E-9
-0.125134843581446	1.8955181610805E-9
-0.124865156418554	1.74745210009575E-9
-0.124595469255663	1.59958583190971E-9
-0.124325782092772	1.45179098102463E-9
-0.124056094929881	1.30537575743382E-9
-0.12378640776699	1.16075955825176E-9
-0.123516720604099	1.01498153389108E-9
-0.123247033441208	8.6326141500928E-10
-0.122977346278317	7.03577768249467E-10
-0.122707659115426	5.37901196060205E-10
-0.122437971952535	3.68794076310366E-10
-0.122168284789644	1.97551118844711E-10
-0.121898597626753	2.57174562007862E-11
-0.121628910463862	-1.44100749383854E-10
-0.121359223300971	-3.09257560541184E-10
-0.12108953613808	-4.68168106182156E-10
-0.120819848975189	-6.20245240276638E-10
-0.120550161812298	-7.64763596161733E-10
-0.120280474649407	-9.02053107197307E-10
-0.120010787486516	-1.03436169305395E-9
-0.119741100323625	-1.16331351282476E-9
-0.119471413160734	-1.28940587900556E-9
-0.119201725997843	-1.413016044676E-9
-0.118932038834951	-1.53512250605224E-9
-0.11866235167206	-1.65771437400408E-9
-0.118392664509169	-1.78135407701225E-9
-0.118122977346278	-1.90381911805519E-9
-0.117853290183387	-2.04471745715973E-9
-0.117583603020496	-2.22452877653584E-9
-0.117313915857605	-2.4196792751624E-9
-0.117044228694714	-2.6064401417612E-9
-0.116774541531823	-2.78335194378946E-9
-0.116504854368932	-2.95084247758507E-9
-0.116235167206041	-3.11174526805635E-9
-0.11596548004315	-3.26784147958406E-9
-0.115695792880259	-3.41826708054998E-9
-0.115426105717368	-3.56199910738373E-9
-0.115156418554477	-3.69809830949909E-9
-0.114886731391586	-3.82499390504117E-9
-0.114617044228695	-3.94109044725656E-9
-0.114347357065804	-4.04461316397143E-9
-0.114077669902913	-4.1341261006753E-9
-0.113807982740022	-4.20945044486068E-9
-0.113538295577131	-4.27151456902504E-9
-0.113268608414239	-4.3221558397861E-9
-0.112998921251348	-4.36250634422392E-9
-0.112729234088457	-4.39143399525845E-9
-0.112459546925566	-4.40710142627193E-9
-0.112189859762675	-4.40858026476695E-9
-0.111920172599784	-4.39604932325095E-9
-0.111650485436893	-4.37094455623444E-9
-0.111380798274002	-4.33504073589124E-9
-0.111111111111111	-4.28993330897476E-9
-0.11084142394822	-4.23719305733989E-9
-0.110571736785329	-4.17775923157285E-9
-0.110302049622438	-4.11265479524402E-9
-0.110032362459547	-4.04274377997162E-9
-0.109762675296656	-3.96624502137488E-9
-0.109492988133765	-3.88032499454551E-9
-0.109223300970874	-3.78455590314559E-9
-0.108953613807983	-3.6803971797179E-9
-0.108683926645092	-3.57012249872699E-9
-0.108414239482201	-3.45620721542438E-9
-0.10814455231931	-3.33959695097183E-9
-0.107874865156419	-3.22004601172797E-9
-0.107605177993528	-3.09746256725778E-9
-0.107335490830636	-2.97119519280577E-9
-0.107065803667745	-2.8396249004105E-9
-0.106796116504854	-2.70088378713389E-9
-0.106526429341963	-2.55341455237789E-9
-0.106256742179072	-2.39749517519503E-9
-0.105987055016181	-2.23566050029064E-9
-0.10571736785329	-2.07007572614333E-9
-0.105447680690399	-1.90115922265802E-9
-0.105177993527508	-1.72801891139146E-9
-0.104908306364617	-1.55019304289199E-9
-0.104638619201726	-1.36840524830913E-9
-0.104368932038835	-1.18321546757864E-9
-0.104099244875944	-9.94988138035001E-10
-0.103829557713053	-8.0387681784473E-10
-0.103559870550162	-6.10413314106001E-10
-0.103290183387271	-4.16801781025519E-10
-0.10302049622438	-2.25393391684153E-10
-0.102750809061489	-3.65539875786931E-11
-0.102481121898598	1.50549230250371E-10
-0.102211434735707	3.36832951845837E-10
-0.101941747572816	5.22097312104669E-10
-0.101672060409924	7.05035402857924E-10
-0.101402373247033	8.85599141027858E-10
-0.101132686084142	1.06436216856363E-9
-0.100862998921251	1.24067148391991E-9
-0.10059331175836	1.41303437348557E-9
-0.100323624595469	1.58023656867111E-9
-0.100053937432578	1.74350509758468E-9
-0.0997842502696872	1.90567643985702E-9
-0.0995145631067961	2.06747816128935E-9
-0.0992448759439051	2.22912967178894E-9
-0.098975188781014	2.39125922598754E-9
-0.098705501618123	2.55315379652911E-9
-0.0984358144552319	2.71393886556289E-9
-0.0981661272923409	2.87115003942888E-9
-0.0978964401294498	3.02082335235151E-9
-0.0976267529665588	3.16090836987764E-9
-0.0973570658036677	3.29026367051644E-9
-0.0970873786407767	3.40721636719775E-9
-0.0968176914778857	3.51046444304053E-9
-0.0965480043149946	3.59964604920601E-9
-0.0962783171521036	3.67664357067271E-9
-0.0960086299892125	3.74474357982946E-9
-0.0957389428263215	3.80470181148757E-9
-0.0954692556634304	3.85517882929566E-9
-0.0951995685005394	3.89687934612065E-9
-0.0949298813376483	3.93246929932325E-9
-0.0946601941747573	3.96352736064443E-9
-0.0943905070118662	3.98944911030944E-9
-0.0941208198489752	4.00922810503416E-9
-0.0938511326860841	4.02381368918529E-9
-0.0935814455231931	4.03450035634497E-9
-0.0933117583603021	4.0399301774062E-9
-0.093042071197411	4.03825149601622E-9
-0.09277238403452	4.02859298262556E-9
-0.0925026968716289	4.00894800073077E-9
-0.0922330097087379	3.9769248816407E-9
-0.0919633225458468	3.93076823613926E-9
-0.0916936353829558	3.86874430863729E-9
-0.0914239482200647	3.78982642994845E-9
-0.0911542610571737	3.69320033806644E-9
-0.0908845738942826	3.57803521642904E-9
-0.0906148867313916	3.46836829991894E-9
-0.0903451995685005	3.39133461056287E-9
-0.0900755124056095	3.32074417460471E-9
-0.0898058252427184	3.22913333923962E-9
-0.0895361380798274	3.12786570465286E-9
-0.0892664509169364	3.02380521202253E-9
-0.0889967637540453	2.91131152935669E-9
-0.0887270765911543	2.78656320069275E-9
-0.0884573894282632	2.64834511448511E-9
-0.0881877022653722	2.49714927124204E-9
-0.0879180151024811	2.33404612352897E-9
-0.0876483279395901	2.15948914881305E-9
-0.087378640776699	1.97617804480168E-9
-0.087108953613808	1.79045240931484E-9
-0.0868392664509169	1.60893865142302E-9
-0.0865695792880259	1.43670537173389E-9
-0.0862998921251348	1.27635850752077E-9
-0.0860302049622438	1.12770261204481E-9
-0.0857605177993528	9.8933030424025E-10
-0.0854908306364617	8.59672976464751E-10
-0.0852211434735707	7.35965573598736E-10
-0.0849514563106796	6.13978123919298E-10
-0.0846817691477886	4.91016572338905E-10
-0.0844120819848975	3.67969693162148E-10
-0.0841423948220065	2.48236544680795E-10
-0.0838727076591154	1.35638666798832E-10
-0.0836030204962244	3.2559025152626E-11
-0.0833333333333333	-5.89148096488108E-11
-0.0830636461704423	-1.36288584658352E-10
-0.0827939590075512	-1.99163292545646E-10
-0.0825242718446602	-2.49377420217881E-10
-0.0822545846817692	-2.88973001071595E-10
-0.0819848975188781	-3.19667038763229E-10
-0.0817152103559871	-3.4317910862121E-10
-0.081445523193096	-3.6071537687272E-10
-0.081175836030205	-3.71304496496721E-10
-0.0809061488673139	-3.72379097333018E-10
-0.0806364617044229	-3.62798521735652E-10
-0.0803667745415318	-3.43364618770599E-10
-0.0800970873786408	-3.162958529178E-10
-0.0798274002157497	-2.84214351724961E-10
-0.0795577130528587	-2.49106102633064E-10
-0.0792880258899676	-2.14185947150524E-10
-0.0790183387270766	-1.83540537517814E-10
-0.0787486515641855	-1.59251527679451E-10
-0.0784789644012945	-1.41058967781229E-10
-0.0782092772384035	-1.2691652906891E-10
-0.0779395900755124	-1.14193430415841E-10
-0.0776699029126214	-1.00738963022985E-10
-0.0774002157497303	-8.42374350247968E-11
-0.0771305285868393	-6.28047686406835E-11
-0.0768608414239482	-3.63153399735447E-11
-0.0765911542610572	-5.63709319304107E-12
-0.0763214670981661	2.84982148940794E-11
-0.0760517799352751	6.52643009094749E-11
-0.075782092772384	1.03276393036165E-10
-0.075512405609493	1.3998635100866E-10
-0.0752427184466019	1.73000540218358E-10
-0.0749730312837109	2.0195693419562E-10
-0.0747033441208199	2.27827038705099E-10
-0.0744336569579288	2.51661923790696E-10
-0.0741639697950378	2.72882932154396E-10
-0.0738942826321467	2.89584679581566E-10
-0.0736245954692557	3.01763017761986E-10
-0.0733549083063646	3.11716711316293E-10
-0.0730852211434736	3.20767010026236E-10
-0.0728155339805825	3.26588387536876E-10
-0.0725458468176915	3.25903679966216E-10
-0.0722761596548004	3.19108887638682E-10
-0.0720064724919094	3.08237169961089E-10
-0.0717367853290183	2.94119979287071E-10
-0.0714670981661273	2.76932558181198E-10
-0.0711974110032362	2.56845416834004E-10
-0.0709277238403452	2.36029922179127E-10
-0.0706580366774542	2.17550309168238E-10
-0.0703883495145631	2.02427152512306E-10
-0.0701186623516721	1.9102456128862E-10
-0.069848975188781	1.8412962190342E-10
-0.06957928802589	1.82793337722574E-10
-0.0693096008629989	1.88278118120274E-10
-0.0690399137001079	2.0109334350689E-10
-0.0687702265372168	2.21174909906734E-10
-0.0685005393743258	2.49050631047779E-10
-0.0682308522114347	2.85303116426415E-10
-0.0679611650485437	3.28521104343654E-10
-0.0676914778856526	3.7543366538374E-10
-0.0674217907227616	4.23269789884027E-10
-0.0671521035598706	4.70244006421288E-10
-0.0668824163969795	5.13841556039697E-10
-0.0666127292340885	5.50241762129724E-10
-0.0663430420711974	5.75668038674369E-10
-0.0660733549083064	5.8816200423573E-10
-0.0658036677454153	5.87473979017189E-10
-0.0655339805825243	5.74414025432996E-10
-0.0652642934196332	5.50305843202637E-10
-0.0649946062567422	5.16182245049132E-10
-0.0647249190938511	4.73067269088892E-10
-0.0644552319309601	4.22459159761527E-10
-0.064185544768069	3.66512879609822E-10
-0.063915857605178	3.06595337585229E-10
-0.063646170442287	2.41269079804115E-10
-0.0633764832793959	1.6805449218756E-10
-0.0631067961165049	8.62681521846758E-11
-0.0628371089536138	5.51894102246788E-12
-0.0625674217907227	-6.61005481015921E-11
-0.0622977346278317	-1.40711995401683E-10
-0.0620280474649407	-2.2606432816984E-10
-0.0617583603020496	-3.14315993311014E-10
-0.0614886731391586	-3.98662194543761E-10
-0.0612189859762675	-4.75419814943175E-10
-0.0609492988133765	-5.41175157653905E-10
-0.0606796116504854	-5.9202240744199E-10
-0.0604099244875944	-6.24125304565198E-10
-0.0601402373247033	-6.37869095270967E-10
-0.0598705501618123	-6.39071464155671E-10
-0.0596008629989213	-6.34049335623401E-10
-0.0593311758360302	-6.28013834009647E-10
-0.0590614886731392	-6.24711048709297E-10
-0.0587918015102481	-6.24528519031015E-10
-0.0585221143473571	-6.26035174127009E-10
-0.058252427184466	-6.28402939941212E-10
-0.057982740021575	-6.30697723519083E-10
-0.0577130528586839	-6.30306879737133E-10
-0.0574433656957929	-6.23584624673763E-10
-0.0571736785329018	-6.08786844109299E-10
-0.0569039913700108	-5.88156374710902E-10
-0.0566343042071197	-5.65031623180895E-10
-0.0563646170442287	-5.40904650820066E-10
-0.0560949298813377	-5.16707295122847E-10
-0.0558252427184466	-4.92124027614057E-10
-0.0555555555555556	-4.65555636229287E-10
-0.0552858683926645	-4.37008191826594E-10
-0.0550161812297735	-4.07157160750914E-10
-0.0547464940668824	-3.75348951360557E-10
-0.0544768069039914	-3.39705958727896E-10
-0.0542071197411003	-2.9810624358461E-10
-0.0539374325782093	-2.51697681531778E-10
-0.0536677454153182	-2.0457185187163E-10
-0.0533980582524272	-1.58783453245358E-10
-0.0531283710895361	-1.13674580539641E-10
-0.0528586839266451	-6.83600221240898E-11
-0.0525889967637541	-2.36410979996408E-11
-0.052319309600863	1.87648670672558E-11
-0.052049622437972	5.89800465754979E-11
-0.0517799352750809	9.96328938412924E-11
-0.0515102481121898	1.43401548802421E-10
-0.0512405609492988	1.90193293791481E-10
-0.0509708737864078	2.37771148355579E-10
-0.0507011866235167	2.84314852648338E-10
-0.0504314994606257	3.28908101109592E-10
-0.0501618122977346	3.70052746386742E-10
-0.0498921251348436	4.06499367649109E-10
-0.0496224379719525	4.38933691458676E-10
-0.0493527508090615	4.68328659512763E-10
-0.0490830636461704	4.95477711917518E-10
-0.0488133764832794	5.22245675500284E-10
-0.0485436893203884	5.50112887146691E-10
-0.0482740021574973	5.79879917234166E-10
-0.0480043149946063	6.10997951558473E-10
-0.0477346278317152	6.40951664514235E-10
-0.0474649406688242	6.69068815641968E-10
-0.0471952535059331	6.95910820355061E-10
-0.0469255663430421	7.21853862229637E-10
-0.046655879180151	7.49250597199008E-10
-0.04638619201726	7.80222144759588E-10
-0.0461165048543689	8.15175271005223E-10
-0.0458468176914779	8.55110057647625E-10
-0.0455771305285868	9.01409094530853E-10
-0.0453074433656958	9.54808273372549E-10
-0.0450377562028048	1.01411478143935E-9
-0.0447680690399137	1.07584716123808E-9
-0.0444983818770227	1.13784704022316E-9
-0.0442286947141316	1.20045525008541E-9
-0.0439590075512405	1.26466874190596E-9
-0.0436893203883495	1.33068879598053E-9
-0.0434196332254585	1.39697408459775E-9
-0.0431499460625674	1.46192247433526E-9
-0.0428802588996764	1.52566469117685E-9
-0.0426105717367853	1.58907255286011E-9
-0.0423408845738943	1.65189089457972E-9
-0.0420711974110032	1.71163054964716E-9
-0.0418015102481122	1.76489940649935E-9
-0.0415318230852211	1.80985774937321E-9
-0.0412621359223301	1.84634329696874E-9
-0.0409924487594391	1.87537992666909E-9
-0.040722761596548	1.89871315089345E-9
-0.0404530744336569	1.91793544384071E-9
-0.0401833872707659	1.93446009695155E-9
-0.0399137001078749	1.94933170979699E-9
-0.0396440129449838	1.963723329843E-9
-0.0393743257820928	1.97888499900021E-9
-0.0391046386192017	1.99422765942305E-9
-0.0388349514563107	2.00782553827209E-9
-0.0385652642934196	2.01848446582213E-9
-0.0382955771305286	2.02565339231041E-9
-0.0380258899676375	2.03028775109095E-9
-0.0377562028047465	2.03438983916286E-9
-0.0374865156418555	2.03855915399279E-9
-0.0372168284789644	2.04237178475191E-9
-0.0369471413160734	2.0442442231618E-9
-0.0366774541531823	2.04210722329434E-9
-0.0364077669902913	2.03475162576856E-9
-0.0361380798274002	2.01958109830067E-9
-0.0358683926645092	1.97357530215657E-9
-0.0355987055016181	1.87970234829026E-9
-0.0353290183387271	1.76498136690377E-9
-0.035059331175836	1.65277429696277E-9
-0.034789644012945	1.54322423513671E-9
-0.0345199568500539	1.43548812517622E-9
-0.0342502696871629	1.33894730438662E-9
-0.0339805825242719	1.26276633370217E-9
-0.0337108953613808	1.19393348935803E-9
-0.0334412081984898	1.11897166830262E-9
-0.0331715210355987	1.03584262844087E-9
-0.0329018338727076	9.44548639516489E-10
-0.0326321467098166	8.45604923059412E-10
-0.0323624595469256	7.38536252790199E-10
-0.0320927723840345	6.23462849994093E-10
-0.0318230852211435	5.02101051076237E-10
-0.0315533980582524	3.77956684210844E-10
-0.0312837108953614	2.54956088985323E-10
-0.0310140237324703	1.34847984553034E-10
-0.0307443365695793	1.83351547246634E-11
-0.0304746494066882	-9.34753135711984E-11
-0.0302049622437972	-2.00590228272372E-10
-0.0299352750809062	-3.04197348256702E-10
-0.0296655879180151	-4.06009561473169E-10
-0.029395900755124	-5.08389224125843E-10
-0.029126213592233	-6.12412900936731E-10
-0.028856526429342	-7.18309516742481E-10
-0.0285868392664509	-8.28156862645035E-10
-0.0283171521035599	-9.43379736502809E-10
-0.0280474649406688	-1.06239485279065E-9
-0.0277777777777778	-1.1835374141963E-9
-0.0275080906148867	-1.30671306000943E-9
-0.0272384034519957	-1.4324432942615E-9
-0.0269687162891046	-1.56035577555331E-9
-0.0266990291262136	-1.68840305830538E-9
-0.0264293419633226	-1.81572832381882E-9
-0.0261596548004315	-1.94391517361885E-9
-0.0258899676375405	-2.07428737040212E-9
-0.0256202804746494	-2.20639118171529E-9
-0.0253505933117584	-2.33790289175231E-9
-0.0250809061488673	-2.46606313663505E-9
-0.0248112189859763	-2.58868238892533E-9
-0.0245415318230852	-2.70358283331491E-9
-0.0242718446601942	-2.80912156785099E-9
-0.0240021574973031	-2.90440356171494E-9
-0.0237324703344121	-2.98936355356752E-9
-0.023462783171521	-3.06591522552695E-9
-0.02319309600863	-3.13701929325945E-9
-0.0229234088457389	-3.20497159815256E-9
-0.0226537216828479	-3.27248338669258E-9
-0.0223840345199569	-3.34184400126763E-9
-0.0221143473570658	-3.41309877971732E-9
-0.0218446601941747	-3.48585106789323E-9
-0.0215749730312837	-3.5603758848021E-9
-0.0213052858683927	-3.63647800561807E-9
-0.0210355987055016	-3.71311016456115E-9
-0.0207659115426106	-3.7876122838857E-9
-0.0204962243797195	-3.85673091893416E-9
-0.0202265372168285	-3.91963059568095E-9
-0.0199568500539374	-3.97612509769378E-9
-0.0196871628910464	-4.02507176995469E-9
-0.0194174757281553	-4.06553935117981E-9
-0.0191477885652643	-4.09674128697338E-9
-0.0188781014023733	-4.11915932005825E-9
-0.0186084142394822	-4.13556829232732E-9
-0.0183387270765911	-4.14900782562846E-9
-0.0180690399137001	-4.16165254025041E-9
-0.0177993527508091	-4.17467210241255E-9
-0.017529665587918	-4.18821391608671E-9
-0.017259978425027	-4.20338246136452E-9
-0.0169902912621359	-4.22184216902751E-9
-0.0167206040992449	-4.24440709804129E-9
-0.0164509169363538	-4.27045006675952E-9
-0.0161812297734628	-4.29755776549954E-9
-0.0159115426105717	-4.31336320937208E-9
-0.0156418554476807	-4.30880672683936E-9
-0.0153721682847897	-4.29689955008528E-9
-0.0151024811218986	-4.28826919502162E-9
-0.0148327939590076	-4.2813536975879E-9
-0.0145631067961165	-4.27365547862571E-9
-0.0142934196332254	-4.26351018413752E-9
-0.0140237324703344	-4.25094269485631E-9
-0.0137540453074434	-4.23572730496077E-9
-0.0134843581445523	-4.21721134027984E-9
-0.0132146709816613	-4.19485283853209E-9
-0.0129449838187702	-4.16840850786261E-9
-0.0126752966558792	-4.13812164012632E-9
-0.0124056094929881	-4.10453419760464E-9
-0.0121359223300971	-4.06829885446863E-9
-0.011866235167206	-4.02964131653959E-9
-0.011596548004315	-3.98853670308456E-9
-0.011326860841424	-3.94664936810106E-9
-0.0110571736785329	-3.9064768907475E-9
-0.0107874865156418	-3.86958123508436E-9
-0.0105177993527508	-3.83700270698204E-9
-0.0102481121898598	-3.8090398019794E-9
-0.00997842502696872	-3.78631402270026E-9
-0.00970873786407767	-3.76988729551346E-9
-0.00943905070118661	-3.75946254966072E-9
-0.00916936353829559	-3.7539373556622E-9
-0.00889967637540454	-3.751748583786E-9
-0.00862998921251348	-3.72897989656575E-9
-0.00836030204962243	-3.66318977386819E-9
-0.00809061488673138	-3.57621474209909E-9
-0.00782092772384035	-3.48885975185378E-9
-0.0075512405609493	-3.40037968110445E-9
-0.00728155339805825	-3.30978099932705E-9
-0.0070118662351672	-3.22722210369816E-9
-0.00674217907227617	-3.16480830114194E-9
-0.00647249190938512	-3.1127484680664E-9
-0.00620280474649407	-3.05978199294413E-9
-0.00593311758360301	-3.00550950143236E-9
-0.00566343042071196	-2.9496821061472E-9
-0.00539374325782094	-2.89203337613488E-9
-0.00512405609492989	-2.83233716061284E-9
-0.00485436893203883	-2.76995364824315E-9
-0.00458468176914778	-2.7049773496128E-9
-0.00431499460625676	-2.63935869315298E-9
-0.0040453074433657	-2.57535347356452E-9
-0.00377562028047465	-2.51365115080069E-9
-0.0035059331175836	-2.45391197232071E-9
-0.00323624595469255	-2.39569489078682E-9
-0.00296655879180152	-2.33891482905784E-9
-0.00269687162891047	-2.28315797394902E-9
-0.00242718446601942	-2.22553271324334E-9
-0.00215749730312836	-2.16255956364052E-9
-0.00188781014023731	-2.09368730614486E-9
-0.00161812297734629	-2.01881642899696E-9
-0.00134843581445523	-1.93642142911493E-9
-0.00107874865156418	-1.84666149324998E-9
-8.0906148867313E-4	-1.75198175995481E-9
-5.39374325782105E-4	-1.65497406386919E-9
-2.69687162891052E-4	-1.55696769725728E-9
0	-1.45802794840278E-9
2.69687162891052E-4	-1.35918927225604E-9
5.39374325782105E-4	-1.26298441089466E-9
8.09061488673157E-4	-1.17050358990188E-9
0.00107874865156421	-1.07974002143387E-9
0.00134843581445521	-9.88101779669408E-10
0.00161812297734626	-8.9458224634714E-10
0.00188781014023731	-7.99452108484809E-10
0.00215749730312836	-7.03765518905463E-10
0.00242718446601942	-6.07987530660522E-10
0.00269687162891047	-5.11950596102018E-10
0.00296655879180152	-4.16453750757289E-10
0.00323624595469257	-3.22383732550129E-10
0.00350593311758363	-2.29591327937819E-10
0.00377562028047462	-1.37859185340559E-10
0.00404530744336568	-4.62082186264065E-11
0.00431499460625673	4.77420462520233E-11
0.00458468176914778	1.46328308260506E-10
0.00485436893203883	2.50426546777076E-10
0.00512405609492989	3.59345940165419E-10
0.00539374325782094	4.71963860602197E-10
0.00566343042071199	5.87520675072818E-10
0.00593311758360304	7.05411406923194E-10
0.00620280474649404	8.24351183043269E-10
0.00647249190938509	9.41988693021458E-10
0.00674217907227614	1.05575464776572E-9
0.0070118662351672	1.16402025179166E-9
0.00728155339805825	1.26616016806581E-9
0.0075512405609493	1.36224256788492E-9
0.00782092772384035	1.4516365453914E-9
0.00809061488673141	1.53228031991449E-9
0.00836030204962246	1.60284112079746E-9
0.00862998921251351	1.66428649154578E-9
0.00889967637540451	1.7182261079478E-9
0.00916936353829556	1.76491269982493E-9
0.00943905070118661	1.80427339638056E-9
0.00970873786407767	1.83731706973156E-9
0.00997842502696872	1.86648332495863E-9
0.0102481121898598	1.89544002288522E-9
0.0105177993527508	1.92682549583009E-9
0.0107874865156419	1.96071730606788E-9
0.0110571736785329	1.996653768822E-9
0.0113268608414239	2.02363344995914E-9
0.011596548004315	2.03015731635841E-9
0.011866235167206	2.02558603580268E-9
0.0121359223300971	2.01848484244645E-9
0.0124056094929881	2.00789813366635E-9
0.0126752966558792	1.99437678995577E-9
0.0129449838187702	1.97911481177057E-9
0.0132146709816613	1.96403780268082E-9
0.0134843581445523	1.94973465126274E-9
0.0137540453074433	1.93495514633636E-9
0.0140237324703344	1.91852607116631E-9
0.0142934196332254	1.89940265691227E-9
0.0145631067961165	1.87617144286416E-9
0.0148327939590076	1.84723978555377E-9
0.0151024811218986	1.81086200329254E-9
0.0153721682847897	1.76601404942797E-9
0.0156418554476807	1.71285803599071E-9
0.0159115426105718	1.65323350947446E-9
0.0161812297734628	1.59053241217299E-9
0.0164509169363538	1.52724374150543E-9
0.0167206040992449	1.46362249300777E-9
0.0169902912621359	1.39879667967304E-9
0.017259978425027	1.33263540624812E-9
0.017529665587918	1.26674063688599E-9
0.0177993527508091	1.2026535300287E-9
0.0180690399137001	1.14017263611116E-9
0.0183387270765912	1.07830083478287E-9
0.0186084142394822	1.01669712508367E-9
0.0188781014023732	9.57519710289789E-10
0.0191477885652643	9.04249878625045E-10
0.0194174757281553	8.58080273553445E-10
0.0196871628910464	8.18274834087994E-10
0.0199568500539374	7.8345080111528E-10
0.0202265372168285	7.52607923654232E-10
0.0204962243797195	7.25339266341657E-10
0.0207659115426106	6.99523540411782E-10
0.0210355987055016	6.72807920661941E-10
0.0213052858683926	6.44816054246662E-10
0.0215749730312837	6.14986356483195E-10
0.0218446601941747	5.83990898561674E-10
0.0221143473570658	5.54344836818122E-10
0.0223840345199569	5.26596816187418E-10
0.0226537216828479	4.99946097022783E-10
0.022923408845739	4.72912173169233E-10
0.02319309600863	4.4363004853007E-10
0.0234627831715211	4.11306113729792E-10
0.0237324703344121	3.74967257801727E-10
0.0240021574973031	3.33927584914534E-10
0.0242718446601942	2.8943634662954E-10
0.0245415318230852	2.4299152102999E-10
0.0248112189859763	1.95509244406697E-10
0.0250809061488673	1.48809607336679E-10
0.0253505933117584	1.05129421003483E-10
0.0256202804746494	6.45612338051509E-11
0.0258899676375405	2.44267365345478E-11
0.0261596548004315	-1.79026933938773E-11
0.0264293419633225	-6.25493987483956E-11
0.0266990291262136	-1.07796224031895E-10
0.0269687162891046	-1.52842018512799E-10
0.0272384034519957	-1.98572163090849E-10
0.0275080906148867	-2.45644732148726E-10
0.0277777777777778	-2.92005196314583E-10
0.0280474649406688	-3.33562145555552E-10
0.0283171521035599	-3.69167873539905E-10
0.0285868392664509	-4.00944488805311E-10
0.0288565264293419	-4.30769765548764E-10
0.029126213592233	-4.59297464681299E-10
0.029395900755124	-4.85852289127336E-10
0.0296655879180151	-5.10428337298173E-10
0.0299352750809062	-5.34624990527573E-10
0.0302049622437972	-5.5875794656007E-10
0.0304746494066883	-5.81895537170587E-10
0.0307443365695793	-6.0254587032769E-10
0.0310140237324703	-6.17370708598409E-10
0.0312837108953614	-6.2412738458494E-10
0.0315533980582524	-6.2456018177631E-10
0.0318230852211435	-6.22315053363468E-10
0.0320927723840345	-6.20004813739264E-10
0.0323624595469256	-6.18563725127587E-10
0.0326321467098166	-6.18820030853863E-10
0.0329018338727077	-6.22182305868719E-10
0.0331715210355987	-6.28238335623394E-10
0.0334412081984897	-6.33260464155664E-10
0.0337108953613808	-6.3205809527096E-10
0.0339805825242718	-6.18314304565191E-10
0.0342502696871629	-5.86211407441983E-10
0.0345199568500539	-5.35364157653898E-10
0.034789644012945	-4.6960881494317E-10
0.035059331175836	-3.92851194543751E-10
0.0353290183387271	-3.08504993311007E-10
0.0355987055016181	-2.20253328169832E-10
0.0358683926645092	-1.34900995401674E-10
0.0361380798274002	-6.02895481015868E-11
0.0364077669902912	1.13299410224756E-11
0.0366774541531823	9.20791521846836E-11
0.0369471413160734	1.73865492187567E-10
0.0372168284789644	2.4708007980412E-10
0.0374865156418555	3.12406337585238E-10
0.0377562028047465	3.72323879609829E-10
0.0380258899676376	4.28270159761533E-10
0.0382955771305286	4.78878269088901E-10
0.0385652642934196	5.21993245049138E-10
0.0388349514563107	5.56116843202645E-10
0.0391046386192017	5.80225025433004E-10
0.0393743257820928	5.93284979017197E-10
0.0396440129449838	5.93973004235739E-10
0.0399137001078749	5.81479038674376E-10
0.0401833872707659	5.56052762129732E-10
0.040453074433657	5.19652556039706E-10
0.040722761596548	4.76055006421294E-10
0.040992448759439	4.29080789884039E-10
0.0412621359223301	3.81244665383746E-10
0.0415318230852211	3.34332104343662E-10
0.0418015102481122	2.91114116426424E-10
0.0420711974110032	2.54861631047788E-10
0.0423408845738943	2.26985909906742E-10
0.0426105717367853	2.06904343506899E-10
0.0428802588996764	1.94089118120283E-10
0.0431499460625674	1.88604337722583E-10
0.0434196332254584	1.91787272487394E-10
0.0436893203883495	2.03033993178468E-10
0.0439590075512405	2.18515477912475E-10
0.0442286947141316	2.37417966515705E-10
0.0444983818770227	2.60480590559177E-10
0.0447680690399137	2.86236825693855E-10
0.0450377562028048	3.12223297157507E-10
0.0453074433656958	3.37309257744343E-10
0.0455771305285869	3.62587190100686E-10
0.0458468176914779	3.87822581032495E-10
0.0461165048543689	4.09891377593221E-10
0.04638619201726	4.26045780913068E-10
0.046655879180151	4.36474818367226E-10
0.0469255663430421	4.43739907361586E-10
0.0471952535059331	4.50502214502009E-10
0.0474649406688242	4.5723911589846E-10
0.0477346278317152	4.6375706707149E-10
0.0480043149946063	4.71096235670146E-10
0.0482740021574973	4.78684612676778E-10
0.0485436893203883	4.83703707311484E-10
0.0488133764832794	4.83482350768064E-10
0.0490830636461704	4.74581469979014E-10
0.0493527508090615	4.5358545151406E-10
0.0496224379719525	4.19385977012241E-10
0.0498921251348436	3.73091364834519E-10
0.0501618122977346	3.18117228411168E-10
0.0504314994606257	2.57902640809689E-10
0.0507011866235167	1.95118770836281E-10
0.0509708737864077	1.32584109270859E-10
0.0512405609492988	7.08706651310535E-11
0.0515102481121898	8.93827076783117E-12
0.0517799352750809	-5.30195293393648E-11
0.052049622437972	-1.15480111300497E-10
0.052319309600863	-1.81104641721428E-10
0.0525889967637541	-2.52454538008048E-10
0.0528586839266451	-3.29718827535544E-10
0.0531283710895362	-4.10149711434132E-10
0.0533980582524272	-4.90623136757238E-10
0.0536677454153182	-5.7090459031085E-10
0.0539374325782093	-6.52086554741274E-10
0.0542071197411003	-7.33038282842725E-10
0.0544768069039914	-8.1129639985297E-10
0.0547464940668824	-8.85394381422972E-10
0.0550161812297735	-9.56071359123752E-10
0.0552858683926645	-1.02525948637296E-9
0.0555555555555556	-1.09221988875201E-9
0.0558252427184466	-1.15374080185254E-9
0.0560949298813376	-1.20702467555593E-9
0.0563646170442287	-1.25025564728101E-9
0.0566343042071197	-1.2822629723475E-9
0.0569039913700108	-1.30131262337183E-9
0.0571736785329018	-1.30573680031671E-9
0.0574433656957929	-1.2958139967111E-9
0.0577130528586839	-1.27219080869621E-9
0.057982740021575	-1.23609979535936E-9
0.058252427184466	-1.19129121372587E-9
0.058522114347357	-1.1414146281809E-9
0.0587918015102481	-1.08756556846182E-9
0.0590614886731392	-1.02874850162941E-9
0.0593311758360302	-9.63877200524543E-10
0.0596008629989213	-8.93515877379122E-10
0.0598705501618123	-8.18596351256122E-10
0.0601402373247034	-7.38453841213855E-10
0.0604099244875944	-6.52764270969471E-10
0.0606796116504854	-5.63957097263687E-10
0.0609492988133765	-4.75601777468984E-10
0.0612189859762675	-3.92480178329458E-10
0.0614886731391586	-3.20102382106631E-10
0.0617583603020496	-2.59982762755643E-10
0.0620280474649407	-2.11123434947086E-10
0.0622977346278317	-1.73319946424034E-10
0.0625674217907228	-1.45862681326554E-10
0.0628371089536138	-1.27551147435325E-10
0.0631067961165049	-1.13817577819552E-10
0.0633764832793959	-9.64399949946695E-11
0.0636461704422869	-8.14128248514409E-11
0.063915857605178	-8.15767362406378E-11
0.064185544768069	-9.02814366257248E-11
0.0644552319309601	-9.7031746527589E-11
0.0647249190938511	-1.01955678191386E-10
0.0649946062567422	-1.09173988288415E-10
0.0652642934196332	-1.231353307865E-10
0.0655339805825243	-1.45891680519533E-10
0.0658036677454153	-1.77732617753544E-10
0.0660733549083063	-2.18315490691349E-10
0.0663430420711974	-2.66625964480889E-10
0.0666127292340885	-3.19937862353589E-10
0.0668824163969795	-3.73831889793954E-10
0.0671521035598706	-4.24110812255132E-10
0.0674217907227616	-4.67376042863872E-10
0.0676914778856527	-5.01011575932713E-10
0.0679611650485437	-5.24392511803485E-10
0.0682308522114347	-5.38484491409454E-10
0.0685005393743258	-5.43662731783007E-10
0.0687702265372168	-5.39979354619077E-10
0.0690399137001079	-5.28558877335426E-10
0.0693096008629989	-5.10471896664057E-10
0.06957928802589	-4.86053944095014E-10
0.069848975188781	-4.55638981968704E-10
0.0701186623516721	-4.19824159053403E-10
0.0703883495145631	-3.79304857325169E-10
0.0706580366774541	-3.36381968965319E-10
0.0709277238403452	-2.92295243584599E-10
0.0711974110032362	-2.45886681531768E-10
0.0714670981661273	-1.98760851871617E-10
0.0717367853290183	-1.52972453245346E-10
0.0720064724919094	-1.07863580539629E-10
0.0722761596548004	-6.25490221240787E-11
0.0725458468176915	-1.7830097999628E-11
0.0728155339805825	2.45758670672694E-11
0.0730852211434735	6.47910465755073E-11
0.0733549083063646	1.05443893841304E-10
0.0736245954692556	1.49212548802431E-10
0.0738942826321467	1.96004293791493E-10
0.0741639697950378	2.43582148355591E-10
0.0744336569579288	2.9012585264835E-10
0.0747033441208199	3.34719101109604E-10
0.0749730312837109	3.75863746386752E-10
0.075242718446602	4.12310367649124E-10
0.075512405609493	4.44744691458686E-10
0.075782092772384	4.74139659512774E-10
0.0760517799352751	5.01288711917529E-10
0.0763214670981661	5.28056675500295E-10
0.0765911542610572	5.55923887146703E-10
0.0768608414239482	5.85690917234178E-10
0.0771305285868393	6.16808951558484E-10
0.0774002157497303	6.46762664514245E-10
0.0776699029126214	6.7487981564198E-10
0.0779395900755124	7.01721820355074E-10
0.0782092772384034	7.27664862229647E-10
0.0784789644012945	7.55061597199019E-10
0.0787486515641855	7.860331447596E-10
0.0790183387270766	8.20986271005235E-10
0.0792880258899676	8.60921057647636E-10
0.0795577130528587	9.07220094530864E-10
0.0798274002157497	9.60619273372558E-10
0.0800970873786408	1.01992578143936E-9
0.0803667745415318	1.0816581612381E-9
0.0806364617044228	1.14365804022317E-9
0.0809061488673139	1.20626625008542E-9
0.081175836030205	1.27047974190597E-9
0.081445523193096	1.33649979598055E-9
0.0817152103559871	1.40278508459776E-9
0.0819848975188781	1.46773347433528E-9
0.0822545846817692	1.53147569117686E-9
0.0825242718446602	1.59488355286012E-9
0.0827939590075513	1.65770189457973E-9
0.0830636461704423	1.71744154964717E-9
0.0833333333333333	1.77071040649937E-9
0.0836030204962244	1.81566874937322E-9
0.0838727076591154	1.85215429696875E-9
0.0841423948220065	1.8811909266691E-9
0.0844120819848975	1.90452415089347E-9
0.0846817691477886	1.92374644384072E-9
0.0849514563106796	1.94027109695157E-9
0.0852211434735707	1.955142709797E-9
0.0854908306364617	1.96953432984301E-9
0.0857605177993527	1.98469599900022E-9
0.0860302049622438	2.00003865942306E-9
0.0862998921251348	2.01363653827211E-9
0.0865695792880259	2.02429546582214E-9
0.0868392664509169	2.03146439231042E-9
0.087108953613808	2.03609875109096E-9
0.087378640776699	2.04020083916288E-9
0.0876483279395901	2.04437015399281E-9
0.0879180151024811	2.04818278475193E-9
0.0881877022653721	2.05005522316181E-9
0.0884573894282632	2.04791822329435E-9
0.0887270765911543	2.04056262576858E-9
0.0889967637540453	2.02539209830068E-9
0.0892664509169364	1.99881850318032E-9
0.0895361380798274	1.95906773406841E-9
0.0898058252427185	1.90648915225394E-9
0.0900755124056095	1.84420265082312E-9
0.0903451995685006	1.7755023374854E-9
0.0906148867313916	1.70018990005965E-9
0.0908845738942826	1.61726222362161E-9
0.0911542610571737	1.52728765850491E-9
0.0914239482200647	1.43061373554999E-9
0.0916936353829558	1.32578804255205E-9
0.0919633225458468	1.20982496810383E-9
0.0922330097087379	1.0808894502717E-9
0.0925026968716289	9.40517814950891E-10
0.09277238403452	7.91344575258224E-10
0.093042071197411	6.35056160238097E-10
0.093311758360302	4.73771305931202E-10
0.0935814455231931	2.93792780448241E-10
0.0938511326860841	8.33796991479021E-11
0.0941208198489752	-1.33966429631966E-10
0.0943905070118662	-3.37212454112813E-10
0.0946601941747573	-5.25789197580388E-10
0.0949298813376483	-7.01249372001155E-10
0.0951995685005394	-8.64880457586324E-10
0.0954692556634304	-1.0161597453748E-9
0.0957389428263214	-1.15489498623845E-9
0.0960086299892125	-1.28213568565791E-9
0.0962783171521036	-1.3994241435503E-9
0.0965480043149946	-1.50841860632182E-9
0.0968176914778857	-1.60951019111816E-9
0.0970873786407767	-1.70257377615774E-9
0.0973570658036678	-1.78933888823788E-9
0.0976267529665588	-1.87311001657207E-9
0.0978964401294498	-1.95725418443303E-9
0.0981661272923409	-2.04395435197357E-9
0.0984358144552319	-2.13342951592831E-9
0.098705501618123	-2.22489239067307E-9
0.098975188781014	-2.31792288856558E-9
0.0992448759439051	-2.4125087952242E-9
0.0995145631067961	-2.50745549034712E-9
0.0997842502696872	-2.59951959716945E-9
0.100053937432578	-2.68541749899701E-9
0.100323624595469	-2.76287156769805E-9
0.10059331175836	-2.83152873392924E-9
0.100862998921251	-2.89270666564911E-9
0.101132686084142	-2.94588913007662E-9
0.101402373247033	-2.98974782869503E-9
0.101672060409924	-3.02532721322135E-9
0.101941747572816	-3.05456001582199E-9
0.102211434735707	-3.07852838656878E-9
0.102481121898598	-3.0980657245686E-9
0.102750809061489	-3.11449118703572E-9
0.10302049622438	-3.12989490348552E-9
0.103290183387271	-3.14646081428048E-9
0.103559870550162	-3.16601930744242E-9
0.103829557713053	-3.18949728698212E-9
0.104099244875944	-3.21661897186032E-9
0.104368932038835	-3.24569379767834E-9
0.104638619201726	-3.2727368996463E-9
0.104908306364617	-3.2939449743392E-9
0.105177993527508	-3.30774894667964E-9
0.105447680690399	-3.31365467349359E-9
0.10571736785329	-3.31170038020552E-9
0.105987055016181	-3.30228085328438E-9
0.106256742179072	-3.28669324154214E-9
0.106526429341963	-3.26891397515919E-9
0.106796116504854	-3.25354395194109E-9
0.107065803667745	-3.24210021114662E-9
0.107335490830636	-3.23316974028798E-9
0.107605177993528	-3.22450955425926E-9
0.107874865156419	-3.23246293905961E-9
0.10814455231931	-3.2724019890248E-9
0.108414239482201	-3.32372297083366E-9
0.108683926645092	-3.36900447143954E-9
0.108953613807983	-3.40981619817993E-9
0.109223300970874	-3.44614756143106E-9
0.109492988133765	-3.47848148358784E-9
0.109762675296656	-3.50875854385164E-9
0.110032362459547	-3.5379893432306E-9
0.110302049622438	-3.56452483784463E-9
0.110571736785329	-3.58485420305542E-9
0.11084142394822	-3.5961582658884E-9
0.111111111111111	-3.59727684993977E-9
0.111380798274002	-3.58815985662345E-9
0.111650485436893	-3.56926152756045E-9
0.111920172599784	-3.54155351895279E-9
0.112189859762675	-3.50665721272265E-9
0.112459546925566	-3.46530519556705E-9
0.112729234088457	-3.41717371935172E-9
0.112998921251348	-3.36244132737125E-9
0.113268608414239	-3.30146243936837E-9
0.113538295577131	-3.2344879527168E-9
0.113807982740022	-3.1621378206133E-9
0.114077669902913	-3.0849942443314E-9
0.114347357065804	-3.00454092590635E-9
0.114617044228695	-2.92376802280293E-9
0.114886731391586	-2.84593757333177E-9
0.115156418554477	-2.7730180341298E-9
0.115426105717368	-2.70427957756132E-9
0.115695792880259	-2.63816131529723E-9
0.11596548004315	-2.57424426103841E-9
0.116235167206041	-2.51145009011015E-9
0.116504854368932	-2.44784803728302E-9
0.116774541531823	-2.3819817008853E-9
0.117044228694714	-2.31329150237904E-9
0.117313915857605	-2.24342664190756E-9
0.117583603020496	-2.1746096164924E-9
0.117853290183387	-2.10627799765284E-9
0.118122977346278	-2.03644267451908E-9
0.118392664509169	-1.96412515087496E-9
0.11866235167206	-1.88894817364083E-9
0.118932038834951	-1.81041443032087E-9
0.119201725997843	-1.72689976182198E-9
0.119471413160734	-1.63615624847356E-9
0.119741100323625	-1.53785395691576E-9
0.120010787486516	-1.43271825381147E-9
0.120280474649407	-1.32133628519083E-9
0.120550161812298	-1.20529292214287E-9
0.120819848975189	-1.06870144947036E-9
0.12108953613808	-8.94538923575294E-10
0.121359223300971	-7.01465810372225E-10
0.121628910463862	-5.09708788264675E-10
0.121898597626753	-3.21503672749337E-10
0.122168284789644	-1.36955844212187E-10
0.122437971952535	4.51842134727418E-11
0.122707659115426	2.2608940236637E-10
0.122977346278317	4.06253566481335E-10
0.123247033441208	5.85164580689794E-10
0.123516720604099	7.62472403207483E-10
0.12378640776699	9.3822273711466E-10
0.124056094929881	1.11078016001714E-9
0.124325782092772	1.27773425211325E-9
0.124595469255663	1.43825825302062E-9
0.124865156418555	1.59381028541804E-9
0.125134843581446	1.74823471622761E-9
0.125404530744337	1.90471862409146E-9
0.125674217907228	2.06336719324984E-9
0.125943905070119	2.22390055545159E-9
0.12621359223301	2.38627340358638E-9
0.126483279395901	2.54550153961656E-9
0.126752966558792	2.69700583878055E-9
0.127022653721683	2.84425716473111E-9
0.127292340884574	2.98906370903892E-9
0.127562028047465	3.12816560747977E-9
0.127831715210356	3.259642844124E-9
0.128101402373247	3.38198157724302E-9
0.128371089536138	3.49270439170658E-9
0.128640776699029	3.59029155948656E-9
0.12891046386192	3.67415867369167E-9
0.129180151024811	3.74404427840942E-9
0.129449838187702	3.79988790937761E-9
0.129719525350593	3.84118637883718E-9
0.129989212513484	3.8679490371234E-9
0.130258899676375	3.88181620319874E-9
0.130528586839266	3.88444949142125E-9
0.130798274002157	3.87757026777947E-9
0.131067961165049	3.86486908177253E-9
0.13133764832794	3.8507084857236E-9
0.131607335490831	3.83799817384969E-9
0.131877022653722	3.82696929511497E-9
0.132146709816613	3.81613205455062E-9
0.132416396979504	3.80523960471244E-9
0.132686084142395	3.79460627246926E-9
0.132955771305286	3.78200191475485E-9
0.133225458468177	3.76347527381212E-9
0.133495145631068	3.73488306901542E-9
0.133764832793959	3.6934257190814E-9
0.13403451995685	3.63895490221913E-9
0.134304207119741	3.57095120009358E-9
0.134573894282632	3.4868654793181E-9
0.134843581445523	3.38452564113913E-9
0.135113268608414	3.28277888930037E-9
0.135382955771305	3.20435143787245E-9
0.135652642934196	3.13637558680967E-9
0.135922330097087	3.06261266409653E-9
0.136192017259978	2.97485036989381E-9
0.136461704422869	2.86754918923642E-9
0.136731391585761	2.75428617050858E-9
0.137001078748652	2.64368042844117E-9
0.137270765911543	2.53007944991661E-9
0.137540453074434	2.4092185494858E-9
0.137810140237325	2.27933511155195E-9
0.138079827400216	2.13954231492423E-9
0.138349514563107	1.99001734021196E-9
0.138619201725998	1.83077974178609E-9
0.138888888888889	1.66374190845567E-9
0.13915857605178	1.49485452004936E-9
0.139428263214671	1.33032711444812E-9
0.139697950377562	1.1737593842013E-9
0.139967637540453	1.0255710607748E-9
0.140237324703344	8.83030798279121E-10
0.140507011866235	7.4333163877822E-10
0.140776699029126	6.06258418595522E-10
0.141046386192017	4.72004443013012E-10
0.141316073354908	3.39349331240184E-10
0.141585760517799	2.07743297361554E-10
0.14185544768069	7.92082558671121E-11
0.142125134843581	-4.10184203699345E-11
0.142394822006472	-1.47610947557594E-10
0.142664509169364	-2.39306463613574E-10
0.142934196332255	-3.16279057684631E-10
0.143203883495146	-3.78319768551835E-10
0.143473570658037	-4.26419444411654E-10
0.143743257820928	-4.61051035911339E-10
0.144012944983819	-4.82051398912687E-10
0.14428263214671	-4.90303715388995E-10
0.144552319309601	-4.89132873876203E-10
0.144822006472492	-4.81183332405067E-10
0.145091693635383	-4.65027100579457E-10
0.145361380798274	-4.41021620079004E-10
0.145631067961165	-4.12093655756285E-10
0.145900755124056	-3.81003308988525E-10
0.146170442286947	-3.55620393390825E-10
0.146440129449838	-3.43912907469805E-10
0.146709816612729	-3.4301422403787E-10
0.14697950377562	-3.46230634531346E-10
0.147249190938511	-3.51266998074497E-10
0.147518878101402	-3.57771231760001E-10
0.147788565264293	-3.65532863863503E-10
0.148058252427184	-3.73703835943236E-10
0.148327939590076	-3.79681130869816E-10
0.148597626752967	-3.80935544734989E-10
0.148867313915858	-3.765787355832E-10
0.149137001078749	-3.6496941948994E-10
0.14940668824164	-3.43714728372284E-10
0.149676375404531	-3.11860849526145E-10
0.149946062567422	-2.70361595655617E-10
0.150215749730313	-2.21609834843611E-10
0.150485436893204	-1.67246851014646E-10
0.150755124056095	-1.08160986124273E-10
0.151024811218986	-4.68814440807478E-11
0.151294498381877	1.39887579865468E-11
0.151564185544768	7.36015616358435E-11
0.151833872707659	1.31746495142786E-10
0.15210355987055	1.88071475600058E-10
0.152373247033441	2.4028136213191E-10
0.152642934196332	2.85614079508019E-10
0.152912621359223	3.24394705573781E-10
0.153182308522114	3.57990254810743E-10
0.153451995685005	3.8819477886645E-10
0.153721682847896	4.22095481953191E-10
0.153991370010788	4.66133049381803E-10
0.154261057173679	5.17369244402761E-10
0.15453074433657	5.72547629717897E-10
0.154800431499461	6.32419574256836E-10
0.155070118662352	6.97269876447204E-10
0.155339805825243	7.67809797957243E-10
0.155609492988134	8.44537288313973E-10
0.155879180151025	9.27028435279664E-10
0.156148867313916	1.01548715923313E-9
0.156418554476807	1.11089915152119E-9
0.156688241639698	1.21481037160485E-9
0.156957928802589	1.32784316693706E-9
0.15722761596548	1.44803908761115E-9
0.157497303128371	1.57294987899855E-9
0.157766990291262	1.70171298378767E-9
0.158036677454153	1.83389536744448E-9
0.158306364617044	1.96752320479035E-9
0.158576051779935	2.09894812157281E-9
0.158845738942826	2.22509127384677E-9
0.159115426105717	2.34516105281205E-9
0.159385113268608	2.45958100756651E-9
0.159654800431499	2.56773932799563E-9
0.15992448759439	2.66741962748092E-9
0.160194174757282	2.75696246986249E-9
0.160463861920173	2.8367260207569E-9
0.160733549083064	2.90866340412242E-9
0.161003236245955	2.97512983832555E-9
0.161272923408846	3.03748386502385E-9
0.161542610571737	3.09623197479842E-9
0.161812297734628	3.15190862265787E-9
0.162081984897519	3.20473570481366E-9
0.16235167206041	3.25334231593472E-9
0.162621359223301	3.29408266487981E-9
0.162891046386192	3.32274430976663E-9
0.163160733549083	3.33674923576117E-9
0.163430420711974	3.34441923814248E-9
0.163700107874865	3.35440046729258E-9
0.163969795037756	3.35679931052253E-9
0.164239482200647	3.34561246638812E-9
0.164509169363538	3.32881973370174E-9
0.164778856526429	3.31243773673649E-9
0.16504854368932	3.29941536205589E-9
0.165318230852211	3.29292472118729E-9
0.165587918015102	3.29636412184531E-9
0.165857605177994	3.31307651057933E-9
0.166127292340885	3.34326999027779E-9
0.166396979503776	3.38272836410497E-9
0.166666666666667	3.42738915164878E-9
0.166936353829558	3.47474208906485E-9
0.167206040992449	3.52215236239364E-9
0.16747572815534	3.56760503121877E-9
0.167745415318231	3.60969370854961E-9
0.168015102481122	3.64645093809441E-9
0.168284789644013	3.67681288935119E-9
0.168554476806904	3.70178539556589E-9
0.168824163969795	3.72257376496836E-9
0.169093851132686	3.73862252320535E-9
0.169363538295577	3.74738960199964E-9
0.169633225458468	3.74650417063223E-9
0.169902912621359	3.73581892119515E-9
0.17017259978425	3.71513511050097E-9
0.170442286947141	3.68362755033185E-9
0.170711974110032	3.64110321798017E-9
0.170981661272923	3.58711518064246E-9
0.171251348435814	3.52187685867312E-9
0.171521035598706	3.44652191506565E-9
0.171790722761597	3.36418877951472E-9
0.172060409924488	3.27725446862247E-9
0.172330097087379	3.18297497254616E-9
0.17259978425027	3.07952305595537E-9
0.172869471413161	2.96729252772772E-9
0.173139158576052	2.83910000433259E-9
0.173408845738943	2.69380498614138E-9
0.173678532901834	2.54605390517384E-9
0.173948220064725	2.40016459535208E-9
0.174217907227616	2.25014191927525E-9
0.174487594390507	2.09507829353209E-9
0.174757281553398	1.93617776497391E-9
0.175026968716289	1.77555993560941E-9
0.17529665587918	1.61477538249609E-9
0.175566343042071	1.45243727467025E-9
0.175836030204962	1.28728059148446E-9
0.176105717367853	1.12115857236119E-9
0.176375404530744	9.55708201223565E-10
0.176645091693635	7.89782172677094E-10
0.176914778856526	6.20896858560819E-10
0.177184466019417	4.4823366545075E-10
0.177454153182309	2.73909257782789E-10
0.1777238403452	1.00025224062912E-10
0.177993527508091	-7.33667896001054E-11
0.178263214670982	-2.45986038483731E-10
0.178532901833873	-4.15720074343142E-10
0.178802588996764	-5.79785944679205E-10
0.179072276159655	-7.35983880689797E-10
0.179341963322546	-8.83254597181841E-10
0.179611650485437	-1.02080550745247E-9
0.179881337648328	-1.14725767563968E-9
0.180151024811219	-1.26126122994074E-9
0.18042071197411	-1.36227508419607E-9
0.180690399137001	-1.4509587146931E-9
0.180960086299892	-1.5287025463384E-9
0.181229773462783	-1.59739124196961E-9
0.181499460625674	-1.65929903878231E-9
0.181769147788565	-1.7161398245536E-9
0.182038834951456	-1.76825303243412E-9
0.182308522114347	-1.8154123332316E-9
0.182578209277238	-1.85790154804376E-9
0.182847896440129	-1.89570477312161E-9
0.183117583603021	-1.92852715523458E-9
0.183387270765912	-1.95661951095947E-9
0.183656957928803	-1.98089484309414E-9
0.183926645091694	-2.00352292851676E-9
0.184196332254585	-2.026728725813E-9
0.184466019417476	-2.05004699945201E-9
0.184735706580367	-2.07123637669073E-9
0.185005393743258	-2.08826181901208E-9
0.185275080906149	-2.09865437084532E-9
0.18554476806904	-2.10017060026632E-9
0.185814455231931	-2.09121737723625E-9
0.186084142394822	-2.07001477454493E-9
0.186353829557713	-2.03634119797218E-9
0.186623516720604	-1.99255003931682E-9
0.186893203883495	-1.9417773569213E-9
0.187162891046386	-1.88664062467383E-9
0.187432578209277	-1.82809494632631E-9
0.187702265372168	-1.76582858669753E-9
0.187971952535059	-1.70015935997826E-9
0.18824163969795	-1.63197204996716E-9
0.188511326860841	-1.56177538143478E-9
0.188781014023732	-1.48944605635227E-9
0.189050701186624	-1.41514272503831E-9
0.189320388349515	-1.34043628085263E-9
0.189590075512406	-1.26723214383141E-9
0.189859762675297	-1.19642399690627E-9
0.190129449838188	-1.12867331484486E-9
0.190399137001079	-1.06379592778337E-9
0.19066882416397	-1.00051284026046E-9
0.190938511326861	-9.38656006109475E-10
0.191208198489752	-8.79006620220644E-10
0.191477885652643	-8.22387346147606E-10
0.191747572815534	-7.69779985735834E-10
0.192017259978425	-7.20355914607464E-10
0.192286947141316	-6.72062976562274E-10
0.192556634304207	-6.24760624062922E-10
0.192826321467098	-5.79020693694642E-10
0.193096008629989	-5.34697293223042E-10
0.19336569579288	-4.90802163016575E-10
0.193635382955771	-4.45099839636665E-10
0.193905070118662	-3.96998341693181E-10
0.194174757281553	-3.49232655917805E-10
0.194444444444444	-3.0397526336205E-10
0.194714131607335	-2.60575021130057E-10
0.194983818770227	-2.16715165496921E-10
0.195253505933118	-1.70287191536904E-10
0.195523193096009	-1.21361405215067E-10
0.1957928802589	-7.09362780241928E-11
0.196062567421791	-1.89826784928804E-11
0.196332254584682	3.56075935775306E-11
0.196601941747573	9.34165230530048E-11
0.196871628910464	1.52600435840395E-10
0.197141316073355	2.09891527948152E-10
0.197411003236246	2.62449919249903E-10
0.197680690399137	3.08973033638527E-10
0.197950377562028	3.5023683611829E-10
0.198220064724919	3.86666107142965E-10
0.19848975188781	4.17098677131517E-10
0.198759439050701	4.41467148349027E-10
0.199029126213592	4.60844276228806E-10
0.199298813376483	4.75952109342213E-10
0.199568500539374	4.87554341371727E-10
0.199838187702265	4.95800489786084E-10
0.200107874865156	5.00082259003297E-10
0.200377562028047	5.07811192211666E-10
0.200647249190939	5.28056675500286E-10
0.20091693635383	5.55923887146693E-10
0.201186623516721	5.85690917234168E-10
0.201456310679612	6.16808951558475E-10
0.201725997842503	6.46762664514237E-10
0.201995685005394	6.74879815641969E-10
0.202265372168285	7.01721820355063E-10
0.202535059331176	7.27664862229639E-10
0.202804746494067	7.5506159719901E-10
0.203074433656958	7.86033144759591E-10
0.203344120819849	8.20986271005225E-10
0.20361380798274	8.60921057647627E-10
0.203883495145631	9.07220094530855E-10
0.204153182308522	9.60619273372553E-10
0.204422869471413	1.01992578143935E-9
0.204692556634304	1.08165816123808E-9
0.204962243797195	1.14365804022317E-9
0.205231930960086	1.20626625008541E-9
0.205501618122977	1.27047974190596E-9
0.205771305285868	1.33649979598054E-9
0.206040992448759	1.40278508459775E-9
0.206310679611651	1.46773347433527E-9
0.206580366774542	1.53147569117686E-9
0.206850053937433	1.59488355286011E-9
0.207119741100324	1.65770189457972E-9
0.207389428263215	1.71744154964717E-9
0.207659115426106	1.77071040649936E-9
0.207928802588997	1.81566874937321E-9
0.208198489751888	1.85215429696874E-9
0.208468176914779	1.88119092666909E-9
0.20873786407767	1.90452415089346E-9
0.209007551240561	1.92374644384071E-9
0.209277238403452	1.94027109695156E-9
0.209546925566343	1.95514270979699E-9
0.209816612729234	1.969534329843E-9
0.210086299892125	1.98469599900021E-9
0.210355987055016	2.00003865942305E-9
0.210625674217907	2.0136365382721E-9
0.210895361380798	2.02429546582213E-9
0.211165048543689	2.03146439231041E-9
0.21143473570658	2.03609875109095E-9
0.211704422869471	2.04020083916287E-9
0.211974110032362	2.0443701539928E-9
0.212243797195253	2.04818278475192E-9
0.212513484358145	2.0500552231618E-9
0.212783171521036	2.04791822329434E-9
0.213052858683927	2.04056262576857E-9
0.213322545846818	2.02539209830067E-9
0.213592233009709	1.99881850318031E-9
0.2138619201726	1.9590677340684E-9
0.214131607335491	1.90648915225394E-9
0.214401294498382	1.84420265082311E-9
0.214670981661273	1.77550233748539E-9
0.214940668824164	1.70018990005964E-9
0.215210355987055	1.6172622236216E-9
0.215480043149946	1.5272876585049E-9
0.215749730312837	1.43061373554998E-9
0.216019417475728	1.32578804255204E-9
0.216289104638619	1.20982496810382E-9
0.21655879180151	1.08088945027169E-9
0.216828478964401	9.4051781495089E-10
0.217098166127292	7.91344575258224E-10
0.217367853290183	6.35056160238081E-10
0.217637540453074	4.73771305931194E-10
0.217907227615965	3.10578048856384E-10
0.218176914778857	1.48187094394457E-10
0.218446601941748	-1.19288132822329E-11
0.218716289104639	-1.68697763166299E-10
0.21898597626753	-3.20377973107203E-10
0.219255663430421	-4.66074871887843E-10
0.219525350593312	-6.0740240240498E-10
0.219795037756203	-7.4660833367335E-10
0.220064724919094	-8.84617743300235E-10
0.220334412081985	-1.02109264964281E-9
0.220604099244876	-1.15534445309112E-9
0.220873786407767	-1.28803258636998E-9
0.221143473570658	-1.42019712722503E-9
0.221413160733549	-1.55039673772638E-9
0.22168284789644	-1.67624480077054E-9
0.221952535059331	-1.79754276904892E-9
0.222222222222222	-1.91600144997721E-9
0.222491909385113	-2.03372141948921E-9
0.222761596548004	-2.15834423150731E-9
0.223031283710895	-2.2963116782447E-9
0.223300970873786	-2.44109151863019E-9
0.223570658036677	-2.58707098469767E-9
0.223840345199569	-2.73533921910923E-9
0.22411003236246	-2.88465243127121E-9
0.224379719525351	-3.03143438492386E-9
0.224649406688242	-3.17224859619887E-9
0.224919093851133	-3.3042966750922E-9
0.225188781014024	-3.42533886324451E-9
0.225458468176915	-3.53333448108056E-9
0.225728155339806	-3.62721611199705E-9
0.225997842502697	-3.70924680338852E-9
0.226267529665588	-3.78325854417717E-9
0.226537216828479	-3.85096509533374E-9
0.22680690399137	-3.91304255166918E-9
0.227076591154261	-3.9711410432596E-9
0.227346278317152	-4.02679884378917E-9
0.227615965480043	-4.08101128581784E-9
0.227885652642934	-4.1331825702497E-9
0.228155339805825	-4.18088151127334E-9
0.228425026968716	-4.22349465567167E-9
0.228694714131607	-4.26143665485314E-9
0.228964401294498	-4.29369773093186E-9
0.229234088457389	-4.31979769284116E-9
0.22950377562028	-4.33975283154533E-9
0.229773462783172	-4.35398105681979E-9
0.230043149946063	-4.36344515234585E-9
0.230312837108954	-4.36757813783809E-9
0.230582524271845	-4.36566433696916E-9
0.230852211434736	-4.35757522080949E-9
0.231121898597627	-4.34153774976603E-9
0.231391585760518	-4.31591366166207E-9
0.231661272923409	-4.2808471240919E-9
0.2319309600863	-4.2372388738655E-9
0.232200647249191	-4.18609467539223E-9
0.232470334412082	-4.12742804613901E-9
0.232740021574973	-4.06187362756657E-9
0.233009708737864	-3.97205383945475E-9
0.233279395900755	-3.83809971748745E-9
0.233549083063646	-3.6775755728759E-9
0.233818770226537	-3.5132855564427E-9
0.234088457389428	-3.35325814166143E-9
0.234358144552319	-3.20297153829235E-9
0.23462783171521	-3.06323928886474E-9
0.234897518878101	-2.93239097625095E-9
0.235167206040992	-2.80868437539645E-9
0.235436893203884	-2.6916821052857E-9
0.235706580366775	-2.57970802890622E-9
0.235976267529666	-2.46844047139076E-9
0.236245954692557	-2.35358913710053E-9
0.236515641855448	-2.24549550731554E-9
0.236785329018339	-2.15757345352725E-9
0.23705501618123	-2.07975053502834E-9
0.237324703344121	-2.00059319496473E-9
0.237594390507012	-1.92010143333709E-9
0.237864077669903	-1.83827525014563E-9
0.238133764832794	-1.75511464539035E-9
0.238403451995685	-1.67061961907104E-9
0.238673139158576	-1.58479017118748E-9
0.238942826321467	-1.49762630174012E-9
0.239212513484358	-1.40912801072903E-9
0.239482200647249	-1.31929529815402E-9
0.23975188781014	-1.22812816401508E-9
0.240021574973031	-1.1356266083119E-9
0.240291262135922	-1.04179063104479E-9
0.240560949298813	-9.46620232213971E-10
0.240830636461704	-8.50115411819014E-10
0.241100323624595	-7.52276169860127E-10
0.241370010787486	-6.53102506337435E-10
0.241639697950378	-5.52594421250802E-10
0.241909385113269	-4.50751914600355E-10
0.24217907227616	-3.47574986385771E-10
0.242448759439051	-2.43063636607155E-10
0.242718446601942	-1.37217865264826E-10
0.242988133764833	-3.00376723585713E-11
0.243257820927724	7.84769421117149E-11
0.243527508090615	1.88325978146138E-10
0.243797195253506	2.99509435744387E-10
0.244066882416397	4.12027314906332E-10
0.244336569579288	5.25879615632537E-10
0.244606256742179	6.41066337922768E-10
0.24487594390507	7.57587481776712E-10
0.245145631067961	8.75443047194476E-10
0.245415318230852	9.94633034176166E-10
0.245685005393743	1.1151574427221E-9
0.245954692556634	1.23701627283196E-9
0.246224379719525	1.36020952450553E-9
0.246494066882416	1.48473719774312E-9
0.246763754045307	1.61059929254455E-9
0.247033441208198	1.73779580891001E-9
0.24730312837109	1.8663267468396E-9
0.247572815533981	1.99619210633301E-9
0.247842502696872	2.12739188739045E-9
0.248112189859763	2.25992609001182E-9
0.248381877022654	2.3937947141969E-9
0.248651564185545	2.52899775994591E-9
0.248921251348436	2.66553522725894E-9
0.249190938511327	2.80340711613612E-9
0.249460625674218	2.94261342657711E-9
0.249730312837109	3.08315415858182E-9
0.25	3.22469570675987E-9
