#Bx [T], By [T], Bz [T] on 3D mesh: inmost loop vs X (horizontal transverse position), outmost loop vs Z (longitudinal position)
#0.0 #initial X position [m]
#0.0 #step of X [m]
#1 #number of points vs X
#0.0 #initial Y position [m]
#0.0 #step of Y [m]
#1 #number of points vs Y
#-1.1855 #initial Z position [m]
#0.001 #step of Z [m]
#2371 #number of points vs Z
7.840599e-08	-7.839499e-07	0.0
-6.12552e-07	-2.39295e-07	0.0
5.427639e-07	3.122461e-08	0.0
7.753778e-07	4.38979e-07	0.0
-1.464731e-07	-1.129587e-07	0.0
5.475033e-07	4.319075e-07	0.0
-8.357097e-07	-6.68539e-07	0.0
-6.037425e-07	8.358208e-07	0.0
-2.560406e-07	-6.753605e-07	0.0
-3.691138e-07	4.167508e-07	0.0
-1.292246e-06	2.77203e-07	0.0
1.016841e-06	-2.75135e-07	0.0
3.285273e-07	-4.849362e-09	0.0
-1.335472e-07	-1.445821e-07	0.0
3.299947e-07	-5.598796e-07	0.0
-1.296001e-07	-4.266856e-07	0.0
-1.370756e-08	-4.304954e-07	0.0
2.190237e-07	-2.291392e-08	0.0
-9.431671e-09	1.101718e-07	0.0
-2.403663e-07	6.555793e-07	0.0
4.538098e-07	-3.111317e-08	0.0
1.104075e-07	-5.862093e-07	0.0
3.399191e-07	3.69312e-07	0.0
8.065988e-07	9.445799e-08	0.0
-4.60892e-07	2.228862e-07	0.0
-3.461986e-07	1.457911e-06	0.0
-5.758758e-07	-4.617563e-07	0.0
1.166904e-07	-4.713515e-07	0.0
2.360727e-07	-3.350046e-07	0.0
-1.079758e-07	-1.158995e-06	0.0
-3.391923e-07	-1.444143e-06	0.0
8.791423e-09	6.072771e-07	0.0
-1.056333e-07	6.124131e-07	0.0
5.859103e-07	-3.514267e-07	0.0
1.051967e-06	-4.965648e-07	0.0
8.239118e-07	-8.664496e-08	0.0
7.089463e-07	-6.380296e-07	0.0
3.684585e-07	-9.912548e-08	0.0
-7.874345e-07	8.614577e-07	0.0
-9.666627e-08	1.745675e-07	0.0
1.341728e-07	1.700485e-07	0.0
9.507821e-07	-2.465796e-07	0.0
-7.812092e-07	4.344121e-07	0.0
3.724022e-07	1.599853e-07	0.0
-8.917625e-07	1.529772e-07	0.0
-2.044963e-07	6.967133e-07	0.0
-4.25677e-07	5.653443e-07	0.0
-1.350666e-06	-1.088945e-06	0.0
-6.643867e-07	1.358334e-07	0.0
3.823986e-07	2.720543e-07	0.0
-5.367961e-07	8.20998e-07	0.0
-4.240886e-07	-2.826852e-07	0.0
-4.208516e-07	1.083183e-06	0.0
-4.204826e-07	2.618457e-07	0.0
-3.025569e-07	9.361195e-07	0.0
-3.041501e-07	1.351597e-06	0.0
3.928463e-07	3.879629e-07	0.0
-2.975e-07	5.198838e-07	0.0
1.638086e-07	-3.128256e-08	0.0
-2.935061e-07	3.710159e-07	0.0
-4.07884e-07	6.495435e-07	0.0
-8.689244e-07	-7.23918e-07	0.0
-2.970398e-07	-7.345262e-07	0.0
5.191227e-07	-3.280863e-07	0.0
-5.125156e-07	-4.997884e-08	0.0
-8.660365e-07	-1.288636e-06	0.0
-1.721655e-07	-4.812285e-07	0.0
2.858999e-07	3.495498e-07	0.0
1.567527e-06	-1.023963e-06	0.0
-2.764617e-07	-7.593678e-07	0.0
4.138599e-07	-8.980081e-07	0.0
-7.379203e-07	-6.292015e-07	0.0
4.101563e-07	-6.30493e-07	0.0
1.919842e-07	-6.363474e-07	0.0
-1.61548e-07	-3.641004e-07	0.0
7.659889e-07	-5.067791e-07	0.0
-3.471001e-08	-2.299066e-07	0.0
-1.544935e-07	-1.470222e-06	0.0
7.633373e-08	-6.552177e-07	0.0
4.270442e-07	-1.067383e-06	0.0
1.957216e-07	-2.550895e-07	0.0
7.748685e-07	2.583243e-08	0.0
4.31443e-07	-8.026839e-07	0.0
7.781576e-07	-3.981963e-07	0.0
5.487859e-07	-8.06824e-07	0.0
6.720349e-07	-8.23119e-07	0.0
-3.73189e-07	9.525635e-07	0.0
1.12504e-06	1.240431e-06	0.0
7.866327e-07	1.361161e-07	0.0
1.025687e-06	4.067998e-07	0.0
-5.927094e-07	-6.893081e-07	0.0
5.520295e-07	-8.35934e-07	0.0
4.486047e-07	-9.799188e-07	0.0
4.474698e-07	-2.989819e-07	0.0
2.210244e-07	-4.334121e-07	0.0
-2.349274e-07	-5.762705e-07	0.0
-4.836667e-07	-7.144305e-07	0.0
1.26091e-06	-8.630638e-07	0.0
-3.434541e-07	-4.278324e-08	0.0
-4.14332e-09	-7.133972e-07	0.0
-9.239847e-07	-2.095554e-06	0.0
9.642896e-08	-1.708576e-06	0.0
7.042276e-07	-6.018628e-07	0.0
-1.147517e-06	-1.158309e-06	0.0
-1.225905e-07	7.28251e-08	0.0
-3.369314e-07	-4.796065e-07	0.0
-5.697468e-07	7.52349e-07	0.0
-6.88508e-07	-6.03226e-07	0.0
-4.486787e-07	-1.169879e-06	0.0
-1.145442e-06	-1.577573e-06	0.0
-1.169547e-07	-2.540004e-06	0.0
2.44838e-07	-2.566648e-06	0.0
1.620663e-08	-1.190859e-06	0.0
-2.090168e-07	-1.868081e-06	0.0
-7.892702e-07	-1.877136e-06	0.0
-3.356e-07	-2.027869e-06	0.0
-2.016449e-07	-9.278288e-07	0.0
-1.243519e-06	-1.880558e-06	0.0
-7.898493e-07	-1.495427e-06	0.0
-1.007845e-06	-5.331498e-07	0.0
-1.245819e-06	-5.246144e-07	0.0
-6.753806e-07	-1.204107e-06	0.0
-4.208725e-07	-2.047278e-06	0.0
-1.807577e-06	-1.096719e-06	0.0
-1.36057e-06	-1.228282e-06	0.0
-1.348107e-06	-9.602448e-07	0.0
-1.577291e-06	-1.231884e-06	0.0
-1.808708e-06	-1.509246e-06	0.0
-1.475637e-06	-1.531536e-06	0.0
-6.471936e-07	-1.548485e-07	0.0
-1.80284e-06	-1.231982e-06	0.0
-9.981709e-07	-1.937469e-06	0.0
-1.688365e-06	-1.943091e-06	0.0
-6.543774e-07	-2.082362e-06	0.0
-1.323618e-06	-1.957497e-06	0.0
-1.910934e-06	-1.408648e-06	0.0
-1.691282e-06	-1.546783e-06	0.0
-1.098444e-06	-1.804084e-06	0.0
-1.797194e-06	-3.737773e-06	0.0
-7.577063e-07	-2.806904e-06	0.0
-1.55106e-06	-2.517602e-06	0.0
-1.556379e-06	-2.794302e-06	0.0
-1.795857e-06	-2.809116e-06	0.0
-8.615276e-07	-1.992446e-06	0.0
-2.004881e-06	-2.108122e-06	0.0
-2.007579e-06	-3.223429e-06	0.0
-2.601923e-06	-2.409802e-06	0.0
-8.641395e-07	-2.820921e-06	0.0
-1.886459e-06	-2.533402e-06	0.0
-1.429251e-06	-4.463385e-06	0.0
-2.459526e-06	-3.128996e-06	0.0
-1.795212e-06	-2.689121e-06	0.0
-9.576723e-07	-3.513567e-06	0.0
-2.113072e-06	-3.536037e-06	0.0
-1.538485e-06	-2.716441e-06	0.0
-2.453836e-06	-2.705148e-06	0.0
-2.115548e-06	-3.25688e-06	0.0
-2.456071e-06	-3.144317e-06	0.0
-2.004375e-06	-2.172515e-06	0.0
-1.536203e-06	-3.392512e-06	0.0
-1.413236e-06	-3.566745e-06	0.0
-1.641397e-06	-2.196851e-06	0.0
-1.865904e-06	-2.579278e-06	0.0
-2.336311e-06	-3.571662e-06	0.0
-1.645801e-06	-2.196849e-06	0.0
-1.641929e-06	-3.557201e-06	0.0
-1.284532e-06	-3.430237e-06	0.0
-2.207746e-06	-4.66291e-06	0.0
-1.531127e-06	-4.671147e-06	0.0
-1.170487e-06	-5.371322e-06	0.0
-1.172867e-06	-4.013457e-06	0.0
-1.042896e-06	-4.263354e-06	0.0
-1.972444e-06	-4.83067e-06	0.0
-1.394672e-06	-4.419909e-06	0.0
-2.307544e-06	-4.838957e-06	0.0
-2.202547e-06	-4.286114e-06	0.0
-2.315608e-06	-5.515834e-06	0.0
-2.079656e-06	-5.400005e-06	0.0
-2.430028e-06	-5.267131e-06	0.0
-1.737356e-06	-4.721372e-06	0.0
-2.07306e-06	-4.722477e-06	0.0
-2.073078e-06	-4.580398e-06	0.0
-2.531263e-06	-5.405701e-06	0.0
-2.205091e-06	-5.151929e-06	0.0
-1.372276e-06	-4.867406e-06	0.0
-2.527511e-06	-5.41904e-06	0.0
-1.837977e-06	-5.685605e-06	0.0
-2.643329e-06	-6.544078e-06	0.0
-1.836733e-06	-4.351158e-06	0.0
-2.415716e-06	-5.55392e-06	0.0
-1.257968e-06	-5.721325e-06	0.0
-2.391298e-06	-5.581228e-06	0.0
-2.300155e-06	-5.853193e-06	0.0
-2.052404e-06	-6.662721e-06	0.0
-2.741141e-06	-7.92524e-06	0.0
-2.531515e-06	-6.839517e-06	0.0
-1.707208e-06	-7.242593e-06	0.0
-2.502018e-06	-6.708111e-06	0.0
-2.410418e-06	-6.834777e-06	0.0
-1.700036e-06	-7.248429e-06	0.0
-2.284143e-06	-7.667975e-06	0.0
-1.350495e-06	-7.542971e-06	0.0
-2.835375e-06	-7.397367e-06	0.0
-2.851741e-06	-7.958593e-06	0.0
-3.304873e-06	-7.538084e-06	0.0
-2.982543e-06	-9.311288e-06	0.0
-1.697379e-06	-9.093379e-06	0.0
-2.263953e-06	-7.542141e-06	0.0
-1.59106e-06	-1.002495e-05	0.0
-1.212344e-06	-7.990953e-06	0.0
-3.046531e-06	-9.335119e-06	0.0
-3.76278e-06	-8.954792e-06	0.0
-3.312201e-06	-9.074438e-06	0.0
-2.605261e-06	-9.901687e-06	0.0
-3.064892e-06	-1.018802e-05	0.0
-2.715685e-06	-1.006154e-05	0.0
-3.404434e-06	-9.515542e-06	0.0
-2.734032e-06	-9.512804e-06	0.0
-1.677117e-06	-9.649386e-06	0.0
-2.353936e-06	-1.019969e-05	0.0
-3.044142e-06	-1.04827e-05	0.0
-3.752047e-06	-1.049122e-05	0.0
-2.493818e-06	-1.035092e-05	0.0
-2.454549e-06	-1.103322e-05	0.0
-4.090361e-06	-1.106396e-05	0.0
-2.59795e-06	-9.943179e-06	0.0
-3.381314e-06	-1.240021e-05	0.0
-3.734164e-06	-1.231015e-05	0.0
-3.976546e-06	-1.119746e-05	0.0
-2.817563e-06	-1.228825e-05	0.0
-3.493361e-06	-1.204031e-05	0.0
-3.621689e-06	-1.134647e-05	0.0
-3.048711e-06	-1.215766e-05	0.0
-2.238166e-06	-1.286433e-05	0.0
-1.992684e-06	-1.218162e-05	0.0
-2.903359e-06	-1.272574e-05	0.0
-3.838818e-06	-1.286831e-05	0.0
-3.271811e-06	-1.355468e-05	0.0
-2.689655e-06	-1.383495e-05	0.0
-2.447875e-06	-1.438385e-05	0.0
-2.912159e-06	-1.467066e-05	0.0
-2.672153e-06	-1.452893e-05	0.0
-4.273156e-06	-1.536072e-05	0.0
-4.878688e-06	-1.442112e-05	0.0
-3.49181e-06	-1.412032e-05	0.0
-3.819064e-06	-1.591015e-05	0.0
-4.170552e-06	-1.56511e-05	0.0
-4.172169e-06	-1.633215e-05	0.0
-4.053092e-06	-1.621331e-05	0.0
-4.057317e-06	-1.605913e-05	0.0
-3.140345e-06	-1.771255e-05	0.0
-2.657905e-06	-1.717986e-05	0.0
-3.360815e-06	-1.758634e-05	0.0
-2.423007e-06	-1.759161e-05	0.0
-4.491907e-06	-1.774382e-05	0.0
-4.272596e-06	-1.690907e-05	0.0
-5.080652e-06	-1.868938e-05	0.0
-3.937441e-06	-1.843476e-05	0.0
-3.582617e-06	-1.897243e-05	0.0
-2.998698e-06	-1.926865e-05	0.0
-3.792781e-06	-1.857131e-05	0.0
-4.158548e-06	-2.021826e-05	0.0
-3.221961e-06	-1.995387e-05	0.0
-4.708322e-06	-2.10505e-05	0.0
-4.622786e-06	-2.052478e-05	0.0
-3.448068e-06	-1.983395e-05	0.0
-4.825522e-06	-2.049535e-05	0.0
-4.156202e-06	-2.271223e-05	0.0
-3.555548e-06	-2.149394e-05	0.0
-4.706635e-06	-2.230271e-05	0.0
-4.488675e-06	-2.231981e-05	0.0
-4.362406e-06	-2.258104e-05	0.0
-4.598218e-06	-2.40906e-05	0.0
-4.130563e-06	-2.452409e-05	0.0
-4.817361e-06	-2.384821e-05	0.0
-4.596769e-06	-2.382626e-05	0.0
-4.35627e-06	-2.57497e-05	0.0
-4.367347e-06	-2.577429e-05	0.0
-2.979893e-06	-2.589526e-05	0.0
-3.305632e-06	-2.740802e-05	0.0
-4.108669e-06	-2.743007e-05	0.0
-5.151624e-06	-2.741609e-05	0.0
-5.047813e-06	-2.866192e-05	0.0
-4.472039e-06	-2.811997e-05	0.0
-4.331515e-06	-2.907405e-05	0.0
-5.734577e-06	-2.922216e-05	0.0
-4.004221e-06	-3.029981e-05	0.0
-5.25057e-06	-3.223699e-05	0.0
-5.266865e-06	-3.198138e-05	0.0
-5.152477e-06	-3.185134e-05	0.0
-4.456127e-06	-3.102278e-05	0.0
-4.680774e-06	-3.224484e-05	0.0
-4.785903e-06	-3.294802e-05	0.0
-5.722585e-06	-3.322072e-05	0.0
-4.115978e-06	-3.418217e-05	0.0
-4.204313e-06	-3.486482e-05	0.0
-4.903814e-06	-3.625245e-05	0.0
-4.562647e-06	-3.570559e-05	0.0
-4.662593e-06	-3.720936e-05	0.0
-5.367159e-06	-3.749072e-05	0.0
-4.436767e-06	-3.886558e-05	0.0
-5.695925e-06	-3.900406e-05	0.0
-5.479647e-06	-4.078848e-05	0.0
-5.577243e-06	-4.067091e-05	0.0
-6.510234e-06	-4.120256e-05	0.0
-5.478903e-06	-4.272608e-05	0.0
-5.127923e-06	-4.192118e-05	0.0
-4.538104e-06	-4.217101e-05	0.0
-5.802246e-06	-4.44986e-05	0.0
-5.695838e-06	-4.562776e-05	0.0
-5.809675e-06	-4.466963e-05	0.0
-5.235581e-06	-4.614947e-05	0.0
-5.220651e-06	-4.86376e-05	0.0
-6.144052e-06	-4.825287e-05	0.0
-6.037139e-06	-4.822997e-05	0.0
-5.575877e-06	-5.04301e-05	0.0
-5.106107e-06	-5.004563e-05	0.0
-5.787005e-06	-5.041903e-05	0.0
-6.265062e-06	-5.42763e-05	0.0
-5.103235e-06	-5.334131e-05	0.0
-5.795944e-06	-5.442403e-05	0.0
-4.862554e-06	-5.484709e-05	0.0
-6.59545e-06	-5.593154e-05	0.0
-5.104437e-06	-5.800087e-05	0.0
-5.781833e-06	-5.801045e-05	0.0
-5.330031e-06	-5.950624e-05	0.0
-4.981719e-06	-6.116194e-05	0.0
-4.397564e-06	-6.212753e-05	0.0
-4.857864e-06	-6.26938e-05	0.0
-4.5078e-06	-6.213273e-05	0.0
-5.201767e-06	-6.459899e-05	0.0
-4.619647e-06	-6.502019e-05	0.0
-5.882977e-06	-6.720567e-05	0.0
-5.437545e-06	-6.872594e-05	0.0
-5.072039e-06	-6.983324e-05	0.0
-6.342173e-06	-7.024249e-05	0.0
-5.890301e-06	-7.215892e-05	0.0
-5.768663e-06	-7.35344e-05	0.0
-5.761217e-06	-7.559154e-05	0.0
-6.344715e-06	-7.710855e-05	0.0
-5.421044e-06	-7.835203e-05	0.0
-6.097171e-06	-7.903259e-05	0.0
-6.684275e-06	-8.122844e-05	0.0
-6.225128e-06	-8.192999e-05	0.0
-5.879002e-06	-8.30147e-05	0.0
-5.182063e-06	-8.534524e-05	0.0
-5.516475e-06	-8.700298e-05	0.0
-6.208679e-06	-8.837579e-05	0.0
-6.558226e-06	-9.00244e-05	0.0
-6.44546e-06	-9.180153e-05	0.0
-6.209426e-06	-9.468304e-05	0.0
-6.439573e-06	-9.621434e-05	0.0
-6.095374e-06	-9.675611e-05	0.0
-5.974193e-06	-9.935191e-05	0.0
-6.088124e-06	-0.0001014258	0.0
-6.199482e-06	-0.0001026605	0.0
-6.435822e-06	-0.0001052516	0.0
-5.739248e-06	-0.0001082905	0.0
-6.197068e-06	-0.0001089701	0.0
-5.738626e-06	-0.0001130742	0.0
-5.958831e-06	-0.0001150159	0.0
-6.312034e-06	-0.0001172055	0.0
-5.731465e-06	-0.0001191388	0.0
-6.41288e-06	-0.0001203675	0.0
-6.882957e-06	-0.0001235146	0.0
-6.310167e-06	-0.0001261296	0.0
-6.065166e-06	-0.000128602	0.0
-6.989697e-06	-0.0001307982	0.0
-6.758434e-06	-0.0001335407	0.0
-7.561528e-06	-0.0001362812	0.0
-7.452358e-06	-0.0001395801	0.0
-7.559026e-06	-0.0001416414	0.0
-8.023886e-06	-0.0001445279	0.0
-7.677241e-06	-0.0001465738	0.0
-7.679996e-06	-0.0001513744	0.0
-6.752801e-06	-0.0001541156	0.0
-7.655718e-06	-0.0001592	0.0
-8.828933e-06	-0.0001604494	0.0
-7.328482e-06	-0.0001645399	0.0
-8.007605e-06	-0.0001683948	0.0
-8.122875e-06	-0.0001715522	0.0
-9.04496e-06	-0.0001752462	0.0
-8.594086e-06	-0.0001799156	0.0
-8.119449e-06	-0.0001832096	0.0
-9.263742e-06	-0.0001877361	0.0
-9.856711e-06	-0.0001913104	0.0
-8.697903e-06	-0.0001956847	0.0
-9.157627e-06	-0.0002007753	0.0
-8.231464e-06	-0.0002035155	0.0
-9.148695e-06	-0.0002092665	0.0
-8.580488e-06	-0.0002139357	0.0
-8.452032e-06	-0.0002192854	0.0
-9.374069e-06	-0.0002238092	0.0
-9.26699e-06	-0.0002295782	0.0
-9.022834e-06	-0.0002331426	0.0
-1.040897e-05	-0.0002394452	0.0
-9.725525e-06	-0.0002445169	0.0
-9.599958e-06	-0.0002519203	0.0
-1.017015e-05	-0.0002571431	0.0
-1.064666e-05	-0.0002631768	0.0
-8.681644e-06	-0.0002683857	0.0
-9.245841e-06	-0.0002752338	0.0
-9.020066e-06	-0.0002820964	0.0
-9.242561e-06	-0.0002885391	0.0
-9.707089e-06	-0.0002955327	0.0
-9.362112e-06	-0.0003018475	0.0
-9.243985e-06	-0.0003084179	0.0
-8.898523e-06	-0.0003170448	0.0
-8.88667e-06	-0.0003254219	0.0
-1.01538e-05	-0.0003324188	0.0
-1.039039e-05	-0.0003405014	0.0
-1.061757e-05	-0.0003491361	0.0
-1.107318e-05	-0.0003584594	0.0
-1.177245e-05	-0.0003672415	0.0
-1.107853e-05	-0.000375875	0.0
-1.153683e-05	-0.0003851951	0.0
-1.118686e-05	-0.0003949208	0.0
-1.210746e-05	-0.0004056167	0.0
-1.187797e-05	-0.000415493	0.0
-1.222882e-05	-0.0004261797	0.0
-1.107067e-05	-0.0004370178	0.0
-1.220675e-05	-0.0004472952	0.0
-1.336476e-05	-0.0004596324	0.0
-1.383826e-05	-0.0004715591	0.0
-1.279712e-05	-0.0004845866	0.0
-1.336116e-05	-0.0004959661	0.0
-1.393984e-05	-0.0005099282	0.0
-1.440171e-05	-0.0005243397	0.0
-1.440555e-05	-0.0005376287	0.0
-1.383213e-05	-0.0005535226	0.0
-1.346856e-05	-0.0005680639	0.0
-1.496919e-05	-0.0005834133	0.0
-1.462874e-05	-0.0005990434	0.0
-1.508709e-05	-0.0006150802	0.0
-1.462653e-05	-0.0006319375	0.0
-1.507855e-05	-0.000649333	0.0
-1.531811e-05	-0.0006685242	0.0
-1.484782e-05	-0.0006866219	0.0
-1.610484e-05	-0.0007059374	0.0
-1.6924e-05	-0.0007260864	0.0
-1.647061e-05	-0.0007469189	0.0
-1.599313e-05	-0.0007685803	0.0
-1.714694e-05	-0.0007898238	0.0
-1.702772e-05	-0.0008125638	0.0
-1.863602e-05	-0.0008361367	0.0
-1.88788e-05	-0.0008604044	0.0
-1.899084e-05	-0.0008843837	0.0
-1.943768e-05	-0.0009112227	0.0
-2.094837e-05	-0.0009393392	0.0
-2.014259e-05	-0.000965798	0.0
-2.105745e-05	-0.0009944228	0.0
-2.082988e-05	-0.001025247	0.0
-2.162815e-05	-0.00105665	0.0
-2.209306e-05	-0.001087893	0.0
-2.277654e-05	-0.001122007	0.0
-2.37083e-05	-0.001156559	0.0
-2.335992e-05	-0.001191088	0.0
-2.438674e-05	-0.001228095	0.0
-2.519793e-05	-0.001265124	0.0
-2.600318e-05	-0.001303756	0.0
-2.692146e-05	-0.001346239	0.0
-2.796631e-05	-0.001388609	0.0
-2.79647e-05	-0.001432333	0.0
-2.899531e-05	-0.001477551	0.0
-2.969129e-05	-0.001525257	0.0
-3.06031e-05	-0.001573377	0.0
-3.244963e-05	-0.001623382	0.0
-3.31492e-05	-0.001677109	0.0
-3.40613e-05	-0.001730586	0.0
-3.556729e-05	-0.001785693	0.0
-3.579621e-05	-0.001843771	0.0
-3.762615e-05	-0.001906021	0.0
-3.982298e-05	-0.001965669	0.0
-4.121091e-05	-0.002030323	0.0
-4.2591e-05	-0.002097903	0.0
-4.420524e-05	-0.00216587	0.0
-4.59264e-05	-0.00223879	0.0
-4.835875e-05	-0.002311988	0.0
-4.859368e-05	-0.002388034	0.0
-5.05327e-05	-0.002467102	0.0
-5.364111e-05	-0.002549066	0.0
-5.642933e-05	-0.002634224	0.0
-5.722799e-05	-0.00272111	0.0
-6.067907e-05	-0.002810475	0.0
-6.264897e-05	-0.002904625	0.0
-6.551816e-05	-0.003000462	0.0
-6.909396e-05	-0.003098204	0.0
-7.221432e-05	-0.003200433	0.0
-7.508873e-05	-0.003305578	0.0
-7.935184e-05	-0.003413086	0.0
-8.282487e-05	-0.003523039	0.0
-8.603665e-05	-0.003637029	0.0
-9.122871e-05	-0.003755499	0.0
-9.446679e-05	-0.003873138	0.0
-9.917423e-05	-0.003995303	0.0
-0.0001050572	-0.004119136	0.0
-0.0001100316	-0.004246485	0.0
-0.0001143964	-0.004374156	0.0
-0.0001213158	-0.004504892	0.0
-0.0001262851	-0.004634892	0.0
-0.0001324991	-0.004768207	0.0
-0.0001391866	-0.004902119	0.0
-0.00014634	-0.005034704	0.0
-0.0001531455	-0.00516654	0.0
-0.0001607414	-0.005297474	0.0
-0.0001697391	-0.005425716	0.0
-0.0001777107	-0.005551402	0.0
-0.0001855585	-0.005670121	0.0
-0.0001937314	-0.005784004	0.0
-0.0002037709	-0.005889771	0.0
-0.0002116358	-0.005986302	0.0
-0.0002196922	-0.006071938	0.0
-0.0002297298	-0.006143118	0.0
-0.0002387268	-0.006199205	0.0
-0.0002485485	-0.006235646	0.0
-0.0002558119	-0.006249008	0.0
-0.0002664059	-0.006236368	0.0
-0.0002754353	-0.00619139	0.0
-0.0002827076	-0.006110893	0.0
-0.0002905525	-0.00598732	0.0
-0.0002979369	-0.005816659	0.0
-0.0003051141	-0.005590444	0.0
-0.0003095002	-0.005297849	0.0
-0.0003158426	-0.004931387	0.0
-0.0003198018	-0.004479993	0.0
-0.0003214369	-0.003933098	0.0
-0.00032179	-0.003272669	0.0
-0.0003216891	-0.002485709	0.0
-0.0003196299	-0.001554987	0.0
-0.0003163038	-0.0004635503	0.0
-0.0003101	0.0008152096	0.0
-0.0003020257	0.00228995	0.0
-0.0002932671	0.003998103	0.0
-0.0002816201	0.005953684	0.0
-0.0002689234	0.008193151	0.0
-0.000253795	0.01072601	0.0
-0.0002372745	0.01358856	0.0
-0.000217846	0.01680349	0.0
-0.0001973658	0.02037507	0.0
-0.0001736334	0.02433429	0.0
-0.0001492785	0.02868032	0.0
-0.0001229508	0.03341931	0.0
-9.310457e-05	0.03852632	0.0
-6.366507e-05	0.04398911	0.0
-3.189015e-05	0.04975552	0.0
2.245705e-06	0.05579316	0.0
3.806984e-05	0.06200049	0.0
7.345963e-05	0.06831369	0.0
0.0001136251	0.07463746	0.0
0.0001529223	0.08082723	0.0
0.0001938408	0.08676605	0.0
0.000234299	0.09230371	0.0
0.0002756575	0.09730922	0.0
0.0003165254	0.1016089	0.0
0.0003563951	0.1050605	0.0
0.0003947752	0.1075174	0.0
0.0004315236	0.1088396	0.0
0.0004656159	0.1088973	0.0
0.0004948111	0.1075864	0.0
0.0005208319	0.1048102	0.0
0.0005427901	0.1004999	0.0
0.0005584956	0.09461143	0.0
0.000568566	0.08713299	0.0
0.0005694447	0.07806966	0.0
0.0005648562	0.06745631	0.0
0.0005522644	0.05536544	0.0
0.0005292505	0.04186461	0.0
0.0004989993	0.02719124	0.0
0.0004605584	0.01137001	0.0
0.000414315	-0.00538422	0.0
0.0003597205	-0.02289576	0.0
0.0002989045	-0.04092977	0.0
0.000230843	-0.0593011	0.0
0.0001585143	-0.07774633	0.0
8.066854e-05	-0.09608564	0.0
-8.394236e-07	-0.1139981	0.0
-8.35732e-05	-0.1312972	0.0
-0.0001672968	-0.1476989	0.0
-0.0002504804	-0.1630332	0.0
-0.0003336676	-0.1770295	0.0
-0.0004136033	-0.1895595	0.0
-0.0004919402	-0.2003602	0.0
-0.000563281	-0.2093174	0.0
-0.0006317791	-0.2162819	0.0
-0.0006927784	-0.2211183	0.0
-0.0007507212	-0.2237287	0.0
-0.0007992095	-0.2240419	0.0
-0.0008415246	-0.2220023	0.0
-0.0008772933	-0.2175855	0.0
-0.0009022529	-0.2107962	0.0
-0.0009223577	-0.2016665	0.0
-0.0009314663	-0.1902636	0.0
-0.0009316641	-0.1766735	0.0
-0.0009272163	-0.1610475	0.0
-0.0009103352	-0.1434884	0.0
-0.0008884964	-0.1242137	0.0
-0.00085458	-0.1034039	0.0
-0.0008143618	-0.0813126	0.0
-0.0007666937	-0.05815559	0.0
-0.0007091091	-0.03427627	0.0
-0.0006467387	-0.009866286	0.0
-0.0005771547	0.0148083	0.0
-0.0005004473	0.03939966	0.0
-0.0004182308	0.0636228	0.0
-0.0003337349	0.08722842	0.0
-0.0002434263	0.1098982	0.0
-0.0001520244	0.1313919	0.0
-5.667563e-05	0.1514159	0.0
3.813408e-05	0.1697453	0.0
0.0001311467	0.1861712	0.0
0.000226128	0.2004888	0.0
0.0003164305	0.2124964	0.0
0.0004047966	0.2220684	0.0
0.0004870312	0.2291071	0.0
0.0005636251	0.2334994	0.0
0.0006380065	0.2352045	0.0
0.0006988781	0.2341962	0.0
0.0007560371	0.2304842	0.0
0.0008038647	0.2241102	0.0
0.0008430108	0.2151387	0.0
0.0008749351	0.203676	0.0
0.0008938223	0.1898571	0.0
0.000905401	0.1738249	0.0
0.000908804	0.1558175	0.0
0.0008990923	0.1359923	0.0
0.0008838329	0.1146164	0.0
0.0008571848	0.09194472	0.0
0.0008241862	0.0682632	0.0
0.0007813959	0.04382965	0.0
0.0007320456	0.01896836	0.0
0.0006775934	-0.006035609	0.0
0.0006168801	-0.03088098	0.0
0.0005507832	-0.05522004	0.0
0.0004821196	-0.07884116	0.0
0.0004114375	-0.1014271	0.0
0.0003368335	-0.1227018	0.0
0.0002637312	-0.1424495	0.0
0.0001885403	-0.1603429	0.0
0.0001163836	-0.1762632	0.0
4.535447e-05	-0.1899609	0.0
-2.326308e-05	-0.201298	0.0
-8.735149e-05	-0.2101291	0.0
-0.0001495423	-0.2163659	0.0
-0.0002070657	-0.2199169	0.0
-0.0002582881	-0.22076	0.0
-0.0003049445	-0.218885	0.0
-0.0003467228	-0.2143157	0.0
-0.0003803049	-0.2071042	0.0
-0.0004084796	-0.1973262	0.0
-0.0004303348	-0.1851074	0.0
-0.0004477318	-0.1706247	0.0
-0.0004560739	-0.1540049	0.0
-0.0004567038	-0.1354696	0.0
-0.0004544405	-0.1152607	0.0
-0.0004423247	-0.09358098	0.0
-0.0004251431	-0.07078883	0.0
-0.0004004096	-0.0470784	0.0
-0.0003719534	-0.02277175	0.0
-0.0003366542	0.001820421	0.0
-0.0002959371	0.02644619	0.0
-0.0002500824	0.05078684	0.0
-0.0002002839	0.07450011	0.0
-0.0001468825	0.09736226	0.0
-8.954987e-05	0.1190248	0.0
-3.252621e-05	0.1392894	0.0
2.892009e-05	0.1578802	0.0
8.846761e-05	0.1745698	0.0
0.0001486797	0.1891527	0.0
0.0002072755	0.2014546	0.0
0.0002641843	0.2113204	0.0
0.0003168518	0.2186436	0.0
0.0003637169	0.2233385	0.0
0.0004083383	0.2253335	0.0
0.0004449563	0.224621	0.0
0.000476492	0.2212003	0.0
0.0005018504	0.2151137	0.0
0.0005172664	0.2064312	0.0
0.000529375	0.1952469	0.0
0.0005302078	0.1816969	0.0
0.0005267634	0.1659439	0.0
0.0005143082	0.1481776	0.0
0.0004961077	0.1286075	0.0
0.0004724388	0.1074783	0.0
0.0004399525	0.08508365	0.0
0.0004066583	0.06163771	0.0
0.0003660078	0.0374513	0.0
0.0003233583	0.01280391	0.0
0.0002792022	-0.01199384	0.0
0.0002319937	-0.03659465	0.0
0.0001845553	-0.06076106	0.0
0.0001379453	-0.08421393	0.0
9.015646e-05	-0.1065973	0.0
4.490967e-05	-0.1277142	0.0
3.661471e-07	-0.1472119	0.0
-4.238417e-05	-0.1649399	0.0
-8.231485e-05	-0.1806553	0.0
-0.0001196907	-0.194147	0.0
-0.0001528016	-0.2052731	0.0
-0.0001817138	-0.2139014	0.0
-0.000207964	-0.2199232	0.0
-0.0002287129	-0.2232743	0.0
-0.0002456086	-0.2239073	0.0
-0.0002560274	-0.2218199	0.0
-0.0002608161	-0.2170336	0.0
-0.0002606636	-0.2096051	0.0
-0.0002528452	-0.1996177	0.0
-0.0002370929	-0.1871595	0.0
-0.000215006	-0.1724288	0.0
-0.0001846598	-0.1556701	0.0
-0.0001438711	-0.1369407	0.0
-9.726035e-05	-0.1165344	0.0
-4.079995e-05	-0.09464944	0.0
2.293992e-05	-0.07164647	0.0
9.400034e-05	-0.0477657	0.0
0.0001725942	-0.02326809	0.0
0.0002563419	0.001505536	0.0
0.0003465503	0.02622581	0.0
0.0004389363	0.05066945	0.0
0.0005336748	0.07450698	0.0
0.000628452	0.09743851	0.0
0.0007233224	0.1192111	0.0
0.0008167955	0.1395356	0.0
0.0009067783	0.1581941	0.0
0.0009898321	0.1748923	0.0
0.001068374	0.1894848	0.0
0.001137151	0.2018115	0.0
0.001196559	0.2116818	0.0
0.001248683	0.2190024	0.0
0.00128409	0.2236775	0.0
0.001316019	0.2256555	0.0
0.001327975	0.224916	0.0
0.001333226	0.2214679	0.0
0.001325987	0.2153462	0.0
0.001300785	0.2066226	0.0
0.001274554	0.1954075	0.0
0.001224946	0.1818179	0.0
0.001173368	0.1660191	0.0
0.001107122	0.1482287	0.0
0.001033303	0.1286259	0.0
0.0009530716	0.1074623	0.0
0.0008634176	0.08498164	0.0
0.0007676759	0.06147939	0.0
0.0006686288	0.03722651	0.0
0.0005635841	0.01253971	0.0
0.0004588145	-0.01227998	0.0
0.0003516327	-0.03694415	0.0
0.0002420434	-0.06113046	0.0
0.0001337837	-0.08464006	0.0
2.714957e-05	-0.1070798	0.0
-7.651894e-05	-0.1282552	0.0
-0.0001761477	-0.147822	0.0
-0.0002730452	-0.165641	0.0
-0.000363002	-0.1813832	0.0
-0.0004473017	-0.1949267	0.0
-0.0005283633	-0.2061064	0.0
-0.0005966762	-0.2147872	0.0
-0.0006641417	-0.2208486	0.0
-0.0007176601	-0.2242391	0.0
-0.0007658039	-0.2249057	0.0
-0.0008058792	-0.2228453	0.0
-0.0008328481	-0.2180788	0.0
-0.0008575627	-0.2106626	0.0
-0.0008661076	-0.2006769	0.0
-0.0008682294	-0.1882612	0.0
-0.0008606522	-0.173532	0.0
-0.0008434792	-0.1566803	0.0
-0.0008174847	-0.1379745	0.0
-0.000783637	-0.1175471	0.0
-0.0007381491	-0.09567679	0.0
-0.0006872236	-0.07266572	0.0
-0.0006286534	-0.04875654	0.0
-0.0005627472	-0.02426635	0.0
-0.0004922954	0.0005213112	0.0
-0.00041458	0.02531691	0.0
-0.0003339618	0.04976687	0.0
-0.0002513576	0.0736554	0.0
-0.0001676658	0.09658776	0.0
-8.237841e-05	0.1183862	0.0
2.619513e-06	0.1387338	0.0
8.633864e-05	0.1574007	0.0
0.000164834	0.1741492	0.0
0.0002420955	0.1887741	0.0
0.0003102138	0.201103	0.0
0.0003763872	0.2110095	0.0
0.0004347872	0.2183353	0.0
0.0004820069	0.2230383	0.0
0.0005264354	0.2250307	0.0
0.000558283	0.2243124	0.0
0.0005813136	0.2208804	0.0
0.0005958504	0.2147778	0.0
0.0005968718	0.2060686	0.0
0.0005924908	0.1948736	0.0
0.0005738852	0.1812972	0.0
0.0005458644	0.1655302	0.0
0.0005110187	0.1477405	0.0
0.0004652889	0.1281447	0.0
0.0004126441	0.1070279	0.0
0.0003489278	0.08457617	0.0
0.0002798934	0.06110936	0.0
0.0002029988	0.03689431	0.0
0.0001216937	0.01221455	0.0
3.659136e-05	-0.01263261	0.0
-5.317732e-05	-0.0372768	0.0
-0.0001434752	-0.06148933	0.0
-0.0002386324	-0.08499622	0.0
-0.0003323492	-0.1074534	0.0
-0.0004240602	-0.1286211	0.0
-0.0005141651	-0.1482005	0.0
-0.0006032878	-0.1660121	0.0
-0.0006870558	-0.1818223	0.0
-0.0007668609	-0.1954045	0.0
-0.0008402155	-0.2066511	0.0
-0.0009073275	-0.2153685	0.0
-0.0009673944	-0.2214987	0.0
-0.001018827	-0.2249501	0.0
-0.001062276	-0.2256794	0.0
-0.001094027	-0.2236805	0.0
-0.001119148	-0.2189805	0.0
-0.001132786	-0.2116244	0.0
-0.001135559	-0.2017258	0.0
-0.001129657	-0.1893659	0.0
-0.00110992	-0.174684	0.0
-0.001083141	-0.1578773	0.0
-0.001044024	-0.139144	0.0
-0.0009966281	-0.1187642	0.0
-0.0009400538	-0.09691531	0.0
-0.000875545	-0.07387737	0.0
-0.0008034746	-0.04996094	0.0
-0.0007251281	-0.02543817	0.0
-0.0006426693	-0.0006083355	0.0
-0.0005544121	0.0242346	0.0
-0.0004655377	0.04873354	0.0
-0.0003709635	0.07266151	0.0
-0.0002789328	0.09569912	0.0
-0.000186845	0.117586	0.0
-9.547034e-05	0.1380384	0.0
-6.811896e-06	0.1568048	0.0
7.691002e-05	0.1736352	0.0
0.0001555482	0.1883802	0.0
0.0002296422	0.2007962	0.0
0.0002989836	0.2107823	0.0
0.0003588179	0.2182161	0.0
0.0004135626	0.222995	0.0
0.0004600946	0.2250832	0.0
0.0004962577	0.2244425	0.0
0.0005258492	0.2210733	0.0
0.0005482981	0.2150385	0.0
0.0005586435	0.2063988	0.0
0.0005628762	0.195258	0.0
0.0005565062	0.1817358	0.0
0.0005441525	0.1660234	0.0
0.0005224103	0.1482826	0.0
0.0004921936	0.1287208	0.0
0.000454371	0.1076359	0.0
0.0004087122	0.08523474	0.0
0.0003555447	0.06179608	0.0
0.0002969339	0.03759772	0.0
0.0002309781	0.01293105	0.0
0.0001596689	-0.01180734	0.0
8.290765e-05	-0.03648839	0.0
1.002549e-06	-0.06064643	0.0
-8.58061e-05	-0.08413338	0.0
-0.0001737347	-0.1065936	0.0
-0.000268123	-0.1277385	0.0
-0.0003623753	-0.1473578	0.0
-0.0004591926	-0.1651711	0.0
-0.0005555012	-0.1809756	0.0
-0.0006503864	-0.1945856	0.0
-0.0007441228	-0.2058481	0.0
-0.0008341479	-0.2145925	0.0
-0.0009205577	-0.2207551	0.0
-0.001000779	-0.2242342	0.0
-0.001073539	-0.2250111	0.0
-0.001140208	-0.2230654	0.0
-0.001193412	-0.2184173	0.0
-0.001242	-0.2111395	0.0
-0.001274726	-0.2012852	0.0
-0.001297411	-0.1889861	0.0
-0.001312576	-0.1743933	0.0
-0.001304307	-0.157644	0.0
-0.001293802	-0.1390405	0.0
-0.001264953	-0.1187122	0.0
-0.001223654	-0.09696527	0.0
-0.001172262	-0.07404087	0.0
-0.001106612	-0.05019791	0.0
-0.001031464	-0.02576386	0.0
-0.0009464296	-0.001007335	0.0
-0.0008525309	0.02375679	0.0
-0.0007509814	0.048188	0.0
-0.0006437423	0.07209038	0.0
-0.0005326301	0.09504044	0.0
-0.0004173839	0.116864	0.0
-0.0003018593	0.1372628	0.0
-0.0001846688	0.1559734	0.0
-7.124108e-05	0.1727774	0.0
3.987417e-05	0.1874731	0.0
0.0001473992	0.1998824	0.0
0.000247037	0.2098712	0.0
0.000341911	0.2172949	0.0
0.0004270881	0.2220902	0.0
0.0005041279	0.2241796	0.0
0.0005719798	0.2235531	0.0
0.0006271745	0.2202208	0.0
0.0006771378	0.2142097	0.0
0.000713072	0.2055933	0.0
0.0007403473	0.1944741	0.0
0.0007594624	0.1809939	0.0
0.0007640548	0.165301	0.0
0.0007658253	0.1476367	0.0
0.0007547548	0.128121	0.0
0.0007391745	0.1070613	0.0
0.0007150773	0.08468128	0.0
0.0006826691	0.0612822	0.0
0.0006465564	0.03713242	0.0
0.0006037994	0.01253635	0.0
0.0005582275	-0.01221053	0.0
0.0005060509	-0.03681348	0.0
0.0004487132	-0.06099825	0.0
0.0003912337	-0.08438005	0.0
0.000328468	-0.1067824	0.0
0.0002652427	-0.1278425	0.0
0.0001994874	-0.1473633	0.0
0.0001324248	-0.1650909	0.0
6.518407e-05	-0.1807826	0.0
-9.676296e-07	-0.1943076	0.0
-6.748518e-05	-0.2054386	0.0
-0.0001309809	-0.2140807	0.0
-0.000191545	-0.2201234	0.0
-0.0002500645	-0.2234909	0.0
-0.0003024377	-0.224148	0.0
-0.0003504846	-0.2220844	0.0
-0.0003958273	-0.2173286	0.0
-0.000429282	-0.2099351	0.0
-0.0004611451	-0.1999847	0.0
-0.0004841815	-0.1876007	0.0
-0.0004982408	-0.1729193	0.0
-0.0005049249	-0.1561413	0.0
-0.0005021209	-0.1374534	0.0
-0.0004952346	-0.1170806	0.0
-0.0004767402	-0.09526543	0.0
-0.0004532102	-0.07228249	0.0
-0.0004198147	-0.048404	0.0
-0.0003800556	-0.02394533	0.0
-0.0003352518	0.0007513511	0.0
-0.0002840252	0.0254912	0.0
-0.0002281034	0.04992458	0.0
-0.0001669676	0.07377983	0.0
-0.0001020806	0.09673147	0.0
-3.74655e-05	0.1185326	0.0
3.055379e-05	0.1389054	0.0
9.793061e-05	0.157584	0.0
0.0001644199	0.1743863	0.0
0.0002300778	0.1890445	0.0
0.0002924801	0.201451	0.0
0.0003522699	0.2113791	0.0
0.0004078981	0.2187727	0.0
0.0004558882	0.2235209	0.0
0.000503271	0.2255736	0.0
0.0005385526	0.2249032	0.0
0.0005729512	0.2215243	0.0
0.0005936902	0.2154641	0.0
0.0006149191	0.2068002	0.0
0.0006244078	0.1956472	0.0
0.000625123	0.1821147	0.0
0.0006212614	0.1663684	0.0
0.0006060302	0.1485958	0.0
0.0005866153	0.1290198	0.0
0.0005580865	0.1078745	0.0
0.0005242655	0.08542433	0.0
0.0004816811	0.06192464	0.0
0.0004356419	0.03772017	0.0
0.0003815732	0.01310171	0.0
0.0003241197	-0.01172048	0.0
0.0002638588	-0.03648192	0.0
0.0002001792	-0.06063381	0.0
0.0001330378	-0.08422707	0.0
6.241471e-05	-0.1066228	0.0
-4.710758e-06	-0.1278111	0.0
-7.473796e-05	-0.147428	0.0
-0.0001403982	-0.1652607	0.0
-0.0002076121	-0.1810726	0.0
-0.0002720324	-0.1947116	0.0
-0.0003290426	-0.2059516	0.0
-0.0003860479	-0.2146873	0.0
-0.0004335525	-0.2208342	0.0
-0.0004813276	-0.2242959	0.0
-0.0005191601	-0.225049	0.0
-0.000550816	-0.2230787	0.0
-0.0005767831	-0.2184095	0.0
-0.0005917684	-0.2110882	0.0
-0.0006059938	-0.201216	0.0
-0.0006065693	-0.1888775	0.0
-0.0006006811	-0.1742527	0.0
-0.0005876895	-0.1574919	0.0
-0.0005641585	-0.1388631	0.0
-0.0005356451	-0.1185125	0.0
-0.0004953985	-0.09671704	0.0
-0.0004513739	-0.07375836	0.0
-0.000397048	-0.04987435	0.0
-0.0003368985	-0.02539658	0.0
-0.0002726569	-0.0006085559	0.0
-0.0001997944	0.02421815	0.0
-0.0001223287	0.04871998	0.0
-4.21899e-05	0.07265235	0.0
4.136001e-05	0.09569318	0.0
0.0001275274	0.1175633	0.0
0.0002130571	0.1380287	0.0
0.0003038663	0.1567986	0.0
0.0003873406	0.1736708	0.0
0.0004736557	0.1884213	0.0
0.0005548949	0.2008768	0.0
0.000631329	0.2109181	0.0
0.0007048682	0.2183704	0.0
0.0007676817	0.2232016	0.0
0.0008278994	0.2253098	0.0
0.0008776647	0.2247004	0.0
0.0009202897	0.2213603	0.0
0.0009538885	0.2153407	0.0
0.0009774838	0.2067057	0.0
0.0009921886	0.1955657	0.0
0.000999317	0.1820742	0.0
0.0009944508	0.1663472	0.0
0.0009838809	0.1485973	0.0
0.0009608149	0.1290166	0.0
0.0009334725	0.1078817	0.0
0.000895875	0.08541173	0.0
0.000854563	0.0619264	0.0
0.0008086448	0.0376773	0.0
0.000758033	0.01295152	0.0
0.0007054233	-0.01191459	0.0
0.0006495515	-0.03661592	0.0
0.0005929184	-0.06091783	0.0
0.0005354329	-0.08441805	0.0
0.0004816659	-0.1068982	0.0
0.0004267488	-0.1281052	0.0
0.0003785424	-0.1477659	0.0
0.0003284685	-0.1656136	0.0
0.0002861423	-0.1814673	0.0
0.0002479326	-0.1951107	0.0
0.0002119027	-0.2063722	0.0
0.00018395	-0.2151484	0.0
0.0001611362	-0.2213009	0.0
0.0001429891	-0.2247916	0.0
0.0001334421	-0.2255576	0.0
0.0001255459	-0.2236021	0.0
0.0001265446	-0.2189458	0.0
0.0001346195	-0.2116436	0.0
0.0001469047	-0.2017788	0.0
0.0001671049	-0.1894681	0.0
0.0001904909	-0.1748638	0.0
0.0002222765	-0.1581274	0.0
0.000257679	-0.1394651	0.0
0.0002984304	-0.119138	0.0
0.0003426055	-0.09734809	0.0
0.0003901887	-0.0743904	0.0
0.000442454	-0.05054317	0.0
0.000495218	-0.02611507	0.0
0.0005502284	-0.001366562	0.0
0.0006068366	0.02340673	0.0
0.0006632885	0.04782063	0.0
0.0007183912	0.07167959	0.0
0.0007718213	0.09466523	0.0
0.0008214274	0.1164576	0.0
0.0008662706	0.1368404	0.0
0.0009065556	0.1555665	0.0
0.0009409761	0.1723752	0.0
0.0009685948	0.1870782	0.0
0.0009880824	0.1995012	0.0
0.00100259	0.2094756	0.0
0.001005322	0.2169206	0.0
0.001001199	0.2217151	0.0
0.0009897976	0.22383	0.0
0.0009686034	0.2232266	0.0
0.0009413487	0.2199186	0.0
0.0009043805	0.2139404	0.0
0.000860262	0.205363	0.0
0.0008096853	0.1942725	0.0
0.0007523263	0.1808314	0.0
0.0006901446	0.1651844	0.0
0.0006233015	0.147518	0.0
0.0005515719	0.1280609	0.0
0.0004768177	0.1070369	0.0
0.0003986029	0.08468505	0.0
0.000318079	0.06129987	0.0
0.0002355607	0.03718655	0.0
0.0001533355	0.01267073	0.0
6.990306e-05	-0.01203403	0.0
-1.230984e-05	-0.03661763	0.0
-9.355793e-05	-0.06072369	0.0
-0.0001740262	-0.08410409	0.0
-0.0002513603	-0.106474	0.0
-0.000326387	-0.127545	0.0
-0.0003963634	-0.1470846	0.0
-0.0004633708	-0.1647969	0.0
-0.0005248062	-0.1805197	0.0
-0.0005792436	-0.1940476	0.0
-0.0006300127	-0.2052227	0.0
-0.0006689993	-0.2139013	0.0
-0.000702713	-0.2199945	0.0
-0.0007280743	-0.2234122	0.0
-0.0007441776	-0.2241306	0.0
-0.0007495895	-0.2221361	0.0
-0.0007487205	-0.2174455	0.0
-0.0007364242	-0.2101105	0.0
-0.0007176918	-0.2002486	0.0
-0.0006873599	-0.1879381	0.0
-0.0006493136	-0.1733409	0.0
-0.0006020427	-0.1566337	0.0
-0.0005494559	-0.1380143	0.0
-0.0004868798	-0.1177097	0.0
-0.000422139	-0.09595342	0.0
-0.0003494168	-0.07297554	0.0
-0.000272553	-0.04918624	0.0
-0.0001910353	-0.02485587	0.0
-0.0001091937	-0.0001460517	0.0
-2.591584e-05	0.02466697	0.0
5.813909e-05	0.04900672	0.0
0.000141102	0.07289495	0.0
0.0002221419	0.09586392	0.0
0.0003010829	0.1176516	0.0
0.0003744532	0.1380488	0.0
0.0004433614	0.1567413	0.0
0.000507724	0.1735617	0.0
0.0005631587	0.1882649	0.0
0.0006139365	0.2006903	0.0
0.0006569718	0.2106937	0.0
0.0006921571	0.2181634	0.0
0.000716356	0.2229771	0.0
0.0007342667	0.2251062	0.0
0.0007411555	0.2245181	0.0
0.0007402034	0.2212222	0.0
0.0007303761	0.2152529	0.0
0.0007090031	0.2066711	0.0
0.0006825574	0.1956022	0.0
0.0006454258	0.1821433	0.0
0.0006000882	0.1664824	0.0
0.0005475832	0.1487847	0.0
0.0004843884	0.1292732	0.0
0.0004188666	0.1081726	0.0
0.0003438072	0.08581131	0.0
0.000265007	0.06238822	0.0
0.0001818437	0.03820147	0.0
9.418924e-05	0.01354168	0.0
6.608627e-06	-0.01127313	0.0
-8.547545e-05	-0.03595744	0.0
-0.000177821	-0.06020271	0.0
-0.000269582	-0.08370631	0.0
-0.0003600296	-0.1061933	0.0
-0.0004513414	-0.1273911	0.0
-0.0005344377	-0.1470605	0.0
-0.0006186771	-0.1649166	0.0
-0.0006962472	-0.1807924	0.0
-0.0007677053	-0.1944371	0.0
-0.0008371638	-0.2057488	0.0
-0.0008945821	-0.2145363	0.0
-0.0009512334	-0.2207306	0.0
-0.0009972774	-0.2242589	0.0
-0.001036045	-0.225068	0.0
-0.001068714	-0.2231569	0.0
-0.001090909	-0.2185449	0.0
-0.001108085	-0.2112886	0.0
-0.001110959	-0.2014689	0.0
-0.001112002	-0.1892095	0.0
-0.001100503	-0.1746339	0.0
-0.001080824	-0.1579389	0.0
-0.001055311	-0.1393628	0.0
-0.001017622	-0.1190561	0.0
-0.000974873	-0.09731635	0.0
-0.0009227559	-0.07440241	0.0
-0.0008644043	-0.05061088	0.0
-0.0007998591	-0.02620478	0.0
-0.0007268804	-0.001485593	0.0
-0.0006515124	0.02325416	0.0
-0.0005680074	0.04769624	0.0
-0.0004836426	0.07153346	0.0
-0.0003955509	0.09452754	0.0
-0.0003049039	0.1163561	0.0
-0.000214028	0.1367705	0.0
-0.0001238062	0.1555089	0.0
-3.401859e-05	0.1723467	0.0
5.151411e-05	0.1871035	0.0
0.0001339608	0.1995383	0.0
0.0002137958	0.2095535	0.0
0.0002849661	0.217039	0.0
0.0003510532	0.2218992	0.0
0.0004077763	0.2240636	0.0
0.0004561947	0.2235193	0.0
0.0004971863	0.2202608	0.0
0.0005265368	0.214341	0.0
0.0005454902	0.2058127	0.0
0.0005563806	0.1947894	0.0
0.0005565742	0.1813697	0.0
0.0005463928	0.1657818	0.0
0.0005278426	0.1481504	0.0
0.0004998014	0.1286881	0.0
0.0004635137	0.1076882	0.0
0.00042149	0.08533977	0.0
0.0003695313	0.06195254	0.0
0.0003159915	0.03780636	0.0
0.0002576024	0.01318707	0.0
0.000194504	-0.01161175	0.0
0.0001295016	-0.03625052	0.0
6.383931e-05	-0.06048046	0.0
-5.78498e-07	-0.08399621	0.0
-6.460212e-05	-0.1064618	0.0
-0.000128764	-0.1276361	0.0
-0.0001891671	-0.1472851	0.0
-0.0002456883	-0.1651413	0.0
-0.0003045652	-0.1809889	0.0
-0.0003513895	-0.1946462	0.0
-0.0003989442	-0.2059236	0.0
-0.0004388403	-0.214718	0.0
-0.0004744535	-0.2209096	0.0
-0.0005074264	-0.2244094	0.0
-0.0005302879	-0.2252016	0.0
-0.0005517044	-0.2232686	0.0
-0.0005645863	-0.2186307	0.0
-0.0005734447	-0.2113341	0.0
-0.0005795928	-0.2014957	0.0
-0.0005727974	-0.1891958	0.0
-0.0005671855	-0.1746016	0.0
-0.0005496526	-0.157868	0.0
-0.0005309483	-0.1391952	0.0
-0.0005070107	-0.1188733	0.0
-0.0004745257	-0.09707052	0.0
-0.0004393126	-0.07411813	0.0
-0.0003973603	-0.05026519	0.0
-0.0003530362	-0.02580849	0.0
-0.000304946	-0.001000449	0.0
-0.0002552674	0.02376982	0.0
-0.0002027403	0.04826161	0.0
-0.0001505196	0.07223833	0.0
-9.58173e-05	0.09524429	0.0
-4.36464e-05	0.1171328	0.0
7.515494e-06	0.1375902	0.0
5.68729e-05	0.1563876	0.0
9.823473e-05	0.1732899	0.0
0.0001406405	0.188066	0.0
0.0001731173	0.2005737	0.0
0.0002054706	0.2106371	0.0
0.0002321462	0.2181578	0.0
0.0002498784	0.2230355	0.0
0.0002633266	0.2252153	0.0
0.0002658844	0.224678	0.0
0.0002702415	0.2214269	0.0
0.0002610114	0.2154875	0.0
0.0002489206	0.2069521	0.0
0.0002318434	0.1959001	0.0
0.0002073252	0.1824043	0.0
0.0001799905	0.1668176	0.0
0.00014416	0.1491411	0.0
0.000106744	0.1296601	0.0
6.534104e-05	0.1085517	0.0
1.799862e-05	0.08616433	0.0
-2.817972e-05	0.06276143	0.0
-7.804013e-05	0.03860279	0.0
-0.0001287109	0.01399048	0.0
-0.0001782585	-0.01084851	0.0
-0.0002285467	-0.03547341	0.0
-0.0002770545	-0.05969306	0.0
-0.0003242149	-0.08320715	0.0
-0.0003673085	-0.1056735	0.0
-0.0004090061	-0.1268624	0.0
-0.0004454979	-0.1464976	0.0
-0.0004799599	-0.1643496	0.0
-0.0005063715	-0.1802072	0.0
-0.0005321725	-0.1938471	0.0
-0.0005485135	-0.2051715	0.0
-0.0005618883	-0.213976	0.0
-0.0005712499	-0.2201923	0.0
-0.0005706773	-0.2237507	0.0
-0.0005691223	-0.2245968	0.0
-0.0005591431	-0.2227243	0.0
-0.0005442132	-0.218142	0.0
-0.0005256135	-0.2109438	0.0
-0.0004999007	-0.201151	0.0
-0.0004699597	-0.188943	0.0
-0.0004326895	-0.174422	0.0
-0.0003906849	-0.1577816	0.0
-0.0003437188	-0.1392239	0.0
-0.0002909264	-0.1189467	0.0
-0.0002343893	-0.0972177	0.0
-0.0001722506	-0.0743288	0.0
-0.0001062596	-0.05052903	0.0
-3.445116e-05	-0.02606538	0.0
3.939293e-05	-0.001376444	0.0
0.0001176956	0.02338621	0.0
0.0001989442	0.04783013	0.0
0.0002827547	0.07170431	0.0
0.0003668726	0.09472641	0.0
0.0004524599	0.11657	0.0
0.0005360335	0.1369941	0.0
0.0006190076	0.1557515	0.0
0.0006963321	0.1726119	0.0
0.000775365	0.1873516	0.0
0.0008443845	0.1998256	0.0
0.0009075353	0.2098604	0.0
0.000968055	0.217351	0.0
0.001014259	0.222218	0.0
0.001058561	0.2243805	0.0
0.001086191	0.2238357	0.0
0.001108179	0.2205742	0.0
0.001118061	0.2146471	0.0
0.001116407	0.2061151	0.0
0.001105781	0.1950808	0.0
0.001080975	0.1816585	0.0
0.001046832	0.1660544	0.0
0.001001321	0.14841	0.0
0.0009463093	0.1289695	0.0
0.0008828618	0.1079568	0.0
0.000810305	0.08560976	0.0
0.0007310474	0.06225941	0.0
0.0006439221	0.03813069	0.0
0.0005524318	0.01354106	0.0
0.0004572189	-0.01122884	0.0
0.0003567536	-0.03582947	0.0
0.0002535566	-0.06005533	0.0
0.000152551	-0.08346441	0.0
5.062013e-05	-0.1058968	0.0
-4.91095e-05	-0.1270565	0.0
-0.0001449141	-0.1466322	0.0
-0.0002390223	-0.164424	0.0
-0.0003279808	-0.1802277	0.0
-0.0004112552	-0.1938332	0.0
-0.0004844597	-0.2050843	0.0
-0.0005524372	-0.2138437	0.0
-0.0006131359	-0.2200067	0.0
-0.0006631263	-0.2235067	0.0
-0.0007049792	-0.2242971	0.0
-0.0007375734	-0.222371	0.0
-0.0007586643	-0.2177545	0.0
-0.0007734151	-0.2104924	0.0
-0.0007762128	-0.2006844	0.0
-0.0007691172	-0.1884369	0.0
-0.000753183	-0.1738934	0.0
-0.0007261734	-0.1572296	0.0
-0.0006941985	-0.138654	0.0
-0.0006520433	-0.118365	0.0
-0.0006013662	-0.096666	0.0
-0.0005459006	-0.07378443	0.0
-0.0004810196	-0.0499498	0.0
-0.0004150822	-0.02558998	0.0
-0.0003414684	-0.0008654914	0.0
-0.0002672972	0.02384746	0.0
-0.0001881089	0.04827442	0.0
-0.0001109644	0.07214455	0.0
-3.030032e-05	0.09512883	0.0
4.804781e-05	0.1169899	0.0
0.0001256433	0.1374662	0.0
0.0002006487	0.1562171	0.0
0.000269656	0.1730924	0.0
0.0003395927	0.1878669	0.0
0.0004002815	0.2003918	0.0
0.0004565271	0.2104607	0.0
0.0005078041	0.2179928	0.0
0.0005491487	0.2228942	0.0
0.0005885864	0.2250997	0.0
0.000614554	0.2245935	0.0
0.000639058	0.2213679	0.0
0.0006520024	0.2154704	0.0
0.0006579245	0.2069577	0.0
0.0006546226	0.1959141	0.0
0.0006420981	0.1825253	0.0
0.0006229066	0.1669035	0.0
0.0005917651	0.1492428	0.0
0.00055538	0.1297616	0.0
0.0005112656	0.108699	0.0
0.0004580282	0.08629559	0.0
0.0004013472	0.06290536	0.0
0.0003368153	0.03872912	0.0
0.0002673605	0.01402626	0.0
0.0001951942	-0.01076594	0.0
0.0001189483	-0.03549515	0.0
3.965302e-05	-0.05974532	0.0
-3.721752e-05	-0.08331519	0.0
-0.0001150108	-0.1058275	0.0
-0.0001901222	-0.1270447	0.0
-0.0002618898	-0.1467496	0.0
-0.0003312557	-0.1646554	0.0
-0.0003952515	-0.1805518	0.0
-0.0004538874	-0.1942381	0.0
-0.0005076707	-0.2055654	0.0
-0.0005502267	-0.2144038	0.0
-0.0005909023	-0.2206346	0.0
-0.0006185765	-0.2242066	0.0
-0.0006414541	-0.2250362	0.0
-0.0006572919	-0.22315	0.0
-0.0006582877	-0.2185558	0.0
-0.0006591757	-0.21132	0.0
-0.000645692	-0.2015073	0.0
-0.0006282112	-0.1892562	0.0
-0.0006005069	-0.1747114	0.0
-0.0005670439	-0.1580507	0.0
-0.0005260822	-0.139461	0.0
-0.0004772357	-0.1191629	0.0
-0.0004242814	-0.09738266	0.0
-0.000365832	-0.07450406	0.0
-0.0003000608	-0.05066893	0.0
-0.0002331205	-0.02627565	0.0
-0.0001592946	-0.001523788	0.0
-8.560498e-05	0.02319665	0.0
-6.771841e-06	0.04765676	0.0
7.126824e-05	0.07152351	0.0
0.0001498441	0.09451133	0.0
0.0002258338	0.1163492	0.0
0.0003031758	0.1367604	0.0
0.000374581	0.155569	0.0
0.0004442661	0.1724072	0.0
0.000507276	0.187155	0.0
0.0005621831	0.1996344	0.0
0.000613817	0.2096874	0.0
0.0006541124	0.2172057	0.0
0.0006886485	0.2220757	0.0
0.0007096424	0.2242619	0.0
0.0007221228	0.2237305	0.0
0.0007232289	0.2204887	0.0
0.000714251	0.2145809	0.0
0.0006964284	0.2060715	0.0
0.0006659181	0.1950461	0.0
0.0006262989	0.1816683	0.0
0.0005758483	0.1660571	0.0
0.0005182782	0.1484241	0.0
0.0004501709	0.1289808	0.0
0.000378496	0.1079744	0.0
0.0002982954	0.08562157	0.0
0.0002128797	0.06224417	0.0
0.0001262883	0.03809392	0.0
3.535964e-05	0.01344127	0.0
-5.467924e-05	-0.01128399	0.0
-0.0001463395	-0.03593279	0.0
-0.000236125	-0.06013868	0.0
-0.0003247763	-0.08364096	0.0
-0.0004078653	-0.1061635	0.0
-0.0004891179	-0.1273642	0.0
-0.0005641234	-0.1470415	0.0
-0.0006310569	-0.1649393	0.0
-0.0006943352	-0.1808211	0.0
-0.0007461504	-0.1945265	0.0
-0.0007928858	-0.2058675	0.0
-0.0008285272	-0.2147196	0.0
-0.0008570774	-0.220969	0.0
-0.0008786369	-0.2245521	0.0
-0.0008875827	-0.2254153	0.0
-0.0008895575	-0.2235554	0.0
-0.0008826149	-0.2189952	0.0
-0.0008640069	-0.2117811	0.0
-0.0008408391	-0.2020032	0.0
-0.0008038931	-0.1897692	0.0
-0.0007601781	-0.1752397	0.0
-0.0007078421	-0.1585732	0.0
-0.0006478638	-0.139969	0.0
-0.0005803622	-0.1196705	0.0
-0.0005048256	-0.0978877	0.0
-0.0004244828	-0.07498367	0.0
-0.0003387815	-0.05113696	0.0
-0.0002486677	-0.02668194	0.0
-0.0001553582	-0.001902014	0.0
-5.943417e-05	0.02289223	0.0
3.75188e-05	0.04741804	0.0
0.0001342518	0.07140382	0.0
0.0002301474	0.09446161	0.0
0.0003240413	0.1163625	0.0
0.0004145874	0.1368935	0.0
0.0004976681	0.1557384	0.0
0.0005795085	0.1726874	0.0
0.0006528292	0.1875517	0.0
0.0007193198	0.2001285	0.0
0.00077782	0.2102767	0.0
0.0008275171	0.2178782	0.0
0.0008695901	0.2228393	0.0
0.0009028674	0.2251103	0.0
0.0009241657	0.2246622	0.0
0.000938803	0.221495	0.0
0.0009420245	0.2156551	0.0
0.0009343721	0.2071967	0.0
0.0009214637	0.1962315	0.0
0.000892874	0.182888	0.0
0.0008590405	0.1673192	0.0
0.0008166736	0.1496898	0.0
0.000762354	0.1302859	0.0
0.0007040931	0.1092587	0.0
0.0006345467	0.08694141	0.0
0.0005622069	0.06357091	0.0
0.0004824849	0.03942249	0.0
0.0003975769	0.01480645	0.0
0.0003097518	-0.00998592	0.0
0.0002171445	-0.03466901	0.0
0.0001231753	-0.05889468	0.0
2.688103e-05	-0.08241893	0.0
-6.811706e-05	-0.1049091	0.0
-0.0001638068	-0.1261221	0.0
-0.0002549843	-0.1458046	0.0
-0.0003467596	-0.1636805	0.0
-0.0004307632	-0.179559	0.0
-0.0005136753	-0.193246	0.0
-0.0005895926	-0.2045504	0.0
-0.0006579204	-0.2133721	0.0
-0.0007239735	-0.2195922	0.0
-0.0007763082	-0.2231371	0.0
-0.0008254421	-0.2239652	0.0
-0.0008633125	-0.2220778	0.0
-0.0008903112	-0.2174848	0.0
-0.0009121792	-0.2102528	0.0
-0.0009186129	-0.2004492	0.0
-0.0009200114	-0.1882096	0.0
-0.0009055623	-0.1736539	0.0
-0.0008845785	-0.157025	0.0
-0.0008536552	-0.1384468	0.0
-0.0008077384	-0.1181864	0.0
-0.0007570081	-0.0964861	0.0
-0.0006941275	-0.07360931	0.0
-0.0006235309	-0.04984605	0.0
-0.0005454445	-0.02544221	0.0
-0.0004595576	-0.0007991692	0.0
-0.0003671074	0.02390214	0.0
-0.0002702921	0.04829718	0.0
-0.0001696611	0.07211658	0.0
-6.628311e-05	0.09512742	0.0
3.780826e-05	0.1168268	0.0
0.0001442193	0.1371894	0.0
0.0002473987	0.1559049	0.0
0.0003482536	0.1727142	0.0
0.000445133	0.187438	0.0
0.0005343243	0.1998812	0.0
0.0006203942	0.2099253	0.0
0.0006949182	0.2174123	0.0
0.0007626439	0.2222718	0.0
0.0008174251	0.22445	0.0
0.0008628768	0.2239192	0.0
0.0008956321	0.2206829	0.0
0.0009149013	0.2148004	0.0
0.0009252844	0.206311	0.0
0.0009159275	0.1953301	0.0
0.0008992447	0.181969	0.0
0.0008668721	0.1664073	0.0
0.0008207442	0.1488244	0.0
0.0007654809	0.1294338	0.0
0.0006971555	0.1084571	0.0
0.0006202508	0.08617346	0.0
0.0005338169	0.06281579	0.0
0.0004379642	0.03872987	0.0
0.0003365863	0.01416127	0.0
0.0002294893	-0.01061942	0.0
0.0001192198	-0.03519124	0.0
6.352923e-06	-0.05939024	0.0
-0.0001080501	-0.08286028	0.0
-0.0002204915	-0.1053268	0.0
-0.000330827	-0.1265137	0.0
-0.0004393476	-0.1461773	0.0
-0.0005418021	-0.1640429	0.0
-0.0006381758	-0.1799455	0.0
-0.0007285565	-0.1936207	0.0
-0.0008094406	-0.2049481	0.0
-0.0008835737	-0.2137984	0.0
-0.0009482673	-0.2200582	0.0
-0.001000526	-0.2236464	0.0
-0.001042094	-0.2245303	0.0
-0.001073939	-0.2226967	0.0
-0.001093509	-0.2181631	0.0
-0.001101773	-0.2109878	0.0
-0.001098069	-0.2012418	0.0
-0.001084018	-0.1890515	0.0
-0.001058946	-0.174554	0.0
-0.001022226	-0.1579345	0.0
-0.000974872	-0.1393867	0.0
-0.0009171937	-0.1190871	0.0
-0.0008521557	-0.0974354	0.0
-0.0007790205	-0.07453039	0.0
-0.0006951911	-0.05075929	0.0
-0.0006058552	-0.02634978	0.0
-0.0005123243	-0.001608226	0.0
-0.0004111088	0.02314437	0.0
-0.0003074656	0.04761586	0.0
-0.000200337	0.07149661	0.0
-9.014767e-05	0.09449124	0.0
2.014053e-05	0.1163538	0.0
0.0001312177	0.1367788	0.0
0.0002414462	0.1555354	0.0
0.0003484155	0.1723928	0.0
0.0004560852	0.1871388	0.0
0.0005546322	0.1996209	0.0
0.0006525299	0.2096809	0.0
0.0007432308	0.2171678	0.0
0.0008222024	0.222032	0.0
0.0009013761	0.2241998	0.0
0.0009649274	0.223657	0.0
0.001022138	0.2204039	0.0
0.001067838	0.2144774	0.0
0.001101978	0.2059482	0.0
0.001127631	0.1949142	0.0
0.001135851	0.1815118	0.0
0.001136808	0.1658704	0.0
0.001122048	0.1482594	0.0
0.001096258	0.1287893	0.0
0.001057888	0.1077946	0.0
0.001007526	0.08544967	0.0
0.0009439905	0.06207389	0.0
0.0008728282	0.0379495	0.0
0.0007895963	0.01335075	0.0
0.0006964782	-0.01144879	0.0
0.0005989196	-0.03607179	0.0
0.0004935895	-0.06024184	0.0
0.0003832628	-0.08371016	0.0
0.0002692796	-0.1061991	0.0
0.0001524058	-0.1273711	0.0
3.42554e-05	-0.1470116	0.0
-8.15016e-05	-0.1648878	0.0
-0.0001968556	-0.18075	0.0
-0.00030836	-0.194431	0.0
-0.0004147665	-0.2057535	0.0
-0.000514638	-0.2145925	0.0
-0.0006032434	-0.2208387	0.0
-0.0006874903	-0.2244173	0.0
-0.00075925	-0.2252837	0.0
-0.0008188534	-0.2234334	0.0
-0.0008693945	-0.218882	0.0
-0.0009055436	-0.2116875	0.0
-0.000929129	-0.2019279	0.0
-0.0009409022	-0.189715	0.0
-0.000937251	-0.1752097	0.0
-0.0009210438	-0.1585499	0.0
-0.0008915415	-0.1400033	0.0
-0.0008522067	-0.119736	0.0
-0.0007986192	-0.09796076	0.0
-0.0007342129	-0.07508789	0.0
-0.0006603094	-0.05125453	0.0
-0.0005787486	-0.02683406	0.0
-0.0004908851	-0.002079438	0.0
-0.0003939281	0.02270048	0.0
-0.000292522	0.04720731	0.0
-0.0001887589	0.07114489	0.0
-8.425416e-05	0.09417913	0.0
2.046881e-05	0.1161184	0.0
0.00012551	0.136605	0.0
0.0002268094	0.155434	0.0
0.0003250403	0.1723815	0.0
0.0004150814	0.1872309	0.0
0.0004983018	0.1998161	0.0
0.0005745885	0.2099638	0.0
0.0006392876	0.2175702	0.0
0.000699259	0.2225404	0.0
0.0007443284	0.224824	0.0
0.0007771608	0.2243877	0.0
0.0008014116	0.2212385	0.0
0.0008099123	0.2154047	0.0
0.0008112984	0.2069804	0.0
0.0007956178	0.1960264	0.0
0.0007721666	0.1826946	0.0
0.0007379216	0.1671343	0.0
0.0006919288	0.1495451	0.0
0.0006395369	0.1301254	0.0
0.0005782329	0.1090348	0.0
0.0005110743	0.08680886	0.0
0.0004367487	0.06334084	0.0
0.000358825	0.03927316	0.0
0.0002766599	0.01463964	0.0
0.000192702	-0.01016628	0.0
0.0001074473	-0.03493631	0.0
2.258835e-05	-0.05918698	0.0
-6.39076e-05	-0.08271418	0.0
-0.0001457656	-0.1052696	0.0
-0.0002273695	-0.1265284	0.0
-0.0003057439	-0.1462288	0.0
-0.0003792682	-0.1641677	0.0
-0.0004517995	-0.1800818	0.0
-0.0005192536	-0.193823	0.0
-0.0005783098	-0.2051929	0.0
-0.0006403829	-0.2140611	0.0
-0.0006886894	-0.2203389	0.0
-0.0007373441	-0.2239436	0.0
-0.0007771304	-0.2248323	0.0
-0.0008093184	-0.2229974	0.0
-0.0008406806	-0.2184554	0.0
-0.0008570565	-0.2112583	0.0
-0.0008709015	-0.2015027	0.0
-0.0008753859	-0.1892802	0.0
-0.000870418	-0.174749	0.0
-0.0008603072	-0.1580832	0.0
-0.0008356518	-0.1394872	0.0
-0.0008052649	-0.1191868	0.0
-0.0007665523	-0.0974019	0.0
-0.0007174862	-0.07449301	0.0
-0.0006602755	-0.05060334	0.0
-0.0005961185	-0.0261571	0.0
-0.0005227868	-0.001338071	0.0
-0.0004448754	0.02347173	0.0
-0.0003598582	0.04801151	0.0
-0.0002686649	0.07198483	0.0
-0.0001757599	0.09509636	0.0
-7.967638e-05	0.1170586	0.0
1.867683e-05	0.1376205	0.0
0.0001153822	0.1564754	0.0
0.0002111503	0.1734244	0.0
0.000307211	0.1882962	0.0
0.0003931898	0.2008769	0.0
0.0004796822	0.2110106	0.0
0.0005596273	0.2186154	0.0
0.0006306393	0.2235708	0.0
0.0006975958	0.2258248	0.0
0.0007515467	0.225355	0.0
0.0008013851	0.222163	0.0
0.0008372388	0.2162811	0.0
0.0008658008	0.2077981	0.0
0.0008853147	0.1967937	0.0
0.0008901348	0.1834069	0.0
0.0008907116	0.1678105	0.0
0.0008765853	0.1501624	0.0
0.0008559162	0.1307056	0.0
0.0008256948	0.1096206	0.0
0.0007859999	0.08729184	0.0
0.0007397414	0.06386331	0.0
0.000683748	0.03970999	0.0
0.0006240927	0.01506101	0.0
0.0005563489	-0.009756147	0.0
0.0004831309	-0.03443873	0.0
0.0004047813	-0.05870322	0.0
0.0003233777	-0.08221427	0.0
0.0002407369	-0.104729	0.0
0.0001539771	-0.1259607	0.0
6.697363e-05	-0.1456471	0.0
-2.095532e-05	-0.1635548	0.0
-0.0001082701	-0.1794603	0.0
-0.0001933684	-0.1931695	0.0
-0.0002760235	-0.2045181	0.0
-0.0003548578	-0.2133832	0.0
-0.0004271839	-0.2196339	0.0
-0.0004966441	-0.2232183	0.0
-0.0005593005	-0.2240928	0.0
-0.000612075	-0.2222414	0.0
-0.0006585776	-0.2176858	0.0
-0.0006955221	-0.2104862	0.0
-0.0007237291	-0.2007055	0.0
-0.00074162	-0.1884817	0.0
-0.0007481083	-0.173955	0.0
-0.0007458651	-0.1572966	0.0
-0.0007301006	-0.1386953	0.0
-0.0007067756	-0.1183924	0.0
-0.0006714495	-0.09660029	0.0
-0.000622594	-0.07367696	0.0
-0.0005701018	-0.04983253	0.0
-0.00050586	-0.0253561	0.0
-0.0004355005	-0.0005655066	0.0
-0.0003597507	0.02430644	0.0
-0.0002779332	0.04884003	0.0
-0.0001897062	0.07281224	0.0
-0.0001023256	0.09590907	0.0
-1.061431e-05	0.1178602	0.0
8.00682e-05	0.138428	0.0
0.0001690734	0.1572842	0.0
0.0002568474	0.1742685	0.0
0.000340226	0.1891501	0.0
0.0004204667	0.2017506	0.0
0.0004922503	0.2119298	0.0
0.0005590065	0.219559	0.0
0.0006208743	0.2245548	0.0
0.0006692778	0.2268651	0.0
0.0007158297	0.2264448	0.0
0.000750375	0.2233166	0.0
0.0007749883	0.2175032	0.0
0.0007951824	0.2090765	0.0
0.0007995395	0.1981697	0.0
0.0008030778	0.1848437	0.0
0.0007899556	0.1693347	0.0
0.0007707858	0.1517778	0.0
0.0007454207	0.1324221	0.0
0.0007082172	0.1114789	0.0
0.0006696166	0.08922074	0.0
0.0006201981	0.06586037	0.0
0.0005651933	0.04178835	0.0
0.0005053807	0.01721384	0.0
0.0004395418	-0.007568996	0.0
0.0003677481	-0.03213692	0.0
0.000293342	-0.0563232	0.0
0.0002158074	-0.07978082	0.0
0.0001353959	-0.1022464	0.0
5.317492e-05	-0.1234181	0.0
-2.926766e-05	-0.1430454	0.0
-0.000110783	-0.1608947	0.0
-0.0001943488	-0.1767403	0.0
-0.0002721123	-0.1904066	0.0
-0.0003488691	-0.2017211	0.0
-0.0004212839	-0.210512	0.0
-0.0004865876	-0.2167159	0.0
-0.0005490853	-0.2202462	0.0
-0.0005993976	-0.2210612	0.0
-0.0006468738	-0.2191446	0.0
-0.0006836349	-0.2145245	0.0
-0.0007088965	-0.2072445	0.0
-0.0007288167	-0.1973591	0.0
-0.0007333099	-0.1850762	0.0
-0.0007317999	-0.1704492	0.0
-0.0007182431	-0.1536788	0.0
-0.0006937777	-0.1349683	0.0
-0.0006604041	-0.1145024	0.0
-0.0006155172	-0.09259559	0.0
-0.0005627855	-0.06951807	0.0
-0.0005006555	-0.0455003	0.0
-0.0004301662	-0.02085746	0.0
-0.0003537117	0.004115665	0.0
-0.0002700107	0.02915213	0.0
-0.0001813468	0.05385161	0.0
-8.988699e-05	0.07801282	0.0
7.467061e-06	0.101321	0.0
0.0001022648	0.1235175	0.0
0.0002000771	0.1442793	0.0
0.0002966236	0.1634065	0.0
0.0003907998	0.180643	0.0
0.0004820803	0.1958065	0.0
0.0005683927	0.2087079	0.0
0.0006508557	0.2191884	0.0
0.0007251992	0.2271313	0.0
0.0007919269	0.2324514	0.0
0.0008487769	0.2350895	0.0
0.0008960278	0.2350088	0.0
0.0009361699	0.232225	0.0
0.0009620418	0.2267707	0.0
0.000979793	0.2187167	0.0
0.0009861402	0.2081519	0.0
0.0009795055	0.1951891	0.0
0.0009628048	0.1800291	0.0
0.000934564	0.1628048	0.0
0.0008966521	0.1437481	0.0
0.0008479705	0.1230805	0.0
0.0007879162	0.1010664	0.0
0.0007210244	0.07796847	0.0
0.0006443844	0.05406867	0.0
0.0005604874	0.02965618	0.0
0.0004717052	0.00496989	0.0
0.0003750236	-0.01959456	0.0
0.0002772062	-0.04385583	0.0
0.0001751506	-0.06750895	0.0
7.21772e-05	-0.09027233	0.0
-3.184561e-05	-0.1118871	0.0
-0.0001358484	-0.132145	0.0
-0.0002374704	-0.1507721	0.0
-0.0003369661	-0.167639	0.0
-0.0004310072	-0.1824814	0.0
-0.0005198732	-0.1952275	0.0
-0.000600156	-0.2057539	0.0
-0.0006772004	-0.2139759	0.0
-0.0007409891	-0.2198538	0.0
-0.0008002055	-0.2233433	0.0
-0.0008495937	-0.2244728	0.0
-0.0008837543	-0.2232633	0.0
-0.0009165308	-0.219784	0.0
-0.0009296492	-0.2141058	0.0
-0.0009392884	-0.2063468	0.0
-0.0009383055	-0.1966353	0.0
-0.0009252657	-0.1851174	0.0
-0.0009089557	-0.1719993	0.0
-0.0008785069	-0.1574278	0.0
-0.000845097	-0.1416202	0.0
-0.0008014193	-0.1248543	0.0
-0.0007539049	-0.1072794	0.0
-0.0007023147	-0.08918919	0.0
-0.0006464595	-0.07078865	0.0
-0.0005889587	-0.05234533	0.0
-0.000528883	-0.03406765	0.0
-0.0004687854	-0.01620732	0.0
-0.0004083075	0.001049447	0.0
-0.0003497326	0.01744534	0.0
-0.0002922772	0.03283646	0.0
-0.0002379777	0.04707902	0.0
-0.0001860695	0.05996345	0.0
-0.0001402002	0.07144682	0.0
-9.666864e-05	0.08142659	0.0
-5.658491e-05	0.08981717	0.0
-2.448169e-05	0.09663454	0.0
7.598321e-06	0.1018517	0.0
3.312277e-05	0.1055099	0.0
5.277641e-05	0.1076542	0.0
7.148788e-05	0.1083687	0.0
8.252876e-05	0.1077539	0.0
9.387614e-05	0.1059272	0.0
9.948523e-05	0.1030229	0.0
0.0001026461	0.09918751	0.0
0.0001048558	0.09456337	0.0
0.0001021515	0.08931495	0.0
0.0001017386	0.08358636	0.0
9.685798e-05	0.07751311	0.0
9.196407e-05	0.07126912	0.0
8.700963e-05	0.06494322	0.0
8.071647e-05	0.05866358	0.0
7.377487e-05	0.05252868	0.0
6.653897e-05	0.04661281	0.0
5.854675e-05	0.04098157	0.0
5.070391e-05	0.03568988	0.0
4.395409e-05	0.03075888	0.0
3.562129e-05	0.02620479	0.0
2.88166e-05	0.02204906	0.0
2.089332e-05	0.01827038	0.0
1.343782e-05	0.01486669	0.0
7.504449e-06	0.01181262	0.0
1.478961e-06	0.009098134	0.0
-4.436598e-06	0.006692039	0.0
-8.262379e-06	0.004569137	0.0
-1.310921e-05	0.002712808	0.0
-1.784876e-05	0.001095782	0.0
-2.154746e-05	-0.0003098619	0.0
-2.466125e-05	-0.001523321	0.0
-2.755052e-05	-0.002562227	0.0
-2.870213e-05	-0.003446315	0.0
-3.100117e-05	-0.004190953	0.0
-3.273609e-05	-0.00481254	0.0
-3.308022e-05	-0.005327913	0.0
-3.331247e-05	-0.005743126	0.0
-3.192381e-05	-0.006074867	0.0
-3.237485e-05	-0.006329936	0.0
-3.249708e-05	-0.00651819	0.0
-2.984289e-05	-0.006650701	0.0
-2.833589e-05	-0.006731589	0.0
-2.68383e-05	-0.006771192	0.0
-2.326447e-05	-0.006772796	0.0
-1.898984e-05	-0.006743937	0.0
-1.599014e-05	-0.006689446	0.0
-1.137135e-05	-0.006611622	0.0
-8.487272e-06	-0.006516926	0.0
-2.488167e-06	-0.006407169	0.0
1.210125e-06	-0.006284231	0.0
5.478567e-06	-0.006153311	0.0
1.021219e-05	-0.006014991	0.0
1.471437e-05	-0.005868149	0.0
1.910391e-05	-0.005720648	0.0
2.095051e-05	-0.00556837	0.0
2.498989e-05	-0.005415266	0.0
2.637876e-05	-0.005260906	0.0
2.753286e-05	-0.005106953	0.0
2.903316e-05	-0.004954526	0.0
3.065092e-05	-0.00480304	0.0
3.065183e-05	-0.004654724	0.0
3.180638e-05	-0.004505681	0.0
3.192355e-05	-0.004362693	0.0
3.157775e-05	-0.004219956	0.0
3.204047e-05	-0.004082313	0.0
2.99642e-05	-0.003948381	0.0
2.973422e-05	-0.003816925	0.0
2.869684e-05	-0.003689328	0.0
2.788994e-05	-0.003566623	0.0
2.627554e-05	-0.003446565	0.0
2.616076e-05	-0.003330748	0.0
2.570096e-05	-0.003217933	0.0
2.408617e-05	-0.003109501	0.0
2.351071e-05	-0.003005174	0.0
2.06265e-05	-0.002904699	0.0
2.166596e-05	-0.002805854	0.0
1.935962e-05	-0.002710988	0.0
1.786028e-05	-0.002618863	0.0
1.659214e-05	-0.002530862	0.0
1.555494e-05	-0.002448071	0.0
1.428645e-05	-0.002365967	0.0
1.532658e-05	-0.00228729	0.0
1.313544e-05	-0.002212856	0.0
1.348251e-05	-0.002137752	0.0
1.256121e-05	-0.002067972	0.0
1.071569e-05	-0.002000099	0.0
9.216825e-06	-0.001935122	0.0
1.002605e-05	-0.001872342	0.0
9.450088e-06	-0.001811887	0.0
8.181824e-06	-0.001752385	0.0
7.144323e-06	-0.001696177	0.0
5.992188e-06	-0.001642584	0.0
5.76264e-06	-0.001588719	0.0
4.610224e-06	-0.001538957	0.0
5.189363e-06	-0.001490709	0.0
5.074513e-06	-0.001444798	0.0
4.268009e-06	-0.001398605	0.0
3.692605e-06	-0.001356382	0.0
3.695179e-06	-0.001312508	0.0
4.04011e-06	-0.001272479	0.0
1.849642e-06	-0.001233551	0.0
2.428976e-06	-0.001196954	0.0
9.281491e-07	-0.001160892	0.0
7.007912e-07	-0.001126349	0.0
8.299948e-09	-0.001091807	0.0
-5.656469e-07	-0.001058096	0.0
-3.322575e-07	-0.001026301	0.0
-2.171977e-07	-0.000996145	0.0
-6.757778e-07	-0.0009662687	0.0
1.752407e-08	-0.0009389953	0.0
-6.744953e-07	-0.0009111632	0.0
-7.901671e-07	-0.0008856657	0.0
-2.288751e-06	-0.0008598902	0.0
-2.052776e-06	-0.0008346838	0.0
-2.05218e-06	-0.0008126128	0.0
-1.936649e-06	-0.0007873873	0.0
-2.395229e-06	-0.0007656039	0.0
-1.70007e-06	-0.000744634	0.0
-1.700671e-06	-0.0007224337	0.0
-1.815969e-06	-0.0007024324	0.0
-2.623157e-06	-0.0006837929	0.0
-3.199275e-06	-0.0006656974	0.0
-4.002584e-06	-0.0006459613	0.0
-3.422826e-06	-0.0006289682	0.0
-3.887322e-06	-0.000611015	0.0
-4.343707e-06	-0.0005945726	0.0
-3.880152e-06	-0.0005785481	0.0
-3.995678e-06	-0.0005645675	0.0
-4.227152e-06	-0.0005477086	0.0
-4.79814e-06	-0.0005346964	0.0
-3.64214e-06	-0.0005196186	0.0
-4.340803e-06	-0.0005057895	0.0
-5.720721e-06	-0.0004927671	0.0
-5.368372e-06	-0.0004792046	0.0
-5.02439e-06	-0.0004682418	0.0
-5.483438e-06	-0.0004553576	0.0
-5.019479e-06	-0.0004431625	0.0
-5.25082e-06	-0.0004308319	0.0
-5.014051e-06	-0.0004197394	0.0
-3.860409e-06	-0.0004097386	0.0
-4.557482e-06	-0.0003998741	0.0
-5.821745e-06	-0.0003897363	0.0
-5.240087e-06	-0.0003806933	0.0
-5.010215e-06	-0.0003713745	0.0
-5.007817e-06	-0.0003616462	0.0
-4.77691e-06	-0.00035233	0.0
-5.353113e-06	-0.0003435625	0.0
-5.233146e-06	-0.0003352017	0.0
-5.121216e-06	-0.0003263012	0.0
-6.384808e-06	-0.0003197294	0.0
-4.651364e-06	-0.000312056	0.0
-5.346003e-06	-0.0003047959	0.0
-5.342698e-06	-0.0002961625	0.0
-5.572847e-06	-0.0002887682	0.0
-5.569871e-06	-0.0002827383	0.0
-4.874675e-06	-0.0002753403	0.0
-4.298714e-06	-0.0002701365	0.0
-4.990614e-06	-0.0002630088	0.0
-5.334993e-06	-0.0002560256	0.0
-5.677833e-06	-0.0002508229	0.0
-4.985151e-06	-0.0002453435	0.0
-5.791138e-06	-0.0002398651	0.0
-4.402512e-06	-0.0002337019	0.0
-3.249677e-06	-0.0002289083	0.0
-4.634348e-06	-0.0002237028	0.0
-5.786518e-06	-0.0002179498	0.0
-6.244162e-06	-0.0002135659	0.0
-4.974053e-06	-0.0002076752	0.0
-5.665353e-06	-0.000204665	0.0
-4.739897e-06	-0.0001991824	0.0
-5.085968e-06	-0.0001946655	0.0
-5.199406e-06	-0.0001909676	0.0
-5.428756e-06	-0.0001858995	0.0
-5.658586e-06	-0.0001822033	0.0
-6.117101e-06	-0.0001775471	0.0
-4.50033e-06	-0.0001746697	0.0
-5.539701e-06	-0.0001693256	0.0
-5.766629e-06	-0.0001653566	0.0
-5.1884e-06	-0.0001626184	0.0
-5.419358e-06	-0.0001593296	0.0
-5.877955e-06	-0.0001556356	0.0
-4.951641e-06	-0.0001535799	0.0
-4.144094e-06	-0.0001482371	0.0
-4.721561e-06	-0.0001460517	0.0
-5.525551e-06	-0.0001437242	0.0
-4.485983e-06	-0.0001404348	0.0
-5.524496e-06	-0.00013578	0.0
-5.521741e-06	-0.000134276	0.0
-5.866719e-06	-0.000130167	0.0
-5.401661e-06	-0.0001286644	0.0
-4.594736e-06	-0.0001256501	0.0
-5.862744e-06	-0.0001227761	0.0
-5.630213e-06	-0.0001199022	0.0
-6.551324e-06	-0.0001181248	0.0
-5.279263e-06	-0.0001153857	0.0
-5.280092e-06	-0.0001130583	0.0
-5.969606e-06	-0.0001100469	0.0
-4.812774e-06	-0.000108268	0.0
-4.467894e-06	-0.0001055285	0.0
-5.504491e-06	-0.000103341	0.0
-5.156131e-06	-0.0001018356	0.0
-5.384728e-06	-9.909707e-05	0.0
-4.344854e-06	-9.718377e-05	0.0
-5.037855e-06	-9.663941e-05	0.0
-5.496546e-06	-9.499675e-05	0.0
-5.495354e-06	-9.29431e-05	0.0
-5.839778e-06	-9.006834e-05	0.0
-5.607212e-06	-8.801641e-05	0.0
-5.257266e-06	-8.651466e-05	0.0
-3.757909e-06	-8.624013e-05	0.0
-5.143414e-06	-8.295526e-05	0.0
-5.022621e-06	-8.254834e-05	0.0
-3.984544e-06	-7.967245e-05	0.0
-4.906442e-06	-7.926744e-05	0.0
-4.211573e-06	-7.748594e-05	0.0
-4.442555e-06	-7.433831e-05	0.0
-5.479281e-06	-7.420652e-05	0.0
-5.592743e-06	-7.256427e-05	0.0
-5.705781e-06	-7.119757e-05	0.0
-4.78217e-06	-6.969245e-05	0.0
-6.04966e-06	-6.818943e-05	0.0
-4.778669e-06	-6.682175e-05	0.0
-5.816007e-06	-6.53186e-05	0.0
-5.237413e-06	-6.395113e-05	0.0
-5.235916e-06	-6.189871e-05	0.0
-5.580693e-06	-6.149131e-05	0.0
-4.771522e-06	-5.998681e-05	0.0
-4.769849e-06	-5.903072e-05	0.0
-4.883698e-06	-5.752686e-05	0.0
-5.113246e-06	-5.62966e-05	0.0
-4.304194e-06	-5.602531e-05	0.0
-4.186421e-06	-5.52077e-05	0.0
-5.338941e-06	-5.260729e-05	0.0
-5.338125e-06	-5.260898e-05	0.0
-5.221551e-06	-5.288812e-05	0.0
-4.758009e-06	-5.124855e-05	0.0
-5.102645e-06	-4.905806e-05	0.0
-4.64022e-06	-4.810073e-05	0.0
-4.407055e-06	-4.7282e-05	0.0
-4.75223e-06	-4.605251e-05	0.0
-4.173732e-06	-4.441056e-05	0.0
-4.748319e-06	-4.427553e-05	0.0
-5.094213e-06	-4.49661e-05	0.0
-4.515137e-06	-4.305113e-05	0.0
-5.436576e-06	-4.195754e-05	0.0
-5.435172e-06	-4.19603e-05	0.0
-5.66626e-06	-4.182937e-05	0.0
-3.817467e-06	-3.950115e-05	0.0
-4.85357e-06	-3.977724e-05	0.0
-4.160335e-06	-3.978108e-05	0.0
-5.081022e-06	-3.951292e-05	0.0
-4.850453e-06	-3.732335e-05	0.0
-4.501693e-06	-3.664029e-05	0.0
-4.846647e-06	-3.568452e-05	0.0
-4.269863e-06	-3.541386e-05	0.0
-3.919164e-06	-3.418506e-05	0.0
-4.957184e-06	-3.322757e-05	0.0
-4.264701e-06	-3.336686e-05	0.0
-4.263238e-06	-3.323473e-05	0.0
-3.568297e-06	-3.25546e-05	0.0
-4.143897e-06	-3.132503e-05	0.0
-3.679674e-06	-3.050426e-05	0.0
-4.717399e-06	-3.009642e-05	0.0
-3.795222e-06	-2.996117e-05	0.0
-3.791949e-06	-2.996721e-05	0.0
-3.329665e-06	-2.846647e-05	0.0
-3.212634e-06	-2.723027e-05	0.0
-2.863721e-06	-2.791968e-05	0.0
-3.209226e-06	-2.682915e-05	0.0
-2.97398e-06	-2.68288e-05	0.0
-4.473691e-06	-2.683647e-05	0.0
-3.439987e-06	-2.560767e-05	0.0
-2.855176e-06	-2.50583e-05	0.0
-3.775463e-06	-2.493033e-05	0.0
-4.008326e-06	-2.287781e-05	0.0
-3.889695e-06	-2.314621e-05	0.0
-4.236786e-06	-2.397949e-05	0.0
-3.313222e-06	-2.233971e-05	0.0
-3.651148e-06	-2.233763e-05	0.0
-4.805983e-06	-2.220875e-05	0.0
-4.463686e-06	-2.13889e-05	0.0
-3.995327e-06	-2.138998e-05	0.0
-4.80377e-06	-2.139421e-05	0.0
-3.767773e-06	-2.112842e-05	0.0
-3.53087e-06	-1.948778e-05	0.0
-3.757174e-06	-1.907502e-05	0.0
-4.33784e-06	-1.867018e-05	0.0
-3.298541e-06	-1.825716e-05	0.0
-3.297454e-06	-1.908241e-05	0.0
-2.368766e-06	-1.868243e-05	0.0
-3.519887e-06	-1.758756e-05	0.0
-2.831903e-06	-1.745065e-05	0.0
-2.939395e-06	-1.745257e-05	0.0
-3.288368e-06	-1.773436e-05	0.0
-2.82331e-06	-1.6644e-05	0.0
-3.51234e-06	-1.609756e-05	0.0
-3.512735e-06	-1.554956e-05	0.0
-3.743998e-06	-1.596421e-05	0.0
-3.39229e-06	-1.528866e-05	0.0
-4.316984e-06	-1.4465e-05	0.0
-3.393502e-06	-1.447169e-05	0.0
-3.967162e-06	-1.337447e-05	0.0
-2.934468e-06	-1.474097e-05	0.0
-2.232534e-06	-1.503085e-05	0.0
-2.921976e-06	-1.379845e-05	0.0
-2.923922e-06	-1.420916e-05	0.0
-3.034058e-06	-1.353809e-05	0.0
-3.499176e-06	-1.188852e-05	0.0
-2.460088e-06	-1.285043e-05	0.0
-3.025006e-06	-1.176094e-05	0.0
-4.185528e-06	-1.230742e-05	0.0
-3.261728e-06	-1.231452e-05	0.0
-3.720877e-06	-1.231646e-05	0.0
-2.685033e-06	-1.232305e-05	0.0
-2.332642e-06	-1.136833e-05	0.0
-2.786796e-06	-1.068658e-05	0.0
-4.062043e-06	-1.000036e-05	0.0
-2.562909e-06	-1.082593e-05	0.0
-3.130846e-06	-1.014879e-05	0.0
-3.248702e-06	-9.606363e-06	0.0
-3.361293e-06	-8.235738e-06	0.0
-3.590266e-06	-8.783512e-06	0.0
-3.592929e-06	-8.516848e-06	0.0
-2.554334e-06	-8.516706e-06	0.0
-2.314893e-06	-9.202122e-06	0.0
-3.578623e-06	-9.899371e-06	0.0
-4.166891e-06	-8.397716e-06	0.0
-2.201634e-06	-8.528619e-06	0.0
-3.113543e-06	-9.355979e-06	0.0
-3.466981e-06	-9.501431e-06	0.0
-2.884426e-06	-8.820677e-06	0.0
-3.578264e-06	-8.410821e-06	0.0
-2.421996e-06	-8.14221e-06	0.0
-3.341449e-06	-7.184831e-06	0.0
-2.766192e-06	-7.325153e-06	0.0
-2.877938e-06	-6.642441e-06	0.0
-2.761716e-06	-7.194041e-06	0.0
-2.875165e-06	-6.514225e-06	0.0
-2.987815e-06	-6.651791e-06	0.0
-3.563944e-06	-6.658855e-06	0.0
-3.448404e-06	-5.975802e-06	0.0
-3.561219e-06	-6.252442e-06	0.0
-3.904785e-06	-6.119474e-06	0.0
-4.253076e-06	-6.125219e-06	0.0
-2.982485e-06	-5.167115e-06	0.0
-3.093466e-06	-5.991019e-06	0.0
-3.093579e-06	-5.861573e-06	0.0
-2.860554e-06	-5.31354e-06	0.0
-2.860243e-06	-6.140898e-06	0.0
-2.051014e-06	-5.049392e-06	0.0
-2.16283e-06	-5.323034e-06	0.0
-2.623071e-06	-6.287849e-06	0.0
-2.968224e-06	-5.745688e-06	0.0
-3.082355e-06	-4.924766e-06	0.0
-3.196275e-06	-5.614046e-06	0.0
-3.425282e-06	-4.385499e-06	0.0
-3.65557e-06	-3.564509e-06	0.0
-2.499715e-06	-5.486683e-06	0.0
-2.95992e-06	-4.943902e-06	0.0
-1.919704e-06	-4.124111e-06	0.0
-2.840861e-06	-3.990372e-06	0.0
-2.955028e-06	-4.26832e-06	0.0
-3.530851e-06	-3.724175e-06	0.0
-2.606028e-06	-3.315753e-06	0.0
-3.412345e-06	-3.868008e-06	0.0
-3.180048e-06	-3.049068e-06	0.0
-3.755577e-06	-4.423692e-06	0.0
-3.522845e-06	-3.329915e-06	0.0
-2.482912e-06	-2.648258e-06	0.0
-3.175303e-06	-2.789426e-06	0.0
-3.979516e-06	-2.930288e-06	0.0
-1.785928e-06	-2.658317e-06	0.0
-3.286228e-06	-2.114957e-06	0.0
-2.93694e-06	-2.941171e-06	0.0
-3.050918e-06	-2.669324e-06	0.0
-2.357106e-06	-2.399604e-06	0.0
-2.818158e-06	-3.089292e-06	0.0
-3.047083e-06	-2.95258e-06	0.0
-3.276408e-06	-1.313782e-06	0.0
-3.042314e-06	-2.964701e-06	0.0
-2.118913e-06	-2.68786e-06	0.0
-2.811634e-06	-9.116395e-07	0.0
-3.039642e-06	-1.328591e-06	0.0
-3.036851e-06	-1.057527e-06	0.0
-2.575684e-06	-1.748193e-06	0.0
-3.381118e-06	-2.299133e-06	0.0
-2.570914e-06	-2.577074e-06	0.0
-2.800567e-06	-2.852452e-06	0.0
-2.223313e-06	-2.310796e-06	0.0
-3.261968e-06	-3.5458e-06	0.0
-3.025428e-06	-1.90166e-06	0.0
-2.213943e-06	-1.768371e-06	0.0
-1.178251e-06	-1.264306e-07	0.0
-1.752629e-06	-5.476929e-07	0.0
-1.062378e-06	-1.098207e-06	0.0
-2.674757e-06	-1.650745e-06	0.0
-1.750628e-06	-1.786744e-06	0.0
-3.364711e-06	-9.702619e-07	0.0
-2.439407e-06	-1.385009e-06	0.0
-3.82289e-06	-8.409486e-07	0.0
-2.313496e-06	-1.810031e-06	0.0
-1.974162e-06	-2.766599e-06	0.0
-2.434509e-06	-2.082474e-06	0.0
-2.77911e-06	-1.950995e-06	0.0
-3.35666e-06	-1.541942e-06	0.0
-3.692999e-06	-1.274311e-06	0.0
-1.959012e-06	-1.273178e-06	0.0
-2.318503e-06	-1.814547e-07	0.0
-3.689858e-06	-1.019782e-06	0.0
-1.842439e-06	-2.381526e-06	0.0
-2.884843e-06	-4.605691e-07	0.0
-1.835049e-06	-4.780509e-07	0.0
-1.381355e-06	-1.436373e-06	0.0
-1.955979e-06	-1.026553e-06	0.0
-1.838842e-06	-1.16717e-06	0.0
-2.299224e-06	-6.220924e-07	0.0
-2.29943e-06	-1.184252e-06	0.0
-2.870575e-06	-1.997147e-06	0.0
-2.05983e-06	-4.920046e-07	0.0
-1.937663e-06	-1.054871e-06	0.0
-7.960032e-07	-1.189152e-06	0.0
-2.638463e-06	-9.127575e-07	0.0
-1.240832e-06	-2.417178e-07	0.0
-1.834083e-06	-1.479346e-06	0.0
-2.282102e-06	-7.846375e-07	0.0
-2.058572e-06	-5.258779e-07	0.0
-2.971198e-06	-7.961384e-07	0.0
-1.93506e-06	1.610926e-07	0.0
-2.969895e-06	-2.706492e-07	0.0
-1.457704e-06	-1.366225e-06	0.0
-1.94588e-06	-1.074319e-06	0.0
-2.840749e-06	5.624842e-07	0.0
-7.590056e-07	1.210734e-07	0.0
-1.006828e-06	-1.096359e-06	0.0
-8.82239e-07	1.367147e-07	0.0
-1.123927e-06	-4.25822e-07	0.0
-1.800277e-06	-1.471276e-07	0.0
-7.618592e-07	-4.385993e-07	0.0
-1.581772e-06	-1.398249e-06	0.0
-1.67938e-06	-1.676027e-06	0.0
-1.222807e-06	-1.790862e-06	0.0
-1.566703e-06	2.439143e-07	0.0
-1.338978e-06	-1.275068e-06	0.0
-1.906456e-06	-1.666315e-07	0.0
-9.816459e-07	-7.383688e-07	0.0
-1.687306e-06	-8.617406e-07	0.0
-1.66208e-06	-4.655676e-07	0.0
-5.116072e-07	-1.149156e-06	0.0
-9.961981e-07	-1.782886e-07	0.0
-1.900527e-06	-7.725172e-08	0.0
-1.322449e-06	-1.435192e-06	0.0
-2.021399e-06	-1.892251e-07	0.0
-1.890757e-06	-7.332329e-08	0.0
-1.424324e-06	-3.621923e-07	0.0
-8.522404e-07	-1.168227e-06	0.0
-1.090756e-06	2.06804e-07	0.0
-1.555333e-06	-1.001935e-07	0.0
-2.120426e-06	-7.762329e-07	0.0
-1.408011e-06	-2.138375e-07	0.0
-3.76456e-07	5.929158e-07	0.0
-3.931974e-07	1.628249e-07	0.0
-7.219218e-07	-3.804259e-07	0.0
-2.817311e-07	-2.394054e-07	0.0
-1.88412e-06	3.161418e-08	0.0
-7.148549e-07	4.432703e-07	0.0
-1.309128e-06	5.540136e-07	0.0
-1.303036e-06	-3.923093e-07	0.0
-1.636496e-06	5.631603e-07	0.0
-8.344709e-07	-1.299007e-07	0.0
-1.770083e-06	7.015575e-07	0.0
-1.744153e-06	3.956073e-07	0.0
-1.053714e-06	2.012875e-08	0.0
-4.578903e-07	1.77387e-06	0.0
5.340007e-07	-2.465469e-08	0.0
-1.986143e-06	3.957284e-07	0.0
2.51914e-07	-5.682285e-07	0.0
6.67108e-07	4.089939e-07	0.0
-3.840744e-07	9.430652e-07	0.0
-1.390422e-06	1.344619e-06	0.0
-2.336609e-07	1.060278e-06	0.0
-8.252429e-07	6.385416e-07	0.0
-3.30911e-07	1.078311e-07	0.0
5.563754e-07	6.219138e-07	0.0
-7.996315e-07	-1.699636e-06	0.0
1.751477e-06	-1.883552e-08	0.0
8.968952e-07	4.900721e-07	0.0
-7.762576e-09	8.011443e-08	0.0
-1.070151e-07	3.555068e-07	0.0
1.051734e-07	2.031537e-07	0.0
-1.275055e-06	-4.903288e-07	0.0
-6.691246e-07	-7.443838e-07	0.0
2.52759e-07	3.451623e-07	0.0
4.513505e-07	1.996825e-07	0.0
-1.028571e-06	4.541542e-07	0.0
3.764185e-07	-9.13367e-07	0.0
2.33201e-07	6.880904e-08	0.0
-2.192256e-07	3.069269e-07	0.0
-9.111083e-08	-7.949316e-07	0.0
4.880005e-07	-6.265569e-07	0.0
5.905076e-07	5.862609e-07	0.0
1.329805e-07	-4.031758e-07	0.0
3.766648e-07	-1.357672e-06	0.0
