#Bx [T], By [T], Bz [T] on 3D mesh: inmost loop vs X (horizontal transverse position), outmost loop vs Z (longitudinal position)
#0.0 #initial X position [m]
#0.0 #step of X [m]
#1 #number of points vs X
#0.0 #initial Y position [m]
#0.0 #step of Y [m]
#1 #number of points vs Y
#-1.1855 #initial Z position [m]
#0.001 #step of Z [m]
#2371 #number of points vs Z
-8.3031175e-08	-1.6994235e-07	0.0
-3.1259401e-07	-4.4657912e-07	0.0
1.5354326e-06	5.107774e-07	0.0
-1.9398796e-07	-1.1364588e-06	0.0
2.6878703e-07	-5.90936e-07	0.0
1.5507632e-07	5.0366145e-07	0.0
-1.8988025e-07	-4.5839781e-07	0.0
3.8859406e-07	1.0469656e-06	0.0
4.3813937e-08	2.2268394e-07	0.0
1.6139545e-07	2.1956679e-07	0.0
-1.4533131e-06	2.1850326e-07	0.0
-6.832974e-08	-1.566314e-06	0.0
1.6493927e-07	-6.1104203e-07	0.0
6.2712672e-07	-2.0079385e-07	0.0
9.7574218e-07	-6.687744e-08	0.0
1.7187914e-07	6.1611183e-07	0.0
-1.2149213e-06	7.5198363e-07	0.0
5.1773497e-07	3.3863526e-07	0.0
-7.4814869e-07	-7.4380232e-08	0.0
-4.0196591e-07	-4.9039528e-07	0.0
-6.3366741e-07	6.0434957e-07	0.0
1.2156988e-06	1.9115215e-07	0.0
-2.784688e-07	7.3854306e-07	0.0
-3.9766789e-07	-6.3359647e-07	0.0
1.8051244e-07	-2.2917816e-07	0.0
7.5931553e-07	-8.9973945e-08	0.0
7.6433594e-07	-1.0536667e-06	0.0
-5.0221774e-07	-3.7269828e-07	0.0
-1.081851e-06	-3.7361082e-07	0.0
-3.907451e-07	-1.0196964e-07	0.0
7.7729709e-08	-6.4822973e-07	0.0
-1.0758276e-06	-1.3440472e-06	0.0
-6.1414568e-07	5.7447426e-07	0.0
-9.6137001e-07	-5.1920159e-07	0.0
4.2543473e-07	1.9116158e-08	0.0
-4.8973203e-07	5.7021231e-07	0.0
-7.2619315e-07	-1.1538965e-07	0.0
1.9790937e-07	-2.6028431e-07	0.0
9.1602168e-08	1.5507524e-07	0.0
-1.1798521e-06	-1.2237509e-06	0.0
-7.1731199e-07	4.2004859e-07	0.0
-1.2961228e-06	-9.5270207e-07	0.0
2.056057e-07	5.5198836e-07	0.0
-3.6708221e-07	-1.0892052e-06	0.0
6.6723106e-07	-9.5975076e-07	0.0
7.9442594e-07	-1.3750763e-06	0.0
-4.7728685e-07	-1.4653577e-07	0.0
-1.4359049e-08	-6.8040533e-09	0.0
-9.3703551e-07	-1.444573e-07	0.0
-1.4683983e-08	-6.9792424e-07	0.0
-4.7099113e-07	-1.6544792e-08	0.0
-5.8431419e-07	-2.8751177e-07	0.0
-1.3923491e-06	-9.7719192e-07	0.0
-7.0346437e-07	-5.7575676e-07	0.0
-3.5095877e-07	5.2469056e-07	0.0
-6.9538623e-07	-4.3509857e-07	0.0
-6.9505495e-07	-1.6595668e-07	0.0
-9.2186821e-07	-5.7914679e-07	0.0
-1.6111717e-06	-1.7113962e-07	0.0
-1.8495487e-06	-7.1690499e-07	0.0
-3.4717374e-07	-1.1366562e-06	0.0
-5.709897e-07	-4.5288112e-07	0.0
-5.6893128e-07	-7.2863571e-07	0.0
-1.3741218e-06	-3.1919694e-07	0.0
-1.3777632e-06	-8.6859302e-07	0.0
-1.1437304e-06	-5.9995313e-07	0.0
-1.2576999e-06	-7.3532902e-07	0.0
-1.2540899e-06	-8.8081123e-07	0.0
-1.6037703e-06	7.7964138e-08	0.0
-3.3710685e-07	-4.6633147e-07	0.0
1.9241577e-08	-8.8287038e-07	0.0
-4.4050913e-07	-8.8968369e-07	0.0
-8.9615804e-07	-4.7507359e-07	0.0
-2.2805498e-06	-1.7069744e-06	0.0
-2.1747203e-06	-1.589318e-06	0.0
-1.4747534e-06	1.9816891e-07	0.0
-2.1644917e-06	-8.9285487e-07	0.0
-1.5947376e-06	-7.6696932e-07	0.0
-6.6694497e-07	-4.9348188e-07	0.0
-8.8531988e-07	-6.257527e-07	0.0
-2.2719676e-06	-1.460339e-06	0.0
-1.8197106e-06	-8.8627623e-08	0.0
-1.3467468e-06	-1.4547045e-06	0.0
-1.9298468e-06	-1.3252536e-06	0.0
-7.6884618e-07	-2.0139535e-06	0.0
-2.3760335e-06	-1.3332869e-06	0.0
-1.9306278e-06	-1.74289e-06	0.0
-9.9789952e-07	-1.2072699e-06	0.0
-1.3400944e-06	-5.1068724e-07	0.0
-1.3362725e-06	-1.8857171e-06	0.0
-1.918562e-06	-1.074178e-06	0.0
-9.9087504e-07	-1.3408795e-06	0.0
-2.0229397e-06	-1.3541212e-06	0.0
-1.5715055e-06	-5.2750994e-07	0.0
-1.1059805e-06	-1.4803396e-06	0.0
-7.5402716e-07	-1.6365902e-06	0.0
-1.4333299e-06	-5.4097416e-07	0.0
-2.4819299e-06	-6.6968346e-07	0.0
-1.3453144e-06	-8.1800141e-07	0.0
-5.051217e-07	2.638813e-07	0.0
-2.7003002e-06	8.4660786e-07	0.0
-1.7926388e-06	-2.1813923e-06	0.0
-1.7884413e-06	-6.9922817e-07	0.0
-7.4545483e-07	-5.6243226e-07	0.0
-1.653535e-06	8.2635034e-07	0.0
-1.7879768e-06	-2.043927e-06	0.0
-7.4273385e-07	-1.5317136e-06	0.0
-1.4157374e-06	-1.1086161e-06	0.0
-2.124244e-06	-1.2471825e-06	0.0
-1.3139954e-06	-1.1207021e-06	0.0
-1.9922641e-06	-5.6659366e-07	0.0
-2.2356592e-06	-1.2504912e-06	0.0
-1.8818024e-06	-9.9173758e-07	0.0
-2.2339275e-06	-5.7413706e-07	0.0
-1.0832683e-06	-1.1178361e-06	0.0
-1.1802325e-06	-1.2737319e-06	0.0
-1.8677148e-06	-5.7595065e-07	0.0
-2.5681595e-06	-2.0801233e-06	0.0
-1.6681253e-06	-1.8301117e-06	0.0
-4.7531182e-07	-1.413317e-06	0.0
-2.6729115e-06	-1.5470122e-06	0.0
-1.414909e-06	-1.6958467e-06	0.0
-2.3318387e-06	-8.8155912e-07	0.0
-1.065316e-06	-5.9450383e-07	0.0
-2.198801e-06	-1.2774483e-06	0.0
-2.216615e-06	-1.3027262e-06	0.0
-2.2041088e-06	-1.9319845e-07	0.0
-2.6706634e-06	-1.4194095e-06	0.0
-2.4327644e-06	-1.2988063e-06	0.0
-3.021024e-06	-1.3050249e-06	0.0
-1.5241137e-06	-7.4583232e-07	0.0
-1.73854e-06	-1.9819115e-06	0.0
-1.5078683e-06	-1.4474172e-06	0.0
-1.7464799e-06	-1.9821141e-06	0.0
-5.9001536e-07	-2.4073404e-06	0.0
-1.1478605e-06	-2.0077423e-06	0.0
-1.6114425e-06	-1.5851288e-06	0.0
-2.0808884e-06	-2.0108207e-06	0.0
-1.6148464e-06	-1.0402802e-06	0.0
-2.3000603e-06	-2.5485638e-06	0.0
-2.0830446e-06	-1.8726922e-06	0.0
-1.6129949e-06	-2.9643345e-06	0.0
-1.9473039e-06	-2.1702085e-06	0.0
-2.5276308e-06	-1.3355865e-06	0.0
-2.3106147e-06	-1.4673572e-06	0.0
-1.4959475e-06	-1.7414692e-06	0.0
-1.491809e-06	-2.1604637e-06	0.0
-1.2499492e-06	-1.8929826e-06	0.0
-2.3939524e-06	-1.8914376e-06	0.0
-2.8662423e-06	-1.4994594e-06	0.0
-2.6551143e-06	-6.5161692e-07	0.0
-1.5846397e-06	-2.697572e-06	0.0
-3.2196326e-06	-2.8692421e-06	0.0
-7.9884529e-07	-2.4544011e-06	0.0
-2.6019161e-06	-2.4554736e-06	0.0
-2.87341e-06	-2.319571e-06	0.0
-2.0561338e-06	-2.4593087e-06	0.0
-2.2768593e-06	-2.4552971e-06	0.0
-1.9499143e-06	-2.8820843e-06	0.0
-1.002308e-06	-1.7890293e-06	0.0
-2.4927854e-06	-2.3179236e-06	0.0
-2.1732092e-06	-3.0122621e-06	0.0
-1.4727134e-06	-3.2958565e-06	0.0
-1.5658109e-06	-2.7689603e-06	0.0
-2.7276183e-06	-1.9141164e-06	0.0
-2.0512377e-06	-4.2428551e-06	0.0
-2.1331125e-06	-3.9937349e-06	0.0
-3.4252855e-06	-4.5381762e-06	0.0
-1.5972611e-06	-3.8741205e-06	0.0
-1.5518957e-06	-3.4391942e-06	0.0
-3.0577098e-06	-4.5451957e-06	0.0
-2.7390506e-06	-3.7392699e-06	0.0
-1.8008101e-06	-3.5979338e-06	0.0
-2.4717569e-06	-2.7897345e-06	0.0
-3.0714043e-06	-2.3535893e-06	0.0
-2.1434471e-06	-3.5936339e-06	0.0
-2.8207403e-06	-3.1934355e-06	0.0
-3.1639456e-06	-3.6080717e-06	0.0
-4.0957766e-06	-2.92358e-06	0.0
-3.0788678e-06	-3.605353e-06	0.0
-2.3593336e-06	-3.3381775e-06	0.0
-2.9397429e-06	-3.8841085e-06	0.0
-2.3604696e-06	-3.6256477e-06	0.0
-2.9362013e-06	-3.3448423e-06	0.0
-2.1363301e-06	-3.7489156e-06	0.0
-2.4564893e-06	-4.1762446e-06	0.0
-3.3837252e-06	-3.3690112e-06	0.0
-3.5106809e-06	-3.0661454e-06	0.0
-3.4963648e-06	-4.4472831e-06	0.0
-3.8691146e-06	-3.9106299e-06	0.0
-2.1187127e-06	-4.7188119e-06	0.0
-3.6099304e-06	-4.8811435e-06	0.0
-2.3603072e-06	-4.1960675e-06	0.0
-2.9070352e-06	-4.3219211e-06	0.0
-3.2660116e-06	-4.7383073e-06	0.0
-3.2643993e-06	-4.6187188e-06	0.0
-3.1566308e-06	-4.1869266e-06	0.0
-2.8996112e-06	-5.5648034e-06	0.0
-4.5212068e-06	-4.8961333e-06	0.0
-3.731677e-06	-5.4273573e-06	0.0
-3.9445285e-06	-5.7199195e-06	0.0
-3.8396856e-06	-5.4428197e-06	0.0
-3.4882382e-06	-5.7253933e-06	0.0
-3.7049797e-06	-5.0418003e-06	0.0
-4.1810772e-06	-5.5775376e-06	0.0
-3.4784423e-06	-5.8683604e-06	0.0
-4.4000494e-06	-5.5924502e-06	0.0
-3.6032336e-06	-6.1336864e-06	0.0
-3.3766278e-06	-6.8183554e-06	0.0
-2.3112068e-06	-7.5218322e-06	0.0
-4.3804152e-06	-6.5789295e-06	0.0
-3.7187831e-06	-6.2790668e-06	0.0
-3.4696372e-06	-7.7779223e-06	0.0
-3.6932418e-06	-8.2325823e-06	0.0
-4.2730394e-06	-6.4449241e-06	0.0
-3.9386914e-06	-7.245897e-06	0.0
-3.5738694e-06	-7.4041996e-06	0.0
-4.4974863e-06	-7.3903748e-06	0.0
-4.1581784e-06	-8.4947733e-06	0.0
-4.3831933e-06	-7.9652073e-06	0.0
-4.2652819e-06	-7.812946e-06	0.0
-4.6142818e-06	-8.3719897e-06	0.0
-4.149038e-06	-7.8261364e-06	0.0
-4.720845e-06	-8.5010388e-06	0.0
-4.4953913e-06	-8.7946064e-06	0.0
-4.6053297e-06	-8.3748364e-06	0.0
-4.6037526e-06	-9.3370336e-06	0.0
-4.9444907e-06	-9.0686171e-06	0.0
-5.070212e-06	-9.75484e-06	0.0
-4.3727364e-06	-9.3531153e-06	0.0
-4.7124272e-06	-9.4872821e-06	0.0
-4.1524163e-06	-9.6196291e-06	0.0
-3.0963495e-06	-1.0848452e-05	0.0
-3.7860877e-06	-1.1682797e-05	0.0
-3.3207746e-06	-1.143699e-05	0.0
-4.3564232e-06	-9.6424728e-06	0.0
-4.0116747e-06	-1.0989214e-05	0.0
-4.7067956e-06	-1.1835866e-05	0.0
-3.893997e-06	-1.1563695e-05	0.0
-5.0415601e-06	-1.1840971e-05	0.0
-4.4766716e-06	-1.1698467e-05	0.0
-4.5794181e-06	-1.2931871e-05	0.0
-4.7001449e-06	-1.2682166e-05	0.0
-4.3528571e-06	-1.1849768e-05	0.0
-4.2363804e-06	-1.2663374e-05	0.0
-3.7757795e-06	-1.32209e-05	0.0
-3.6494428e-06	-1.3236682e-05	0.0
-4.000322e-06	-1.2273758e-05	0.0
-3.7568641e-06	-1.3211954e-05	0.0
-4.8086836e-06	-1.4601233e-05	0.0
-3.6373535e-06	-1.4199923e-05	0.0
-6.1724722e-06	-1.4470414e-05	0.0
-4.7045901e-06	-1.4209681e-05	0.0
-4.5525862e-06	-1.3787438e-05	0.0
-5.8289997e-06	-1.5012983e-05	0.0
-5.2667547e-06	-1.5583604e-05	0.0
-4.9048954e-06	-1.4900153e-05	0.0
-5.3680419e-06	-1.5169285e-05	0.0
-5.0220942e-06	-1.517595e-05	0.0
-5.5847931e-06	-1.5443187e-05	0.0
-6.1764254e-06	-1.6404056e-05	0.0
-5.5872565e-06	-1.6826469e-05	0.0
-6.5252225e-06	-1.6960767e-05	0.0
-4.6660202e-06	-1.7783286e-05	0.0
-6.621844e-06	-1.8068831e-05	0.0
-5.0230556e-06	-1.7801845e-05	0.0
-5.8039313e-06	-1.7388969e-05	0.0
-6.4964547e-06	-1.7657845e-05	0.0
-6.8768554e-06	-1.7944534e-05	0.0
-4.1959829e-06	-1.7659107e-05	0.0
-6.9453536e-06	-1.9170138e-05	0.0
-6.4996552e-06	-1.9303621e-05	0.0
-7.773413e-06	-2.136675e-05	0.0
-5.8217556e-06	-2.0567126e-05	0.0
-6.2613872e-06	-2.108722e-05	0.0
-6.0355455e-06	-2.2745908e-05	0.0
-6.3803132e-06	-2.2355738e-05	0.0
-5.9187023e-06	-2.2201373e-05	0.0
-5.9246695e-06	-2.3306357e-05	0.0
-4.7625995e-06	-2.276966e-05	0.0
-5.5600808e-06	-2.2901928e-05	0.0
-5.3347921e-06	-2.3035265e-05	0.0
-5.7896768e-06	-2.3998318e-05	0.0
-5.570711e-06	-2.4138568e-05	0.0
-4.6497339e-06	-2.5097457e-05	0.0
-4.5013148e-06	-2.5115651e-05	0.0
-6.5894674e-06	-2.4697438e-05	0.0
-5.6746726e-06	-2.5646068e-05	0.0
-6.3671732e-06	-2.648647e-05	0.0
-5.091284e-06	-2.6211474e-05	0.0
-6.3587308e-06	-2.7035059e-05	0.0
-5.0928197e-06	-2.7299013e-05	0.0
-6.4551286e-06	-2.9232368e-05	0.0
-6.7071969e-06	-2.8151439e-05	0.0
-6.0193229e-06	-2.9217888e-05	0.0
-5.4242078e-06	-3.0882205e-05	0.0
-6.1264273e-06	-3.0623643e-05	0.0
-4.7383764e-06	-3.0748102e-05	0.0
-5.6498525e-06	-3.1714604e-05	0.0
-4.8619445e-06	-3.184989e-05	0.0
-4.7069916e-06	-3.2957094e-05	0.0
-7.2626417e-06	-3.227263e-05	0.0
-5.770115e-06	-3.3636108e-05	0.0
-6.9167386e-06	-3.3787732e-05	0.0
-5.5396995e-06	-3.4591794e-05	0.0
-6.2171221e-06	-3.6657078e-05	0.0
-5.9903055e-06	-3.694513e-05	0.0
-6.6737325e-06	-3.7626498e-05	0.0
-7.0238011e-06	-3.8314709e-05	0.0
-7.1432114e-06	-3.9007547e-05	0.0
-6.6791913e-06	-3.9011411e-05	0.0
-7.0155916e-06	-3.9556024e-05	0.0
-7.2569774e-06	-4.0510131e-05	0.0
-6.4444839e-06	-4.2160002e-05	0.0
-6.7871256e-06	-4.2854495e-05	0.0
-6.436172e-06	-4.3676646e-05	0.0
-7.1324203e-06	-4.4634722e-05	0.0
-6.318694e-06	-4.587615e-05	0.0
-7.5829316e-06	-4.6022811e-05	0.0
-7.0158694e-06	-4.6428184e-05	0.0
-7.347111e-06	-4.7658028e-05	0.0
-7.7071327e-06	-4.9035447e-05	0.0
-6.5483423e-06	-4.9728147e-05	0.0
-7.3400179e-06	-4.98804e-05	0.0
-8.1493808e-06	-4.9048875e-05	0.0
-8.5103784e-06	-5.0818227e-05	0.0
-7.2329972e-06	-5.206445e-05	0.0
-7.700387e-06	-5.3159234e-05	0.0
-5.9572703e-06	-5.4669177e-05	0.0
-7.687514e-06	-5.5905133e-05	0.0
-6.0734119e-06	-5.6750301e-05	0.0
-8.1286707e-06	-5.5776094e-05	0.0
-8.3812201e-06	-5.8779046e-05	0.0
-8.1449189e-06	-5.9760252e-05	0.0
-8.0315804e-06	-6.0986724e-05	0.0
-7.6774068e-06	-6.2365856e-05	0.0
-8.2551705e-06	-6.2921994e-05	0.0
-8.0167547e-06	-6.3736094e-05	0.0
-9.0631684e-06	-6.5521184e-05	0.0
-7.6796186e-06	-6.6619643e-05	0.0
-8.2503439e-06	-6.840584e-05	0.0
-7.2157718e-06	-6.909782e-05	0.0
-7.7754512e-06	-7.0862428e-05	0.0
-8.2464012e-06	-7.3616131e-05	0.0
-7.9002066e-06	-7.4451331e-05	0.0
-7.785211e-06	-7.5816461e-05	0.0
-7.5406119e-06	-7.745975e-05	0.0
-8.4782951e-06	-7.9655154e-05	0.0
-6.6274724e-06	-8.1041224e-05	0.0
-7.8827316e-06	-8.1724655e-05	0.0
-7.4302757e-06	-8.3370178e-05	0.0
-8.1094604e-06	-8.4868167e-05	0.0
-8.3547466e-06	-8.7763765e-05	0.0
-7.5377302e-06	-8.7762666e-05	0.0
-8.4550347e-06	-9.0645073e-05	0.0
-8.3428358e-06	-9.0511538e-05	0.0
-8.9149235e-06	-9.4055002e-05	0.0
-8.8070619e-06	-9.6139876e-05	0.0
-8.2295282e-06	-9.7359887e-05	0.0
-7.7640498e-06	-0.00010078791	0.0
-7.7549275e-06	-0.00010244377	0.0
-8.6702476e-06	-0.00010477647	0.0
-9.2622322e-06	-0.00010601527	0.0
-8.2187526e-06	-0.00010847105	0.0
-9.0168678e-06	-0.00011135761	0.0
-8.9091227e-06	-0.00011355201	0.0
-9.0152189e-06	-0.00011683358	0.0
-9.5937121e-06	-0.00012000565	0.0
-9.4793277e-06	-0.00012111026	0.0
-9.4817342e-06	-0.00012342678	0.0
-8.8985826e-06	-0.0001267128	0.0
-9.1365591e-06	-0.00013015019	0.0
-7.6306842e-06	-0.00013235377	0.0
-8.8788684e-06	-0.000134815	0.0
-9.4794423e-06	-0.00013823788	0.0
-8.310134e-06	-0.00014180843	0.0
-1.0488977e-05	-0.00014482842	0.0
-1.0854664e-05	-0.00014811689	0.0
-1.0392734e-05	-0.0001512813	0.0
-9.9265981e-06	-0.00015387323	0.0
-1.0036219e-05	-0.00015894741	0.0
-1.0042529e-05	-0.00016183493	0.0
-8.8944898e-06	-0.00016621748	0.0
-8.294639e-06	-0.00016938469	0.0
-1.0251016e-05	-0.00017280124	0.0
-1.0271543e-05	-0.00017760423	0.0
-8.998968e-06	-0.00018077006	0.0
-8.870692e-06	-0.00018445632	0.0
-9.5600553e-06	-0.00018967404	0.0
-1.0136492e-05	-0.00019310476	0.0
-1.0713669e-05	-0.0001983101	0.0
-1.0944078e-05	-0.0002025657	0.0
-1.1175909e-05	-0.00020763327	0.0
-1.0943732e-05	-0.00021244312	0.0
-1.117058e-05	-0.00021681894	0.0
-1.1060967e-05	-0.00022353616	0.0
-1.0362692e-05	-0.00022820977	0.0
-1.1158069e-05	-0.00023395468	0.0
-1.1977339e-05	-0.00024067564	0.0
-1.1164881e-05	-0.00024644355	0.0
-1.1859098e-05	-0.00025192375	0.0
-1.0475688e-05	-0.00025836728	0.0
-1.126553e-05	-0.00026466907	0.0
-1.2310028e-05	-0.00027221034	0.0
-1.1975857e-05	-0.00027838291	0.0
-1.1149506e-05	-0.00028564382	0.0
-1.2771642e-05	-0.00029304239	0.0
-1.1045697e-05	-0.00030127564	0.0
-1.1839041e-05	-0.00030771876	0.0
-1.1501954e-05	-0.00031607674	0.0
-1.1266874e-05	-0.00032348186	0.0
-1.1145074e-05	-0.0003325195	0.0
-1.2060792e-05	-0.0003417072	0.0
-1.2647534e-05	-0.0003510252	0.0
-1.2293136e-05	-0.00036076049	0.0
-1.32221e-05	-0.00037034723	0.0
-1.2289723e-05	-0.00038145261	0.0
-1.4471287e-05	-0.00039078458	0.0
-1.4152139e-05	-0.00040078367	0.0
-1.298408e-05	-0.00041134123	0.0
-1.3669716e-05	-0.00042229114	0.0
-1.367016e-05	-0.000435589	0.0
-1.4359516e-05	-0.00044698641	0.0
-1.4362628e-05	-0.00045862698	0.0
-1.4475473e-05	-0.0004719134	0.0
-1.4473849e-05	-0.00048589119	0.0
-1.4477449e-05	-0.00050015544	0.0
-1.4006886e-05	-0.00051358418	0.0
-1.470451e-05	-0.0005289347	0.0
-1.388474e-05	-0.00054332713	0.0
-1.5846943e-05	-0.00055989221	0.0
-1.4590451e-05	-0.00057758205	0.0
-1.4921568e-05	-0.00059430918	0.0
-1.5037411e-05	-0.00061185658	0.0
-1.5725249e-05	-0.00062938879	0.0
-1.5961672e-05	-0.00064912479	0.0
-1.6066193e-05	-0.00066775881	0.0
-1.6999256e-05	-0.00068913557	0.0
-1.5843323e-05	-0.00070914277	0.0
-1.6868798e-05	-0.00073214824	0.0
-1.6991762e-05	-0.00075545994	0.0
-1.778142e-05	-0.00077930623	0.0
-1.9410028e-05	-0.0008035652	0.0
-1.8381663e-05	-0.00082848768	0.0
-1.8368157e-05	-0.00085603481	0.0
-1.8259598e-05	-0.00088235131	0.0
-1.8237286e-05	-0.00091151812	0.0
-2.0432941e-05	-0.00094182132	0.0
-1.9761716e-05	-0.00097154663	0.0
-1.9846551e-05	-0.0010051036	0.0
-2.2041522e-05	-0.0010389726	0.0
-2.2056229e-05	-0.0010730799	0.0
-2.2503014e-05	-0.001110071	0.0
-2.35444e-05	-0.0011479061	0.0
-2.3441782e-05	-0.0011868093	0.0
-2.3077007e-05	-0.0012288708	0.0
-2.4690922e-05	-0.0012710881	0.0
-2.4918972e-05	-0.001315207	0.0
-2.6763881e-05	-0.0013619417	0.0
-2.6659318e-05	-0.0014104684	0.0
-2.7226024e-05	-0.0014599353	0.0
-2.7915899e-05	-0.0015130872	0.0
-2.8840937e-05	-0.0015691627	0.0
-2.9184181e-05	-0.0016250606	0.0
-3.0445397e-05	-0.001686046	0.0
-3.1491378e-05	-0.0017473148	0.0
-3.1946187e-05	-0.0018122442	0.0
-3.3556607e-05	-0.0018812915	0.0
-3.459724e-05	-0.0019544896	0.0
-3.5978304e-05	-0.0020279635	0.0
-3.7246602e-05	-0.0021060484	0.0
-3.8630849e-05	-0.0021878658	0.0
-4.000746e-05	-0.0022726913	0.0
-4.2203559e-05	-0.0023628389	0.0
-4.2674659e-05	-0.0024566981	0.0
-4.346991e-05	-0.0025543838	0.0
-4.5533987e-05	-0.0026578298	0.0
-4.8305519e-05	-0.0027671659	0.0
-5.0040708e-05	-0.0028793842	0.0
-5.1996612e-05	-0.0029986843	0.0
-5.4296775e-05	-0.0031238014	0.0
-5.7857229e-05	-0.0032530481	0.0
-6.2030347e-05	-0.0033918137	0.0
-6.2846491e-05	-0.0035348833	0.0
-6.5482272e-05	-0.0036852893	0.0
-6.8587578e-05	-0.0038454735	0.0
-7.3311552e-05	-0.0040108636	0.0
-7.6906224e-05	-0.004186871	0.0
-7.9321682e-05	-0.0043711602	0.0
-8.3576801e-05	-0.0045647956	0.0
-8.8188732e-05	-0.0047669006	0.0
-9.3712297e-05	-0.0049810889	0.0
-9.9608835e-05	-0.0052063121	0.0
-0.00010409625	-0.0054423767	0.0
-0.00011124511	-0.0056915991	0.0
-0.00011666738	-0.0059531531	0.0
-0.00012471732	-0.0062280162	0.0
-0.00013269357	-0.0065183323	0.0
-0.00013983862	-0.0068234727	0.0
-0.0001490467	-0.0071425182	0.0
-0.00015953202	-0.0074784402	0.0
-0.00017118684	-0.0078335432	0.0
-0.00018180678	-0.0082055992	0.0
-0.00019366702	-0.0085958233	0.0
-0.00020693203	-0.0090073477	0.0
-0.00022029877	-0.0094376775	0.0
-0.00023632341	-0.0098905796	0.0
-0.00025281459	-0.010364929	0.0
-0.00027183216	-0.010862618	0.0
-0.00029132908	-0.011384659	0.0
-0.00031230258	-0.011930878	0.0
-0.00033593902	-0.01250454	0.0
-0.00036108663	-0.013102989	0.0
-0.00038748924	-0.013729209	0.0
-0.00041608443	-0.014384007	0.0
-0.00044674921	-0.015070508	0.0
-0.00048051818	-0.015786888	0.0
-0.00051719078	-0.016535679	0.0
-0.00055457104	-0.01732076	0.0
-0.00059434609	-0.018138992	0.0
-0.0006367921	-0.018995637	0.0
-0.00067880395	-0.019888131	0.0
-0.00072010048	-0.020821812	0.0
-0.00076119206	-0.021793572	0.0
-0.00080023578	-0.022803066	0.0
-0.00083488214	-0.023844175	0.0
-0.00086723833	-0.024912838	0.0
-0.00089188601	-0.025997736	0.0
-0.00091043627	-0.027083609	0.0
-0.00091815047	-0.028148454	0.0
-0.00091879565	-0.029167105	0.0
-0.00091047777	-0.030098218	0.0
-0.00089141534	-0.03090257	0.0
-0.00086379761	-0.031512607	0.0
-0.00082731136	-0.031858508	0.0
-0.00078189699	-0.031837013	0.0
-0.00073265284	-0.031329513	0.0
-0.00067845965	-0.030168526	0.0
-0.0006197418	-0.028149046	0.0
-0.0005611268	-0.025006952	0.0
-0.00050239853	-0.020409014	0.0
-0.00044615677	-0.013950281	0.0
-0.00039546003	-0.0051725851	0.0
-0.0003489035	0.0064148	0.0
-0.00030875465	0.021331241	0.0
-0.00027471685	0.039925877	0.0
-0.0002404004	0.062420346	0.0
-0.0002053848	0.088616654	0.0
-0.00016589188	0.11804647	0.0
-0.00011529599	0.14989853	0.0
-5.2060681e-05	0.18312544	0.0
2.4050045e-05	0.21666308	0.0
0.00011078508	0.24962762	0.0
0.00021424942	0.28120086	0.0
0.00033047239	0.31078401	0.0
0.00046496897	0.33766538	0.0
0.00062082405	0.36128244	0.0
0.00079951592	0.38065642	0.0
0.0010017139	0.3949407	0.0
0.0012252956	0.40319607	0.0
0.0014676006	0.40468115	0.0
0.0017116787	0.3989369	0.0
0.0019604461	0.38580504	0.0
0.0021920532	0.36547667	0.0
0.0023991982	0.33820677	0.0
0.0025755824	0.30447936	0.0
0.0027024816	0.26469651	0.0
0.0027793075	0.21928608	0.0
0.002788973	0.16857602	0.0
0.0027364097	0.11310011	0.0
0.002612967	0.053469349	0.0
0.0024266115	-0.0093803601	0.0
0.002183615	-0.074312985	0.0
0.0018919189	-0.14052159	0.0
0.0015697366	-0.20652264	0.0
0.0012248133	-0.2712591	0.0
0.00087838148	-0.33359152	0.0
0.00052363938	-0.39261705	0.0
0.00019007563	-0.44775695	0.0
-0.00013484336	-0.49828708	0.0
-0.00043535375	-0.54389417	0.0
-0.00071437628	-0.58401877	0.0
-0.00097690837	-0.6183539	0.0
-0.0012071917	-0.64655751	0.0
-0.0014350007	-0.66835093	0.0
-0.0016287587	-0.68356425	0.0
-0.0018047013	-0.69198442	0.0
-0.0019803008	-0.69338387	0.0
-0.0021209177	-0.6875031	0.0
-0.0022658797	-0.67398977	0.0
-0.0023888443	-0.65248895	0.0
-0.0025054263	-0.62270474	0.0
-0.0026002363	-0.58447808	0.0
-0.0026854763	-0.53789139	0.0
-0.0027423219	-0.48336637	0.0
-0.0027811599	-0.42168459	0.0
-0.0028009689	-0.3538835	0.0
-0.0027917321	-0.28116694	0.0
-0.0027714975	-0.20487809	0.0
-0.0027302362	-0.12596673	0.0
-0.0026733258	-0.045484863	0.0
-0.0026038317	0.035664055	0.0
-0.0025149768	0.11692428	0.0
-0.0024040695	0.19735059	0.0
-0.0022703949	0.276351	0.0
-0.0021065394	0.35286048	0.0
-0.0019039671	0.42570031	0.0
-0.0016783515	0.49376044	0.0
-0.0014040977	0.55572981	0.0
-0.0011186108	0.61075455	0.0
-0.00080782891	0.65791261	0.0
-0.00048041041	0.69677055	0.0
-0.00017059375	0.72715259	0.0
0.00016277676	0.74905837	0.0
0.00046718816	0.76261741	0.0
0.000781234	0.76796496	0.0
0.0010837461	0.76518244	0.0
0.0013736812	0.75420761	0.0
0.0016739098	0.73485923	0.0
0.001943534	0.70704675	0.0
0.002212886	0.6706239	0.0
0.0024531316	0.62562543	0.0
0.0026585427	0.5723716	0.0
0.002838555	0.51153815	0.0
0.002958134	0.44402874	0.0
0.0030448043	0.37100139	0.0
0.003079243	0.29364511	0.0
0.0030719475	0.21324889	0.0
0.0030260582	0.13077153	0.0
0.0029364615	0.047223147	0.0
0.0028146841	-0.03627314	0.0
0.0026596012	-0.11949501	0.0
0.0024770882	-0.20153578	0.0
0.002269058	-0.28146011	0.0
0.0020451413	-0.35817063	0.0
0.0017942607	-0.43049335	0.0
0.0015410819	-0.49736515	0.0
0.0012730493	-0.55734426	0.0
0.0010096466	-0.60988629	0.0
0.0007562993	-0.65403497	0.0
0.00050700316	-0.68971974	0.0
0.0002880925	-0.71686929	0.0
7.5110031e-05	-0.73547822	0.0
-0.000120406	-0.74578547	0.0
-0.00029323372	-0.74789667	0.0
-0.00046667253	-0.74181318	0.0
-0.00061845931	-0.72747236	0.0
-0.00077493046	-0.70470726	0.0
-0.00091629516	-0.67341083	0.0
-0.0010525011	-0.63343817	0.0
-0.0011812594	-0.58500171	0.0
-0.0012967051	-0.52859384	0.0
-0.0014105926	-0.46503308	0.0
-0.0015080338	-0.39531523	0.0
-0.0016096398	-0.32069409	0.0
-0.0017061675	-0.24237694	0.0
-0.0018019546	-0.16153178	0.0
-0.0019005691	-0.079160132	0.0
-0.0019938524	0.0038636115	0.0
-0.0020825225	0.086584799	0.0
-0.0021557631	0.16879983	0.0
-0.0022082373	0.24929455	0.0
-0.0022247527	0.32722217	0.0
-0.0021970095	0.40143931	0.0
-0.0021139795	0.47070768	0.0
-0.0019756965	0.53391451	0.0
-0.0017845309	0.58998001	0.0
-0.0015482648	0.63812703	0.0
-0.0012779897	0.67793024	0.0
-0.00099505484	0.70913982	0.0
-0.00069628586	0.73185927	0.0
-0.00040428978	0.74618536	0.0
-0.00011131765	0.7522729	0.0
0.00016844584	0.75017208	0.0
0.0004371595	0.73986584	0.0
0.0006955142	0.72120339	0.0
0.00092912687	0.69402719	0.0
0.0011439871	0.6582194	0.0
0.0013304475	0.6137917	0.0
0.0014745544	0.5611285	0.0
0.0015832887	0.50081438	0.0
0.0016421531	0.4338105	0.0
0.001664844	0.36128524	0.0
0.0016444034	0.28445974	0.0
0.0015959169	0.20453799	0.0
0.0015320432	0.12253309	0.0
0.0014528077	0.039412837	0.0
0.0013793311	-0.043982614	0.0
0.001313347	-0.126984	0.0
0.0012662074	-0.20902829	0.0
0.0012302379	-0.28873578	0.0
0.0012126951	-0.365527	0.0
0.001200655	-0.43754381	0.0
0.0011890497	-0.50411624	0.0
0.0011764764	-0.56399024	0.0
0.0011448842	-0.61618704	0.0
0.0011017517	-0.66021949	0.0
0.0010392605	-0.69561774	0.0
0.0009554791	-0.72246242	0.0
0.00085861667	-0.7407968	0.0
0.00073440798	-0.75080979	0.0
0.00059947447	-0.75260198	0.0
0.00043834877	-0.74619257	0.0
0.00026646847	-0.73150092	0.0
7.967597e-05	-0.7083481	0.0
-0.00012195299	-0.6765936	0.0
-0.00030797962	-0.63618821	0.0
-0.0004861746	-0.58733916	0.0
-0.00063196383	-0.53048044	0.0
-0.00072898087	-0.46645045	0.0
-0.00077820412	-0.39633396	0.0
-0.00076404068	-0.32129449	0.0
-0.00069228292	-0.24257261	0.0
-0.00056510326	-0.16125025	0.0
-0.00038381998	-0.078418829	0.0
-0.00015863465	0.0049418746	0.0
0.00010988102	0.088302076	0.0
0.00041414588	0.17089781	0.0
0.00075472862	0.25193828	0.0
0.0011194322	0.33022693	0.0
0.001513952	0.40478116	0.0
0.0019161089	0.47426984	0.0
0.0023200391	0.53765261	0.0
0.0027139238	0.59362364	0.0
0.0030648799	0.64170724	0.0
0.0033918056	0.68136883	0.0
0.0036516374	0.71241999	0.0
0.0038661214	0.73490387	0.0
0.0040271599	0.74899739	0.0
0.0041312343	0.75484431	0.0
0.0041962354	0.75251234	0.0
0.0042085517	0.74196988	0.0
0.0041919621	0.72308981	0.0
0.0041302834	0.69569623	0.0
0.0040356033	0.65967619	0.0
0.0039121988	0.61509401	0.0
0.0037454858	0.56226832	0.0
0.0035575705	0.50183105	0.0
0.0033367572	0.43467152	0.0
0.003085783	0.36196244	0.0
0.0028255722	0.28502458	0.0
0.0025402405	0.20501311	0.0
0.0022490509	0.12299404	0.0
0.0019505961	0.03985564	0.0
0.0016451377	-0.043586776	0.0
0.0013378616	-0.12660086	0.0
0.0010253587	-0.20866011	0.0
0.00070624705	-0.28844568	0.0
0.00038667608	-0.36556593	0.0
5.9140861e-05	-0.43764862	0.0
-0.00027144857	-0.50449771	0.0
-0.00059175043	-0.56494331	0.0
-0.00091470761	-0.6172595	0.0
-0.0012083367	-0.66160762	0.0
-0.0014903259	-0.69733363	0.0
-0.0017491188	-0.72452772	0.0
-0.0019712446	-0.74307811	0.0
-0.0021984999	-0.75323695	0.0
-0.0023766684	-0.7551415	0.0
-0.0025687958	-0.74876791	0.0
-0.0027244629	-0.73404872	0.0
-0.0028760277	-0.71082407	0.0
-0.0030107349	-0.67892545	0.0
-0.003107514	-0.63831443	0.0
-0.0031947736	-0.58924943	0.0
-0.0032265936	-0.53212851	0.0
-0.003222306	-0.46784559	0.0
-0.0031777807	-0.39745671	0.0
-0.0030833925	-0.32220945	0.0
-0.0029606638	-0.24340537	0.0
-0.0027989007	-0.1620166	0.0
-0.0026200071	-0.079223946	0.0
-0.0024177423	0.0041653146	0.0
-0.0022061081	0.087522134	0.0
-0.0019810076	0.16989656	0.0
-0.0017488141	0.25081584	0.0
-0.0015053632	0.32906291	0.0
-0.0012523482	0.40346798	0.0
-0.00099469081	0.47290531	0.0
-0.00072928926	0.53615528	0.0
-0.00046974039	0.59218121	0.0
-0.00021010198	0.6402427	0.0
2.9863688e-05	0.67996818	0.0
0.00025900558	0.71102464	0.0
0.00046457909	0.73358518	0.0
0.00066164648	0.74775636	0.0
0.0008341081	0.75368011	0.0
0.0010045548	0.75141758	0.0
0.0011572945	0.74094278	0.0
0.0013054669	0.72211403	0.0
0.0014420946	0.69475901	0.0
0.0015640038	0.65879136	0.0
0.0016591038	0.61426187	0.0
0.0017263184	0.5615297	0.0
0.0017545571	0.50117373	0.0
0.001737358	0.43415248	0.0
0.0016838014	0.36160642	0.0
0.0015880013	0.28478521	0.0
0.0014619073	0.20500848	0.0
0.0013106748	0.123133	0.0
0.0011397239	0.040162195	0.0
0.00095580018	-0.04311977	0.0
0.00076114881	-0.12591934	0.0
0.0005549193	-0.20775406	0.0
0.00033104533	-0.28746399	0.0
8.9242836e-05	-0.36418429	0.0
-0.00017383342	-0.43638778	0.0
-0.00045799726	-0.50334513	0.0
-0.00075603003	-0.56342924	0.0
-0.0010625393	-0.61603671	0.0
-0.0013714553	-0.6604563	0.0
-0.0016649382	-0.69638473	0.0
-0.0019540573	-0.72359681	0.0
-0.0022155154	-0.74237245	0.0
-0.0024610704	-0.75281173	0.0
-0.0026856137	-0.75502545	0.0
-0.0028870704	-0.74902654	0.0
-0.0030657195	-0.73473424	0.0
-0.0032201719	-0.71198279	0.0
-0.0033384641	-0.68061531	0.0
-0.0034263909	-0.64046431	0.0
-0.0034619819	-0.59194148	0.0
-0.0034501222	-0.53527927	0.0
-0.0033868649	-0.4713704	0.0
-0.0032742589	-0.40124241	0.0
-0.0031205334	-0.32626599	0.0
-0.0029336335	-0.24742602	0.0
-0.0027210601	-0.16606614	0.0
-0.0024960928	-0.083171062	0.0
-0.0022570975	0.00053699181	0.0
-0.0020168144	0.084005363	0.0
-0.0017747821	0.16688177	0.0
-0.0015344078	0.24814056	0.0
-0.0012962164	0.32677993	0.0
-0.0010575983	0.40159449	0.0
-0.00081858668	0.47146136	0.0
-0.00059279392	0.53512126	0.0
-0.00036018007	0.59160429	0.0
-0.00016013088	0.63997233	0.0
4.1718453e-05	0.67988187	0.0
0.00021870148	0.71124113	0.0
0.0003724889	0.73395956	0.0
0.00052988995	0.74829197	0.0
0.00064409722	0.75436014	0.0
0.0007802574	0.75222909	0.0
0.00088599476	0.74188071	0.0
0.00099702633	0.72317737	0.0
0.0011172517	0.69596434	0.0
0.0012143094	0.66009599	0.0
0.0013324083	0.61575562	0.0
0.0014244935	0.56309068	0.0
0.0015205618	0.50284231	0.0
0.0016006322	0.43588427	0.0
0.0016653497	0.36330518	0.0
0.0017228757	0.28665414	0.0
0.0017610731	0.20679057	0.0
0.0017926471	0.12496856	0.0
0.0018067606	0.041945681	0.0
0.0018091616	-0.041341059	0.0
0.0017937969	-0.12425395	0.0
0.0017553491	-0.20605034	0.0
0.001680069	-0.28577772	0.0
0.0015640744	-0.36243597	0.0
0.0013863681	-0.43473497	0.0
0.0011496056	-0.50154263	0.0
0.00085090619	-0.56173462	0.0
0.00048443582	-0.61440414	0.0
8.2554921e-05	-0.65872812	0.0
-0.00036500877	-0.69458675	0.0
-0.00081131654	-0.72190177	0.0
-0.0012838567	-0.74066794	0.0
-0.0017346779	-0.7511242	0.0
-0.0021699616	-0.75335354	0.0
-0.0026054916	-0.74737823	0.0
-0.0029868099	-0.73307979	0.0
-0.0033626896	-0.71037519	0.0
-0.0036844364	-0.67902523	0.0
-0.0039545991	-0.63897902	0.0
-0.0041713524	-0.59052163	0.0
-0.0043125837	-0.534015	0.0
-0.0043858383	-0.47026831	0.0
-0.0043856716	-0.40041569	0.0
-0.0043279794	-0.32540908	0.0
-0.0042168396	-0.24726351	0.0
-0.0040591205	-0.16593575	0.0
-0.0038690215	-0.083695486	0.0
-0.0036458112	-0.00042482736	0.0
-0.003395943	0.082598135	0.0
-0.0031158819	0.16492495	0.0
-0.0028028081	0.245735	0.0
-0.002451964	0.32388672	0.0
-0.0020635754	0.39834353	0.0
-0.0016457278	0.46784723	0.0
-0.0011957646	0.531488	0.0
-0.00073778821	0.58764344	0.0
-0.0002790477	0.63593638	0.0
0.00014844391	0.67587644	0.0
0.00055255037	0.70722783	0.0
0.00091001514	0.73008627	0.0
0.00121934	0.74452507	0.0
0.0014906646	0.75072896	0.0
0.0017048616	0.74877369	0.0
0.0018893884	0.73860353	0.0
0.0020393708	0.72013187	0.0
0.0021477891	0.69315392	0.0
0.0022336463	0.65751231	0.0
0.002291006	0.61338806	0.0
0.0023250896	0.56092763	0.0
0.0023455124	0.50084275	0.0
0.0023503052	0.43400478	0.0
0.002360394	0.36153829	0.0
0.0023690057	0.285018	0.0
0.0023897653	0.20518959	0.0
0.002425391	0.12327886	0.0
0.0024691485	0.040279217	0.0
0.0025208532	-0.04297746	0.0
0.0025706023	-0.12587301	0.0
0.0026051986	-0.20781729	0.0
0.0026153352	-0.28739998	0.0
0.0025825175	-0.36386007	0.0
0.0025031122	-0.4360455	0.0
0.002361407	-0.50261509	0.0
0.0021688549	-0.56252992	0.0
0.0019271072	-0.61478162	0.0
0.0016422097	-0.65882391	0.0
0.0013484331	-0.69432718	0.0
0.0010200914	-0.72120333	0.0
0.00071758608	-0.73961914	0.0
0.00039824363	-0.74967009	0.0
9.263464e-05	-0.75149184	0.0
-0.00019600059	-0.7451207	0.0
-0.00048840314	-0.73047245	0.0
-0.00075711613	-0.70735788	0.0
-0.00101836	-0.6757021	0.0
-0.0012636168	-0.63540113	0.0
-0.0014761942	-0.58666599	0.0
-0.0016712791	-0.53002357	0.0
-0.0018173599	-0.4661496	0.0
-0.0019404498	-0.39635023	0.0
-0.0020150759	-0.32157236	0.0
-0.0020589721	-0.24320208	0.0
-0.0020693981	-0.16216873	0.0
-0.0020474927	-0.079849318	0.0
-0.0020017279	0.0032679711	0.0
-0.0019336173	0.086224653	0.0
-0.0018433713	0.16866735	0.0
-0.0017349956	0.24935688	0.0
-0.001605837	0.32752454	0.0
-0.0014598402	0.40207741	0.0
-0.0012937728	0.47160292	0.0
-0.0011158306	0.53500062	0.0
-0.00092192384	0.59131396	0.0
-0.00072854437	0.63970679	0.0
-0.00052745244	0.67968684	0.0
-0.00033571213	0.7111153	0.0
-0.00014587115	0.73395455	0.0
3.849516e-05	0.74839628	0.0
0.00022054059	0.75455403	0.0
0.00039853362	0.75250351	0.0
0.00057015871	0.74222857	0.0
0.0007559029	0.72359431	0.0
0.00092606363	0.69640189	0.0
0.0011064187	0.66064161	0.0
0.0012704289	0.61626107	0.0
0.0014150065	0.56362998	0.0
0.0015434327	0.50335819	0.0
0.0016268219	0.43634409	0.0
0.0016929361	0.36387664	0.0
0.0017080748	0.28691715	0.0
0.0016978695	0.20700766	0.0
0.0016546797	0.12501027	0.0
0.0015826757	0.041777562	0.0
0.0014872458	-0.04141609	0.0
0.0013676604	-0.12446386	0.0
0.0012238966	-0.20638423	0.0
0.0010560864	-0.28623295	0.0
0.00086492626	-0.36286938	0.0
0.00065265183	-0.43519792	0.0
0.00042554209	-0.50201535	0.0
0.00018964507	-0.56216222	0.0
-4.487727e-05	-0.61473829	0.0
-0.00027226162	-0.65906417	0.0
-0.00048465875	-0.69491625	0.0
-0.00068674958	-0.72206289	0.0
-0.00086467597	-0.74078637	0.0
-0.0010436607	-0.75118411	0.0
-0.0011922301	-0.7533868	0.0
-0.0013498319	-0.74740309	0.0
-0.0014908778	-0.73314899	0.0
-0.001616824	-0.71050352	0.0
-0.001747138	-0.6792261	0.0
-0.0018396926	-0.63937277	0.0
-0.001933193	-0.59101504	0.0
-0.0019911751	-0.53462291	0.0
-0.0020312201	-0.47109076	0.0
-0.0020489688	-0.40133539	0.0
-0.0020384986	-0.32654515	0.0
-0.0020154647	-0.24803162	0.0
-0.0019654168	-0.16696589	0.0
-0.0019013541	-0.084283717	0.0
-0.0018173899	-0.00082621374	0.0
-0.0017162469	0.082416944	0.0
-0.0015945018	0.16506198	0.0
-0.001450361	0.24619457	0.0
-0.0012823149	0.3247315	0.0
-0.0010834393	0.39951491	0.0
-0.00085289136	0.46944755	0.0
-0.00059647032	0.53324687	0.0
-0.00031332092	0.59006143	0.0
-1.2204186e-05	0.63868159	0.0
0.00029643797	0.67896795	0.0
0.00060238992	0.71068448	0.0
0.0009148228	0.73376995	0.0
0.0011975177	0.74843472	0.0
0.0014812375	0.75479436	0.0
0.0017471211	0.75293428	0.0
0.001981155	0.74280876	0.0
0.0022112608	0.7242626	0.0
0.0024069576	0.69722778	0.0
0.0025654461	0.66148007	0.0
0.002701174	0.61709434	0.0
0.0027859774	0.56433052	0.0
0.0028349282	0.5040282	0.0
0.0028380889	0.43689242	0.0
0.0028038525	0.36418781	0.0
0.002732886	0.28715873	0.0
0.0026383901	0.20696053	0.0
0.0025216206	0.1247746	0.0
0.0023877532	0.041196693	0.0
0.0022503594	-0.042248074	0.0
0.0021078724	-0.12560146	0.0
0.0019665468	-0.20749277	0.0
0.0018271373	-0.28748661	0.0
0.0016916126	-0.3642911	0.0
0.0015577961	-0.43674219	0.0
0.0014317816	-0.50366688	0.0
0.001302232	-0.56383842	0.0
0.0011905704	-0.61649454	0.0
0.0010848445	-0.66090709	0.0
0.00098701857	-0.6967777	0.0
0.00091888459	-0.72406602	0.0
0.00084899855	-0.74284518	0.0
0.0007974974	-0.75325984	0.0
0.00077277631	-0.75544435	0.0
0.00074031216	-0.74941212	0.0
0.00073375966	-0.73507327	0.0
0.00072708848	-0.71224219	0.0
0.00073165644	-0.68083727	0.0
0.00075762247	-0.64075989	0.0
0.00078025658	-0.59213626	0.0
0.0008298679	-0.53557378	0.0
0.00088731758	-0.47177953	0.0
0.00095965544	-0.40177765	0.0
0.0010488434	-0.32679388	0.0
0.0011422869	-0.2482381	0.0
0.0012532682	-0.16701601	0.0
0.0013684883	-0.084429495	0.0
0.0014953811	-0.0011129153	0.0
0.0016314168	0.082215443	0.0
0.0017733745	0.1645079	0.0
0.0019234698	0.24530628	0.0
0.0020760857	0.32344592	0.0
0.0022316801	0.39788648	0.0
0.0023735655	0.46740907	0.0
0.0025032177	0.53082073	0.0
0.0026092287	0.58708942	0.0
0.0026752739	0.63546115	0.0
0.0027076176	0.67542434	0.0
0.002693017	0.70686913	0.0
0.0026336464	0.72981232	0.0
0.0025349366	0.74429786	0.0
0.0024018008	0.75056916	0.0
0.0022314356	0.74867213	0.0
0.0020412209	0.73852789	0.0
0.0018404782	0.72008622	0.0
0.0016221314	0.69306105	0.0
0.0014145592	0.65741462	0.0
0.0012031156	0.61313832	0.0
0.0010007273	0.56058514	0.0
0.00082097476	0.5004096	0.0
0.00064049591	0.43341589	0.0
0.00049234269	0.3611249	0.0
0.00034106415	0.28443763	0.0
0.00021211574	0.20471674	0.0
8.6013955e-05	0.12292152	0.0
-4.0058629e-05	0.040217411	0.0
-0.00016701555	-0.042726405	0.0
-0.00030672672	-0.12531058	0.0
-0.00046229482	-0.20671687	0.0
-0.00064207346	-0.28608158	0.0
-0.00084665604	-0.36228445	0.0
-0.0010803164	-0.43424162	0.0
-0.0013372843	-0.50075054	0.0
-0.0016130462	-0.56074405	0.0
-0.0018857153	-0.61300945	0.0
-0.0021539801	-0.65711677	0.0
-0.0023992581	-0.69278049	0.0
-0.0026092855	-0.71989131	0.0
-0.0027803131	-0.73850602	0.0
-0.0029111134	-0.74881011	0.0
-0.0029911364	-0.75091475	0.0
-0.0030300897	-0.74482822	0.0
-0.0030236784	-0.73046243	0.0
-0.0029743505	-0.70769894	0.0
-0.0028823346	-0.67633635	0.0
-0.002758529	-0.63633692	0.0
-0.0025919054	-0.58797985	0.0
-0.0023886147	-0.53164381	0.0
-0.0021664589	-0.46814671	0.0
-0.0019196616	-0.39855644	0.0
-0.0016539842	-0.3239162	0.0
-0.0013830519	-0.24588078	0.0
-0.0011042805	-0.16502324	0.0
-0.00083106145	-0.08283516	0.0
-0.00056109962	8.1355058e-05	0.0
-0.0003012073	0.082985088	0.0
-5.2987991e-05	0.16528019	0.0
0.00018032669	0.24607702	0.0
0.00039814861	0.32428849	0.0
0.00059904851	0.39879361	0.0
0.00077765365	0.46852654	0.0
0.0009396089	0.53201032	0.0
0.0010739827	0.58844984	0.0
0.0011906591	0.63699758	0.0
0.0012860002	0.67710048	0.0
0.0013648923	0.7086609	0.0
0.0014336052	0.73170286	0.0
0.0014876007	0.74636972	0.0
0.0015488716	0.75278723	0.0
0.0016001437	0.75104547	0.0
0.0016532309	0.74108517	0.0
0.0017177711	0.72278357	0.0
0.0017575901	0.69597888	0.0
0.0018134079	0.66055506	0.0
0.0018380422	0.61647141	0.0
0.0018429264	0.56420529	0.0
0.0018221912	0.50425613	0.0
0.0017553827	0.43755651	0.0
0.0016593448	0.36530876	0.0
0.0015203335	0.28848913	0.0
0.0013486985	0.20876783	0.0
0.001152339	0.126727	0.0
0.00093107263	0.043713126	0.0
0.00069557363	-0.039710939	0.0
0.00044771971	-0.12298977	0.0
0.00019285821	-0.2049378	0.0
-6.8766079e-05	-0.28488967	0.0
-0.00033484201	-0.36174512	0.0
-0.00060442067	-0.43440145	0.0
-0.0008710351	-0.50135154	0.0
-0.0011350919	-0.56174237	0.0
-0.001391566	-0.6145314	0.0
-0.0016234986	-0.65912759	0.0
-0.0018544591	-0.69516921	0.0
-0.0020463159	-0.72260463	0.0
-0.0022220567	-0.74148172	0.0
-0.0023841597	-0.75202495	0.0
-0.0025027145	-0.75430107	0.0
-0.0026402671	-0.74834681	0.0
-0.0027187138	-0.73409253	0.0
-0.0028136726	-0.71138787	0.0
-0.0028754638	-0.67994618	0.0
-0.0029101928	-0.64005649	0.0
-0.0029594647	-0.59166521	0.0
-0.0029417446	-0.5351966	0.0
-0.0029449253	-0.47153652	0.0
-0.0029022014	-0.40176213	0.0
-0.0028452261	-0.32703641	0.0
-0.0027784884	-0.24849565	0.0
-0.0026808493	-0.1675605	0.0
-0.0025826567	-0.084964938	0.0
-0.0024614744	-0.001841967	0.0
-0.002326271	0.081377991	0.0
-0.002167796	0.16373006	0.0
-0.0019862475	0.24448216	0.0
-0.0017695011	0.32265615	0.0
-0.0015212042	0.39717865	0.0
-0.0012261026	0.46680182	0.0
-0.00089856226	0.53032213	0.0
-0.00053727423	0.5866918	0.0
-0.00015685082	0.63515109	0.0
0.00023331298	0.67524487	0.0
0.00061875809	0.70681405	0.0
0.00098731008	0.72984457	0.0
0.0013405273	0.74452198	0.0
0.0016573477	0.75095564	0.0
0.0019509057	0.74926102	0.0
0.0022115847	0.73941922	0.0
0.0024312914	0.72129369	0.0
0.0026218779	0.6947071	0.0
0.0027550932	0.65952235	0.0
0.0028484694	0.61576241	0.0
0.0028785351	0.5638355	0.0
0.0028509598	0.50418776	0.0
0.0027690504	0.43772161	0.0
0.0026322783	0.36561996	0.0
0.0024592769	0.28899652	0.0
0.0022547941	0.20931511	0.0
0.0020339652	0.12739079	0.0
0.0018001858	0.044377826	0.0
0.0015679108	-0.039114136	0.0
0.0013377066	-0.12231842	0.0
0.0011129697	-0.20447557	0.0
0.00089316757	-0.28471771	0.0
0.00067980139	-0.36169687	0.0
0.00047256349	-0.43440738	0.0
0.00027143862	-0.5016591	0.0
8.8355984e-05	-0.56226522	0.0
-9.0023495e-05	-0.61524671	0.0
-0.0002416623	-0.65999711	0.0
-0.00038321118	-0.69612384	0.0
-0.00050297525	-0.72360849	0.0
-0.00061005936	-0.74253929	0.0
-0.00071409525	-0.75308239	0.0
-0.00080454152	-0.75536042	0.0
-0.00090597855	-0.74937814	0.0
-0.00099427858	-0.73511595	0.0
-0.0010999626	-0.71235532	0.0
-0.0011991262	-0.68097061	0.0
-0.0013016565	-0.64091408	0.0
-0.0013973275	-0.59235823	0.0
-0.0014838545	-0.53578752	0.0
-0.0015527215	-0.47196046	0.0
-0.0015936805	-0.40210602	0.0
-0.0016079278	-0.32727441	0.0
-0.0015851813	-0.24873297	0.0
-0.0015320857	-0.16768818	0.0
-0.0014490898	-0.08506792	0.0
-0.0013384463	-0.0017270774	0.0
-0.0012084342	0.081423022	0.0
-0.0010671897	0.16407032	0.0
-0.00092153077	0.24501036	0.0
-0.00077853247	0.3233563	0.0
-0.00064497977	0.39813656	0.0
-0.00051948917	0.46808502	0.0
-0.00040852689	0.53187943	0.0
-0.000323585	0.58860934	0.0
-0.00024466382	0.63737303	0.0
-0.00019567147	0.67778814	0.0
-0.00015675486	0.7095843	0.0
-0.0001285703	0.73284155	0.0
-0.0001255917	0.74767578	0.0
-0.00010804154	0.75422639	0.0
-0.00011843302	0.75255501	0.0
-0.00010864899	0.74264497	0.0
-0.00011835565	0.7243616	0.0
-0.00012381296	0.69747382	0.0
-0.00011589372	0.66203952	0.0
-0.00011760739	0.61792165	0.0
-0.0001073292	0.56555855	0.0
-0.00010238239	0.50543869	0.0
-9.7872558e-05	0.43875945	0.0
-9.58284e-05	0.36644694	0.0
-0.00010190211	0.28964943	0.0
-0.0001210705	0.20980062	0.0
-0.00014858694	0.12783162	0.0
-0.00018983886	0.044753805	0.0
-0.00024467715	-0.038741559	0.0
-0.00030792016	-0.12167647	0.0
-0.00037598031	-0.20357428	0.0
-0.00044562196	-0.28353396	0.0
-0.00051292934	-0.36011079	0.0
-0.00057245151	-0.43242049	0.0
-0.00061846618	-0.49920502	0.0
-0.00065339496	-0.55939043	0.0
-0.00067334453	-0.61194164	0.0
-0.00067322777	-0.65643686	0.0
-0.00067129149	-0.6924243	0.0
-0.00064906519	-0.71990621	0.0
-0.00062696898	-0.73892564	0.0
-0.00059723965	-0.74966884	0.0
-0.00056817778	-0.752226	0.0
-0.00054149545	-0.74660063	0.0
-0.0005086427	-0.73276168	0.0
-0.0004918403	-0.7104972	0.0
-0.00046058968	-0.67965239	0.0
-0.00044585433	-0.64014548	0.0
-0.00042519887	-0.59216315	0.0
-0.00040426172	-0.53606808	0.0
-0.00039035507	-0.4726325	0.0
-0.00037148071	-0.40303233	0.0
-0.00036110982	-0.32822499	0.0
-0.00035241933	-0.24981834	0.0
-0.0003435798	-0.16867417	0.0
-0.00033292754	-0.085903473	0.0
-0.00030849906	-0.0024760268	0.0
-0.00026797745	0.081027322	0.0
-0.00019720491	0.1635704	0.0
-9.2432958e-05	0.24457429	0.0
5.7956306e-05	0.32299367	0.0
0.00024860378	0.39782733	0.0
0.00048999191	0.46757498	0.0
0.00076907116	0.53124774	0.0
0.0010727309	0.58778411	0.0
0.0013972176	0.63629085	0.0
0.0017167227	0.6764248	0.0
0.0020308453	0.70796645	0.0
0.002324085	0.73095435	0.0
0.0025905394	0.74558538	0.0
0.0028343911	0.7519083	0.0
0.0030470022	0.75010729	0.0
0.0032326414	0.74009234	0.0
0.003390813	0.72181863	0.0
0.0035134503	0.69504601	0.0
0.0036001913	0.65966463	0.0
0.0036415881	0.61567312	0.0
0.0036384244	0.56352168	0.0
0.0035837381	0.50364465	0.0
0.0034820477	0.43695951	0.0
0.0033351919	0.36477879	0.0
0.0031542457	0.28818959	0.0
0.0029469852	0.20837393	0.0
0.0027174163	0.12654853	0.0
0.0024696169	0.043550938	0.0
0.0022066857	-0.039739471	0.0
0.0019227813	-0.12266552	0.0
0.0016187902	-0.20462191	0.0
0.0012886426	-0.28432837	0.0
0.00093501696	-0.36094639	0.0
0.00056330982	-0.43321943	0.0
0.00017534538	-0.49997389	0.0
-0.00020443072	-0.56009316	0.0
-0.00057486683	-0.61263728	0.0
-0.00091716828	-0.65693754	0.0
-0.0012144219	-0.69273996	0.0
-0.0014767735	-0.71995282	0.0
-0.0016832111	-0.73870975	0.0
-0.0018531333	-0.74914491	0.0
-0.0019878889	-0.75138772	0.0
-0.0020749539	-0.74544549	0.0
-0.002153679	-0.73129374	0.0
-0.0021827207	-0.70869744	0.0
-0.0022069179	-0.6775462	0.0
-0.0021988982	-0.63772207	0.0
-0.0021592972	-0.58954835	0.0
-0.0021065471	-0.53336704	0.0
-0.0020063054	-0.46992037	0.0
-0.0018957525	-0.40058121	0.0
-0.0017443451	-0.32617638	0.0
-0.0015822594	-0.24809809	0.0
-0.0014020569	-0.16746244	0.0
-0.0012103777	-0.085258968	0.0
-0.0010223226	-0.0023362376	0.0
-0.00083415862	0.080490299	0.0
-0.00065747736	0.16286832	0.0
-0.00049438229	0.24356116	0.0
-0.0003467456	0.32178769	0.0
-0.00020588795	0.39643383	0.0
-8.0753111e-05	0.46629989	0.0
4.7639587e-05	0.53014761	0.0
0.0001621422	0.58688533	0.0
0.00028237846	0.6357671	0.0
0.00039578532	0.67627281	0.0
0.00051200564	0.70824325	0.0
0.00062101352	0.73169023	0.0
0.00073747407	0.74670899	0.0
0.00085777004	0.75347835	0.0
0.00098242727	0.75204569	0.0
0.0011259306	0.74240738	0.0
0.0012698648	0.72440594	0.0
0.0014319852	0.69786274	0.0
0.0015938852	0.66273099	0.0
0.0017465925	0.61895794	0.0
0.0018848749	0.56686926	0.0
0.0019830801	0.5070582	0.0
0.0020368532	0.44030827	0.0
0.00203307	0.36808148	0.0
0.001969368	0.2912764	0.0
0.0018491927	0.21127845	0.0
0.0016776543	0.12910295	0.0
0.0014640535	0.04593572	0.0
0.0012179005	-0.037693638	0.0
0.00094835082	-0.12108723	0.0
0.00066266122	-0.20314813	0.0
0.00036864902	-0.28316796	0.0
7.3597432e-05	-0.36011711	0.0
-0.0002162039	-0.43274954	0.0
-0.00049442722	-0.49983066	0.0
-0.00075304997	-0.5603531	0.0
-0.0009843728	-0.61329013	0.0
-0.0011813294	-0.65796161	0.0
-0.0013424114	-0.69411749	0.0
-0.001464735	-0.72165418	0.0
-0.0015518762	-0.74070752	0.0
-0.00159822	-0.75136638	0.0
-0.0016200471	-0.75378871	0.0
-0.0016118799	-0.74800229	0.0
-0.0015791863	-0.73393887	0.0
-0.0015309438	-0.71142924	0.0
-0.0014676764	-0.68026793	0.0
-0.0013916763	-0.64053023	0.0
-0.0013157234	-0.59226078	0.0
-0.0012234703	-0.53594667	0.0
-0.0011291241	-0.47238159	0.0
-0.0010377317	-0.40255931	0.0
-0.00093186484	-0.32796633	0.0
-0.00083371892	-0.24945582	0.0
-0.00072878296	-0.16849253	0.0
-0.00062300282	-0.085917018	0.0
-0.00051518914	-0.0027936001	0.0
-0.00040116662	0.080342315	0.0
-0.00027981427	0.16270724	0.0
-0.0001453389	0.24361281	0.0
8.4238818e-06	0.32182473	0.0
0.00018662775	0.39639816	0.0
0.00038814644	0.46610236	0.0
0.00062002201	0.52970755	0.0
0.00086163037	0.58624673	0.0
0.0011098856	0.63484502	0.0
0.0013545722	0.6750834	0.0
0.0015750336	0.70675027	0.0
0.0017714825	0.72990721	0.0
0.0019420434	0.74463421	0.0
0.0020629084	0.75114393	0.0
0.0021586223	0.74949163	0.0
0.0022101945	0.73965186	0.0
0.0022256768	0.72147638	0.0
0.0021977655	0.69478667	0.0
0.002129073	0.65944773	0.0
0.0020155965	0.61567527	0.0
0.0018588899	0.56357294	0.0
0.001658189	0.50378686	0.0
0.0014242146	0.43726107	0.0
0.001160654	0.36534187	0.0
0.00087606814	0.28901517	0.0
0.00057957717	0.20942551	0.0
0.00028060572	0.12797736	0.0
-2.0157957e-05	0.045165312	0.0
-0.00031598174	-0.037834477	0.0
-0.00060632295	-0.12062547	0.0
-0.00088940427	-0.20237057	0.0
-0.0011659526	-0.28224257	0.0
-0.00143123	-0.35904178	0.0
-0.0016838928	-0.43163818	0.0
-0.0019191784	-0.49882644	0.0
-0.0021287429	-0.55940747	0.0
-0.0023081552	-0.6125533	0.0
-0.0024536063	-0.65738297	0.0
-0.0025603301	-0.69369894	0.0
-0.0026370634	-0.72142154	0.0
-0.0026786162	-0.74063706	0.0
-0.0026936671	-0.7514618	0.0
-0.0026889425	-0.75405025	0.0
-0.0026685265	-0.74840999	0.0
-0.0026279609	-0.73448819	0.0
-0.0025822402	-0.71210408	0.0
-0.0025197153	-0.68106717	0.0
-0.0024387902	-0.64149094	0.0
-0.0023425543	-0.5933823	0.0
-0.0022130215	-0.53723723	0.0
-0.0020666791	-0.47384626	0.0
-0.0018804776	-0.40422666	0.0
-0.0016730705	-0.32962036	0.0
-0.0014390767	-0.25133994	0.0
-0.0011844528	-0.1703915	0.0
-0.00091849087	-0.087752521	0.0
-0.00064189237	-0.0047165407	0.0
-0.00036612037	0.078500479	0.0
-9.6064345e-05	0.16085978	0.0
0.00016308791	0.24166782	0.0
0.00041314127	0.31995824	0.0
0.00064076192	0.39480495	0.0
0.00086217362	0.46458334	0.0
0.001058622	0.52846885	0.0
0.0012414567	0.58527046	0.0
0.0014118754	0.63423717	0.0
0.0015567438	0.67485994	0.0
0.0016975374	0.70693392	0.0
0.0018078954	0.7305063	0.0
0.0019205303	0.74561083	0.0
0.0020162677	0.7524814	0.0
0.0021006623	0.75116366	0.0
0.002193985	0.74162698	0.0
0.0022758939	0.72374839	0.0
0.0023603856	0.69736439	0.0
0.0024499206	0.66235834	0.0
0.0025102026	0.61872882	0.0
0.0025713912	0.56672448	0.0
0.0025889166	0.50711781	0.0
0.0025709027	0.44071972	0.0
0.0025088242	0.36867103	0.0
0.0023982232	0.29217711	0.0
0.0022506639	0.21236713	0.0
0.0020616672	0.1305611	0.0
0.0018493516	0.047457848	0.0
0.0016092787	-0.03591923	0.0
0.0013543069	-0.11904967	0.0
0.0010835384	-0.20112826	0.0
0.0008014348	-0.28126502	0.0
0.00050640822	-0.3582319	0.0
0.00019966975	-0.43092531	0.0
-0.00012125263	-0.49810189	0.0
-0.0004414336	-0.55863518	0.0
-0.00076808524	-0.61152887	0.0
-0.0010812049	-0.65620595	0.0
-0.0013753929	-0.69227529	0.0
-0.0016553563	-0.71973526	0.0
-0.0018986004	-0.73858947	0.0
-0.0021228867	-0.74906778	0.0
-0.002323068	-0.75130177	0.0
-0.0024953401	-0.7453109	0.0
-0.0026586431	-0.73099601	0.0
-0.0027913011	-0.7083028	0.0
-0.0029138459	-0.6769886	0.0
-0.0030089437	-0.63705659	0.0
-0.0030750905	-0.58864665	0.0
-0.0031069075	-0.5323804	0.0
-0.0030943244	-0.46892416	0.0
-0.0030428027	-0.39927712	0.0
-0.0029396734	-0.32484075	0.0
-0.0028001773	-0.24665809	0.0
-0.0026244726	-0.16597159	0.0
-0.0024158934	-0.083776698	0.0
-0.0021868786	-0.00092981727	0.0
-0.0019366784	0.081856944	0.0
-0.0016686706	0.16388306	0.0
-0.0013855756	0.2444163	0.0
-0.0010837582	0.32234642	0.0
-0.00075572188	0.39652064	0.0
-0.00040802994	0.46582133	0.0
-3.1493655e-05	0.52907825	0.0
0.00035825753	0.58528841	0.0
0.0007607523	0.63363862	0.0
0.0011707509	0.67371398	0.0
0.0015609027	0.70521683	0.0
0.0019475139	0.72826678	0.0
0.0022963898	0.74305415	0.0
0.0026231403	0.74964052	0.0
0.0029225163	0.74814856	0.0
0.0031717829	0.73851931	0.0
0.0034014299	0.7206341	0.0
0.0035621647	0.69430006	0.0
0.0036828937	0.65932596	0.0
0.0037352941	0.6159007	0.0
0.003719416	0.56413859	0.0
0.0036354698	0.50469881	0.0
0.0034812908	0.43842968	0.0
0.0032684451	0.366402	0.0
0.0030102355	0.29021788	0.0
0.0027037112	0.2105812	0.0
0.0023756386	0.12896553	0.0
0.0020167734	0.046072289	0.0
0.0016431737	-0.037123952	0.0
0.0012491703	-0.12008648	0.0
0.00084158685	-0.20187981	0.0
0.00041668882	-0.28154382	0.0
-1.8192732e-05	-0.35824251	0.0
-0.00046324468	-0.43059227	0.0
-0.00091041857	-0.49755913	0.0
-0.0013400174	-0.55792081	0.0
-0.0017614692	-0.61075759	0.0
-0.002137854	-0.65547574	0.0
-0.0024799958	-0.69168168	0.0
-0.0027808985	-0.71924853	0.0
-0.0030289651	-0.73837054	0.0
-0.0032444696	-0.74918741	0.0
-0.0034049801	-0.75179631	0.0
-0.003538579	-0.74622804	0.0
-0.0036226448	-0.73240447	0.0
-0.0036753954	-0.7101801	0.0
-0.0036923853	-0.67937648	0.0
-0.003655456	-0.63995069	0.0
-0.0035878615	-0.59204412	0.0
-0.0034675673	-0.53598619	0.0
-0.0033107491	-0.47285378	0.0
-0.0031198098	-0.40334806	0.0
-0.0028997601	-0.32882982	0.0
-0.0026675256	-0.25021896	0.0
-0.0024254066	-0.16943239	0.0
-0.0021813856	-0.086692229	0.0
-0.0019455658	-0.0033402552	0.0
-0.0017129828	0.080257133	0.0
-0.0014844681	0.16286618	0.0
-0.0012534998	0.2439386	0.0
-0.001016702	0.32236812	0.0
-0.00075490837	0.39704892	0.0
-0.00047567804	0.46681419	0.0
-0.00016875427	0.53042829	0.0
0.00016601552	0.58689511	0.0
0.00051280914	0.63543224	0.0
0.0008776022	0.67564225	0.0
0.0012468064	0.70723796	0.0
0.0016054944	0.7302807	0.0
0.0019725198	0.74498141	0.0
0.0023197129	0.7514475	0.0
0.0026613998	0.74974889	0.0
0.0029978123	0.7398721	0.0
0.003311666	0.72165346	0.0
0.0036203479	0.69493616	0.0
0.003888618	0.65965599	0.0
0.0041219806	0.61579156	0.0
0.0043031983	0.56364942	0.0
0.0044160574	0.50381249	0.0
0.0044583208	0.43726152	0.0
0.004420476	0.36494064	0.0
0.004313861	0.28853929	0.0
0.0041470197	0.20881212	0.0
0.0039247279	0.12708989	0.0
0.0036597685	0.044195771	0.0
0.0033562146	-0.03910929	0.0
0.0030192151	-0.12206238	0.0
0.0026434732	-0.20396598	0.0
0.0022291183	-0.28370115	0.0
0.0017762056	-0.36040768	0.0
0.0012743905	-0.43284649	0.0
0.00074037054	-0.49980858	0.0
0.00017665399	-0.56014258	0.0
-0.00038956958	-0.61296082	0.0
-0.00094761705	-0.65757895	0.0
-0.0014757856	-0.69374943	0.0
-0.0019620624	-0.7213015	0.0
-0.0023986874	-0.74039096	0.0
-0.0027822454	-0.75118327	0.0
-0.0031176775	-0.75376689	0.0
-0.0033995179	-0.7481848	0.0
-0.0036352179	-0.73432606	0.0
-0.0038138633	-0.71207422	0.0
-0.0039493013	-0.68122828	0.0
-0.0040215459	-0.64171243	0.0
-0.0040403865	-0.59369761	0.0
-0.0039894511	-0.53757751	0.0
-0.0038725222	-0.47444025	0.0
-0.0037102227	-0.40492988	0.0
-0.0034824659	-0.33043981	0.0
-0.0032324025	-0.25220484	0.0
-0.0029431807	-0.17126025	0.0
-0.0026387845	-0.088758044	0.0
-0.0023230836	-0.0055167167	0.0
-0.0019968587	0.07778199	0.0
-0.0016658384	0.16023597	0.0
-0.0013210366	0.24126112	0.0
-0.00096361735	0.31974524	0.0
-0.00058444595	0.39456332	0.0
-0.00019083299	0.46456581	0.0
0.00022347424	0.52852553	0.0
0.00064124155	0.5853973	0.0
0.0010534849	0.63440931	0.0
0.0014539111	0.67513782	0.0
0.0018110992	0.70719647	0.0
0.0021436301	0.73072439	0.0
0.0024240918	0.74588054	0.0
0.0026546388	0.75278401	0.0
0.0028565419	0.75151318	0.0
0.0029893254	0.74203223	0.0
0.0030965421	0.72423875	0.0
0.0031497013	0.69794893	0.0
0.0031515348	0.66302246	0.0
0.0031153839	0.61951548	0.0
0.0030111438	0.56770998	0.0
0.002874482	0.50820875	0.0
0.002680002	0.44196138	0.0
0.0024552748	0.36992478	0.0
0.0022103209	0.29338166	0.0
0.0019413173	0.2135575	0.0
0.001682478	0.1315769	0.0
0.0014215809	0.048351854	0.0
0.00118061	-0.035202328	0.0
0.00095548725	-0.11846659	0.0
0.00075081864	-0.20069368	0.0
0.00056322815	-0.28099138	0.0
0.00039390606	-0.35807472	0.0
0.00022871759	-0.43089324	0.0
7.9886078e-05	-0.49826026	0.0
-7.3175826e-05	-0.55894876	0.0
-0.00021994399	-0.61212909	0.0
-0.00037040631	-0.65709251	0.0
-0.00052236189	-0.69348621	0.0
-0.00067477499	-0.72129965	0.0
-0.0008383622	-0.74051613	0.0
-0.0010081704	-0.75140578	0.0
-0.0011908226	-0.75403708	0.0
-0.0013955508	-0.74844396	0.0
-0.0016007572	-0.73456538	0.0
-0.0018308326	-0.71223307	0.0
-0.0020528182	-0.68136811	0.0
-0.0022729794	-0.64179587	0.0
-0.0024704107	-0.59372211	0.0
-0.0026310645	-0.53760475	0.0
-0.00274483	-0.47418618	0.0
-0.0028082291	-0.40450698	0.0
-0.0028132058	-0.32985553	0.0
-0.0027704046	-0.25141144	0.0
-0.0026783969	-0.17027408	0.0
-0.0025498243	-0.087541595	0.0
-0.0023887721	-0.0040433784	0.0
-0.0022008554	0.079354756	0.0
-0.001992065	0.16207874	0.0
-0.0017599245	0.24338113	0.0
-0.0015061324	0.32214934	0.0
-0.0012259329	0.39727208	0.0
-0.00092365436	0.46752533	0.0
-0.00059113977	0.53177857	0.0
-0.00024905565	0.58875358	0.0
0.0001084438	0.63792717	0.0
0.00046755801	0.6785726	0.0
0.00079380476	0.71068537	0.0
0.0011343304	0.73418158	0.0
0.0014090433	0.74922192	0.0
0.0016920407	0.75594932	0.0
0.0019283906	0.75446391	0.0
0.0021354677	0.7447077	0.0
0.0023502414	0.72657698	0.0
0.0025017164	0.69987732	0.0
0.0026629923	0.66454118	0.0
0.0027816787	0.62054867	0.0
0.0028735243	0.56822336	0.0
0.0029531631	0.50819445	0.0
0.0029704459	0.44118524	0.0
0.0029861878	0.36896834	0.0
0.0029509363	0.29210883	0.0
0.0029063763	0.21194324	0.0
0.0028424631	0.12983149	0.0
0.0027556394	0.046468347	0.0
0.0026615045	-0.036886405	0.0
0.0025495552	-0.12005572	0.0
0.0024153118	-0.20205233	0.0
0.0022548495	-0.28211224	0.0
0.0020615784	-0.35899478	0.0
0.0018217033	-0.43176213	0.0
0.0015501385	-0.49880981	0.0
0.0012294988	-0.55930746	0.0
0.000892026	-0.61238021	0.0
0.0005308151	-0.65711826	0.0
0.00016452631	-0.69338799	0.0
-0.00019099186	-0.72106832	0.0
-0.00054250186	-0.74024659	0.0
-0.00087833218	-0.75107944	0.0
-0.0011996906	-0.75369811	0.0
-0.001508237	-0.74811977	0.0
-0.0017973988	-0.73426229	0.0
-0.002067219	-0.71195835	0.0
-0.0023136537	-0.68105835	0.0
-0.0025227349	-0.64151329	0.0
-0.0026891669	-0.59342742	0.0
-0.0027937407	-0.53730071	0.0
-0.0028423399	-0.47390208	0.0
-0.0028156105	-0.40421441	0.0
-0.0027293521	-0.32949141	0.0
-0.0025845726	-0.25097552	0.0
-0.0023911935	-0.16990958	0.0
-0.0021584351	-0.087154508	0.0
-0.0018962895	-0.0036864667	0.0
-0.0016177204	0.079848625	0.0
-0.0013235512	0.16246703	0.0
-0.0010228434	0.24378836	0.0
-0.00071923144	0.32234278	0.0
-0.00040757525	0.39725846	0.0
-9.5242292e-05	0.46745479	0.0
0.00021825617	0.53144544	0.0
0.00053496653	0.58838803	0.0
0.00083140901	0.63744926	0.0
0.0011256348	0.6780445	0.0
0.0013870837	0.71009022	0.0
0.0016312727	0.73356152	0.0
0.0018518015	0.74864054	0.0
0.0020299722	0.75546348	0.0
0.0022051774	0.75409991	0.0
0.0023334909	0.74453646	0.0
0.0024585321	0.72664541	0.0
0.0025593222	0.70025861	0.0
0.0026353321	0.66520941	0.0
0.0027162398	0.6215806	0.0
0.002753543	0.56960219	0.0
0.0027986718	0.51002324	0.0
0.0028219395	0.44361043	0.0
0.0028318651	0.37156972	0.0
0.0028403322	0.29512054	0.0
0.0028346882	0.21535797	0.0
0.0028234301	0.13366739	0.0
0.0028009997	0.050735086	0.0
0.0027590599	-0.032487329	0.0
0.0026955858	-0.1153669	0.0
0.0025937336	-0.19721346	0.0
0.0024472384	-0.27713299	0.0
0.0022455764	-0.35384107	0.0
0.0019846282	-0.42648727	0.0
0.0016606632	-0.49346119	0.0
0.0012948563	-0.55401528	0.0
0.00088320853	-0.60700649	0.0
0.00045493501	-0.6518538	0.0
3.3180637e-05	-0.68817031	0.0
-0.00039112283	-0.71587908	0.0
-0.00077700062	-0.73510915	0.0
-0.0011425741	-0.74599254	0.0
-0.0014756526	-0.74865752	0.0
-0.0017742857	-0.74312085	0.0
-0.0020462412	-0.7292977	0.0
-0.0022802723	-0.70703024	0.0
-0.0024833966	-0.6761536	0.0
-0.0026388816	-0.6365872	0.0
-0.0027592741	-0.58847618	0.0
-0.0028214322	-0.5322727	0.0
-0.0028383553	-0.46880138	0.0
-0.0028132412	-0.39905429	0.0
-0.0027425806	-0.32426447	0.0
-0.0026395181	-0.24574824	0.0
-0.0025056545	-0.16449197	0.0
-0.0023529415	-0.081648625	0.0
-0.0021784031	0.0019691375	0.0
-0.001993503	0.085346237	0.0
-0.0017880081	0.16821635	0.0
-0.0015697647	0.24950829	0.0
-0.001326144	0.32830828	0.0
-0.0010605997	0.40349859	0.0
-0.0007689608	0.47384855	0.0
-0.00045327257	0.5382179	0.0
-0.00011609547	0.59557259	0.0
0.0002240262	0.64508951	0.0
0.0005705072	0.6863187	0.0
0.00090863951	0.71904367	0.0
0.0012265835	0.74328059	0.0
0.0015253472	0.75914669	0.0
0.0018065372	0.76680744	0.0
0.0020557942	0.7663278	0.0
0.0022929965	0.75768101	0.0
0.0025123551	0.74075699	0.0
0.0026885003	0.71538794	0.0
0.0028629529	0.68148458	0.0
0.0029799619	0.63904417	0.0
0.003063597	0.58841562	0.0
0.0030958604	0.53015292	0.0
0.0030740281	0.46517533	0.0
0.0030084299	0.39475247	0.0
0.0028908837	0.31992123	0.0
0.0027426698	0.24198917	0.0
0.0025623532	0.16193959	0.0
0.0023587239	0.080762178	0.0
0.0021341238	-0.00070328743	0.0
0.0018873272	-0.081685126	0.0
0.0016170942	-0.16166243	0.0
0.00131848	-0.23960528	0.0
0.00098834874	-0.31450224	0.0
0.00062702748	-0.38501334	0.0
0.00023665393	-0.45021859	0.0
-0.00016800909	-0.50878078	0.0
-0.00058310718	-0.55985314	0.0
-0.00097656529	-0.60279131	0.0
-0.0013605345	-0.63736421	0.0
-0.0016884871	-0.66360015	0.0
-0.0019904296	-0.68169874	0.0
-0.0022393074	-0.69200033	0.0
-0.0024452433	-0.69483936	0.0
-0.0026089554	-0.69051701	0.0
-0.0027246913	-0.67924935	0.0
-0.0028054188	-0.6612941	0.0
-0.0028346139	-0.63678771	0.0
-0.0028271319	-0.6059671	0.0
-0.0027775383	-0.56910449	0.0
-0.0026818409	-0.52653998	0.0
-0.0025546215	-0.47866684	0.0
-0.0023890743	-0.42596281	0.0
-0.0022059469	-0.36896887	0.0
-0.0020020332	-0.30833986	0.0
-0.0017948104	-0.24473117	0.0
-0.001588623	-0.17919321	0.0
-0.0013884673	-0.11278066	0.0
-0.0012019202	-0.046814602	0.0
-0.001027205	0.017430382	0.0
-0.00086703792	0.079020448	0.0
-0.00072246988	0.13702691	0.0
-0.0005935427	0.19048826	0.0
-0.00047794945	0.23899184	0.0
-0.00038096559	0.28204811	0.0
-0.00029734091	0.31927365	0.0
-0.00023600005	0.35024986	0.0
-0.00018623676	0.37451348	0.0
-0.00015623723	0.39168236	0.0
-0.00014015996	0.40148023	0.0
-0.00012657425	0.40388319	0.0
-0.00012142278	0.39920381	0.0
-0.00010817727	0.38803598	0.0
-9.1026413e-05	0.37128067	0.0
-6.6165783e-05	0.34979793	0.0
-3.4642409e-05	0.32453421	0.0
-4.9909904e-06	0.29627478	0.0
2.5042713e-05	0.2656664	0.0
4.831723e-05	0.23330981	0.0
6.1039143e-05	0.19994208	0.0
7.3665462e-05	0.1663475	0.0
7.9704711e-05	0.13356194	0.0
8.2623555e-05	0.10266971	0.0
8.8602181e-05	0.074658848	0.0
9.2667993e-05	0.050200477	0.0
9.6249292e-05	0.029687688	0.0
9.6485135e-05	0.013037694	0.0
8.8000103e-05	1.7947194e-05	0.0
7.1469622e-05	-0.0098860105	0.0
4.215998e-05	-0.017179966	0.0
-6.7545562e-07	-0.022355987	0.0
-5.3221382e-05	-0.025877601	0.0
-0.0001148083	-0.028124327	0.0
-0.00018011137	-0.029422253	0.0
-0.00024440594	-0.030019397	0.0
-0.00030228996	-0.030122396	0.0
-0.00034602016	-0.029887402	0.0
-0.00037236244	-0.0294364	0.0
-0.00037608671	-0.028859608	0.0
-0.00035764487	-0.028221922	0.0
-0.00031576533	-0.027562059	0.0
-0.00025524027	-0.026906947	0.0
-0.00018661696	-0.026261855	0.0
-0.0001103273	-0.025621941	0.0
-4.5029155e-05	-0.024967819	0.0
2.0609498e-06	-0.024279859	0.0
2.0810956e-05	-0.023536596	0.0
1.8091965e-06	-0.022718079	0.0
-4.7453432e-05	-0.021826379	0.0
-0.00012724439	-0.020867944	0.0
-0.00021715499	-0.019865597	0.0
-0.00031195348	-0.018841937	0.0
-0.00039118555	-0.017826084	0.0
-0.00044794311	-0.016850047	0.0
-0.00046963306	-0.015923275	0.0
-0.0004608267	-0.01506009	0.0
-0.00042477314	-0.014259673	0.0
-0.00036872501	-0.013522065	0.0
-0.00029926636	-0.012837552	0.0
-0.00022599159	-0.012200367	0.0
-0.00015581129	-0.011599838	0.0
-9.2075432e-05	-0.011037741	0.0
-3.7459464e-05	-0.010504464	0.0
8.9639161e-06	-0.0099984333	0.0
4.5449513e-05	-0.0095165037	0.0
7.4426905e-05	-0.0090586413	0.0
9.4519171e-05	-0.0086237937	0.0
0.00010872262	-0.0082102865	0.0
0.00011807875	-0.0078173503	0.0
0.00012235409	-0.0074424152	0.0
0.00012408865	-0.0070900563	0.0
0.00012339999	-0.0067551611	0.0
0.00012063145	-0.0064378558	0.0
0.00011774773	-0.0061366525	0.0
0.00011313229	-0.0058519924	0.0
0.00010782445	-0.0055830078	0.0
0.00010194018	-0.0053272177	0.0
9.6863798e-05	-0.0050865104	0.0
9.1442293e-05	-0.0048577716	0.0
8.613438e-05	-0.004639646	0.0
8.0366968e-05	-0.0044353073	0.0
7.5059943e-05	-0.0042404011	0.0
7.0676149e-05	-0.0040556178	0.0
6.502356e-05	-0.0038819406	0.0
5.9368973e-05	-0.003715646	0.0
5.6139124e-05	-0.0035584325	0.0
5.210115e-05	-0.0034099512	0.0
4.8063248e-05	-0.0032669734	0.0
4.4140732e-05	-0.0031323533	0.0
4.0449166e-05	-0.0030046022	0.0
3.8950519e-05	-0.0028831586	0.0
3.5374753e-05	-0.0027677473	0.0
3.3414301e-05	-0.0026579518	0.0
2.9953868e-05	-0.0025519917	0.0
2.8108252e-05	-0.0024519421	0.0
2.7648457e-05	-0.0023567996	0.0
2.4071885e-05	-0.0022657563	0.0
2.1649841e-05	-0.002178709	0.0
2.0497162e-05	-0.0020956395	0.0
1.7959328e-05	-0.0020175001	0.0
1.5768323e-05	-0.0019422309	0.0
1.5192359e-05	-0.0018699813	0.0
1.3232038e-05	-0.0018004902	0.0
1.2887865e-05	-0.0017351113	0.0
1.196542e-05	-0.0016724623	0.0
1.0812835e-05	-0.0016135208	0.0
9.4291936e-06	-0.001555549	0.0
7.5846265e-06	-0.0015003075	0.0
7.3560509e-06	-0.0014469805	0.0
7.0102028e-06	-0.0013976229	0.0
5.85727e-06	-0.001348402	0.0
4.9348787e-06	-0.0013015268	0.0
3.6687284e-06	-0.0012583478	0.0
4.130849e-06	-0.0012148828	0.0
2.3992593e-06	-0.0011756789	0.0
1.9419113e-06	-0.0011357906	0.0
1.3643754e-06	-0.0010987915	0.0
5.6110588e-07	-0.0010621928	0.0
1.6008082e-06	-0.001026692	0.0
5.6017149e-07	-0.00099311525	0.0
-2.4430676e-07	-0.00096186547	0.0
-5.8858603e-07	-0.00093060441	0.0
-5.8557919e-07	-0.00090195664	0.0
-5.8865976e-07	-0.00087494601	0.0
-2.2018203e-06	-0.00084630353	0.0
-2.0829964e-06	-0.00082012487	0.0
-2.8910229e-06	-0.00079380762	0.0
-3.0030083e-06	-0.00077036995	0.0
-3.3493432e-06	-0.00074638828	0.0
-3.4590137e-06	-0.00072377978	0.0
-2.6534794e-06	-0.00070184947	0.0
-4.0395657e-06	-0.00067964289	0.0
-4.2656288e-06	-0.00065964088	0.0
-4.8432194e-06	-0.00064099603	0.0
-4.95122e-06	-0.00062125135	0.0
-3.6802687e-06	-0.00060179806	0.0
-3.9178713e-06	-0.00058522192	0.0
-4.833345e-06	-0.00056904886	0.0
-3.56143e-06	-0.00055247149	0.0
-4.1440612e-06	-0.00053766806	0.0
-4.5971378e-06	-0.00052231568	0.0
-4.1422495e-06	-0.00050724635	0.0
-6.6774742e-06	-0.00049272343	0.0
-5.6304707e-06	-0.00047847259	0.0
-5.6321733e-06	-0.00046572491	0.0
-4.8196812e-06	-0.00045202186	0.0
-4.4778003e-06	-0.00044051118	0.0
-5.5158598e-06	-0.00042694053	0.0
-5.7423672e-06	-0.0004155756	0.0
-6.2063255e-06	-0.00040488684	0.0
-7.0060169e-06	-0.00039392462	0.0
-5.391023e-06	-0.00038323639	0.0
-6.6621014e-06	-0.00037227664	0.0
-6.1951901e-06	-0.00036350699	0.0
-6.0779389e-06	-0.00035336235	0.0
-5.0383014e-06	-0.00034322508	0.0
-5.3863141e-06	-0.00033473392	0.0
-5.7301072e-06	-0.00032691896	0.0
-5.9591653e-06	-0.00031746141	0.0
-6.1896681e-06	-0.0003092449	0.0
-6.4147885e-06	-0.00030143655	0.0
-5.0309109e-06	-0.00029403745	0.0
-6.1854671e-06	-0.00028581885	0.0
-5.9509184e-06	-0.00027951811	0.0
-6.0654756e-06	-0.00027252594	0.0
-6.0655325e-06	-0.00026485158	0.0
-6.7538485e-06	-0.00025786541	0.0
-5.2508162e-06	-0.00025183667	0.0
-5.4854099e-06	-0.0002452617	0.0
-6.520047e-06	-0.00024032999	0.0
-5.825158e-06	-0.00023443947	0.0
-6.1721466e-06	-0.00023005683	0.0
-6.3990774e-06	-0.00022402685	0.0
-5.5915443e-06	-0.0002178633	0.0
-6.8591435e-06	-0.00021211008	0.0
-5.7025509e-06	-0.00020772645	0.0
-6.049529e-06	-0.00020224374	0.0
-7.0870815e-06	-0.00019744945	0.0
-7.4279128e-06	-0.00019320165	0.0
-5.4668199e-06	-0.00018826911	0.0
-7.4298946e-06	-0.00018333811	0.0
-7.4237114e-06	-0.00017950196	0.0
-5.8085761e-06	-0.00017470827	0.0
-6.4995834e-06	-0.00017169476	0.0
-5.2282667e-06	-0.00016689947	0.0
-5.3426597e-06	-0.00016320229	0.0
-4.7651251e-06	-0.00016005013	0.0
-6.2647105e-06	-0.00015580274	0.0
-6.4933211e-06	-0.00015265218	0.0
-7.1833888e-06	-0.00014867845	0.0
-6.0257144e-06	-0.00014566725	0.0
-5.5663008e-06	-0.00014333783	0.0
-6.4867668e-06	-0.0001393647	0.0
-5.6775534e-06	-0.00013648943	0.0
-6.1368564e-06	-0.00013279077	0.0
-4.5198299e-06	-0.00013032781	0.0
-5.3285808e-06	-0.00012786075	0.0
-5.6715994e-06	-0.00012375001	0.0
-5.5556507e-06	-0.00012128667	0.0
-5.7829693e-06	-0.00011841022	0.0
-4.0503828e-06	-0.00011635786	0.0
-4.6301343e-06	-0.00011444077	0.0
-6.3579437e-06	-0.00011169993	0.0
-5.7777188e-06	-0.000108414	0.0
-5.4306079e-06	-0.00010649738	0.0
-4.967927e-06	-0.00010321028	0.0
-5.5449755e-06	-0.00010170539	0.0
-6.4653586e-06	-9.951448e-05	0.0
-5.539107e-06	-9.82825e-05	0.0
-5.0785766e-06	-9.5405587e-05	0.0
-6.1157757e-06	-9.3762901e-05	0.0
-5.7661032e-06	-9.088542e-05	0.0
-5.3036811e-06	-8.8834749e-05	0.0
-4.9557702e-06	-8.7876753e-05	0.0
-4.8411625e-06	-8.5547974e-05	0.0
-6.1082087e-06	-8.3768362e-05	0.0
-5.2970681e-06	-8.1440834e-05	0.0
-5.2980176e-06	-8.0486119e-05	0.0
-6.1046417e-06	-7.9800797e-05	0.0
-6.4478349e-06	-7.7334262e-05	0.0
-6.1002775e-06	-7.5418728e-05	0.0
-6.0984303e-06	-7.364028e-05	0.0
-5.5205096e-06	-7.2683164e-05	0.0
-5.86536e-06	-7.090345e-05	0.0
-5.4021148e-06	-6.9672962e-05	0.0
-5.7475763e-06	-6.8578978e-05	0.0
-5.7449065e-06	-6.7209265e-05	0.0
-5.1679949e-06	-6.4882071e-05	0.0
-6.4353471e-06	-6.4474312e-05	0.0
-5.3945946e-06	-6.3242216e-05	0.0
-5.5088699e-06	-6.187363e-05	0.0
-4.6997493e-06	-6.0231723e-05	0.0
-5.6222962e-06	-5.9411814e-05	0.0
-6.7742781e-06	-5.7495479e-05	0.0
-6.3111506e-06	-5.6538487e-05	0.0
-5.2712089e-06	-5.489606e-05	0.0
-4.5774354e-06	-5.4624339e-05	0.0
-3.6527094e-06	-5.270783e-05	0.0
-4.4588296e-06	-5.2572916e-05	0.0
-4.9192263e-06	-5.1341911e-05	0.0
-4.341257e-06	-5.0521852e-05	0.0
-3.6465669e-06	-4.8879701e-05	0.0
-5.0303706e-06	-4.7647438e-05	0.0
-3.529218e-06	-4.8198708e-05	0.0
-4.4492149e-06	-4.6146204e-05	0.0
-5.0259578e-06	-4.5324807e-05	0.0
-5.0242043e-06	-4.4779135e-05	0.0
-5.2544842e-06	-4.3959724e-05	0.0
-4.214518e-06	-4.2864056e-05	0.0
-4.4426006e-06	-4.3415152e-05	0.0
-4.9033379e-06	-4.1773626e-05	0.0
-4.9016439e-06	-4.0542309e-05	0.0
-5.3622639e-06	-3.9035953e-05	0.0
-4.8989714e-06	-3.9311708e-05	0.0
-5.3596273e-06	-3.8766859e-05	0.0
-3.85878e-06	-3.7398713e-05	0.0
-3.7394827e-06	-3.6440913e-05	0.0
-5.3535214e-06	-3.6442616e-05	0.0
-5.5849764e-06	-3.6035719e-05	0.0
-4.546338e-06	-3.4392113e-05	0.0
-3.5036571e-06	-3.4668559e-05	0.0
-5.0017616e-06	-3.3027336e-05	0.0
-4.5417014e-06	-3.2206153e-05	0.0
-3.5000662e-06	-3.1522592e-05	0.0
-3.9602755e-06	-3.1798281e-05	0.0
-3.6109432e-06	-3.1937856e-05	0.0
-5.2252049e-06	-3.1669399e-05	0.0
-4.7641693e-06	-2.9614834e-05	0.0
-4.8788797e-06	-2.9479364e-05	0.0
-3.6083613e-06	-2.8111455e-05	0.0
-3.8358089e-06	-2.797735e-05	0.0
-3.4887796e-06	-2.6607297e-05	0.0
-3.9467677e-06	-2.7294442e-05	0.0
-4.5225806e-06	-2.6065876e-05	0.0
-4.8695242e-06	-2.5927686e-05	0.0
-4.2918723e-06	-2.5930911e-05	0.0
-4.0594732e-06	-2.552472e-05	0.0
-3.7097409e-06	-2.4293127e-05	0.0
-4.6296559e-06	-2.3747058e-05	0.0
-5.4352572e-06	-2.3195435e-05	0.0
-6.1331393e-06	-2.4710134e-05	0.0
-3.9385927e-06	-2.2385635e-05	0.0
-4.396627e-06	-2.2519484e-05	0.0
-2.8986121e-06	-2.1840682e-05	0.0
-3.2327807e-06	-2.1562644e-05	0.0
-4.8528013e-06	-2.2256723e-05	0.0
-3.8145622e-06	-2.0066978e-05	0.0
-4.2741012e-06	-2.0066107e-05	0.0
-3.3490587e-06	-1.883702e-05	0.0
-4.3821815e-06	-1.9105311e-05	0.0
-4.500745e-06	-1.96663e-05	0.0
-4.2686397e-06	-1.7470395e-05	0.0
-3.9213173e-06	-1.9386236e-05	0.0
-3.6879078e-06	-1.8712932e-05	0.0
-3.6868475e-06	-1.8029294e-05	0.0
-3.340735e-06	-1.6933755e-05	0.0
-3.2192995e-06	-1.7203942e-05	0.0
-3.7983568e-06	-1.7487329e-05	0.0
-2.9896944e-06	-1.6256712e-05	0.0
-3.4459545e-06	-1.5713491e-05	0.0
-3.6748945e-06	-1.4200813e-05	0.0
-4.481602e-06	-1.5301772e-05	0.0
-4.1416001e-06	-1.3660279e-05	0.0
-3.2121743e-06	-1.4618475e-05	0.0
-3.5582591e-06	-1.3529585e-05	0.0
-2.4059668e-06	-1.3799161e-05	0.0
-2.509935e-06	-1.3941674e-05	0.0
-3.3217302e-06	-1.3808334e-05	0.0
-2.4022586e-06	-1.3265035e-05	0.0
-2.3884354e-06	-1.2579266e-05	0.0
-3.892017e-06	-1.2580922e-05	0.0
-3.0886313e-06	-1.2577553e-05	0.0
-3.0836702e-06	-1.3682332e-05	0.0
-2.9637499e-06	-1.2453336e-05	0.0
-3.7733832e-06	-1.3133003e-05	0.0
-2.9644625e-06	-1.3146228e-05	0.0
-3.652932e-06	-1.136741e-05	0.0
-3.0805454e-06	-1.0680906e-05	0.0
-2.8400725e-06	-1.0129911e-05	0.0
-3.7662387e-06	-1.0956162e-05	0.0
-3.0701854e-06	-1.0004551e-05	0.0
-3.9966103e-06	-9.7260081e-06	0.0
-2.1490423e-06	-1.0275667e-05	0.0
-3.6342547e-06	-1.041973e-05	0.0
-4.5695056e-06	-9.8722367e-06	0.0
-3.1836878e-06	-1.041901e-05	0.0
-3.17989e-06	-1.0566189e-05	0.0
-2.3717923e-06	-9.0606563e-06	0.0
-2.9371936e-06	-8.9230662e-06	0.0
-4.2148172e-06	-8.3760224e-06	0.0
-2.7150754e-06	-8.9243922e-06	0.0
-3.0564827e-06	-8.5237416e-06	0.0
-2.3620983e-06	-7.558252e-06	0.0
-3.2812957e-06	-8.5250131e-06	0.0
-2.9393668e-06	-7.0159431e-06	0.0
-2.7027138e-06	-8.5286501e-06	0.0
-3.3917236e-06	-6.6107e-06	0.0
-3.7407342e-06	-8.3942368e-06	0.0
-3.0509327e-06	-6.2112395e-06	0.0
-2.3510122e-06	-6.7486612e-06	0.0
-3.2708335e-06	-7.3063011e-06	0.0
-3.045802e-06	-6.8963441e-06	0.0
-2.1191499e-06	-7.1741356e-06	0.0
-2.22937e-06	-6.354715e-06	0.0
-2.5758422e-06	-6.355946e-06	0.0
-2.6866983e-06	-6.0818743e-06	0.0
-3.7276116e-06	-6.9083881e-06	0.0
-2.9159651e-06	-5.9537329e-06	0.0
-4.3018604e-06	-6.2241375e-06	0.0
-2.4569244e-06	-6.5099948e-06	0.0
-2.7989083e-06	-4.3143323e-06	0.0
-1.529624e-06	-5.8212991e-06	0.0
-2.0995146e-06	-5.1403267e-06	0.0
-2.7927435e-06	-6.238763e-06	0.0
-2.9075948e-06	-5.4201973e-06	0.0
-2.6776156e-06	-5.9700569e-06	0.0
-1.8657108e-06	-4.8795687e-06	0.0
-2.9015473e-06	-3.9196875e-06	0.0
-2.3289142e-06	-4.057044e-06	0.0
-1.0539302e-06	-4.3351324e-06	0.0
-2.0900377e-06	-4.198333e-06	0.0
-2.202738e-06	-5.0260528e-06	0.0
-3.9347674e-06	-3.247206e-06	0.0
-2.2044492e-06	-3.5207067e-06	0.0
-2.7757385e-06	-3.6614031e-06	0.0
-3.8158178e-06	-3.5263936e-06	0.0
-2.3138666e-06	-3.802741e-06	0.0
-2.889175e-06	-3.8057219e-06	0.0
-1.7339679e-06	-3.3962303e-06	0.0
-2.3088187e-06	-4.221185e-06	0.0
-2.4223766e-06	-3.6756805e-06	0.0
-3.5758637e-06	-3.9517681e-06	0.0
-2.0743228e-06	-3.6804979e-06	0.0
-2.8799489e-06	-2.8601075e-06	0.0
-2.9944708e-06	-3.2736777e-06	0.0
-2.3005439e-06	-2.7277331e-06	0.0
-2.7606829e-06	-3.1413815e-06	0.0
-1.374383e-06	-3.2807684e-06	0.0
-6.8100866e-07	-3.0093199e-06	0.0
-2.1798894e-06	-4.1080289e-06	0.0
-1.9471727e-06	-3.0130823e-06	0.0
-2.4072872e-06	-3.016263e-06	0.0
-1.7131138e-06	-2.7437361e-06	0.0
-2.0591513e-06	-2.3361108e-06	0.0
-2.7496308e-06	-3.159998e-06	0.0
-2.7476074e-06	-1.9282122e-06	0.0
-2.5149725e-06	-2.3430794e-06	0.0
-1.8208937e-06	-2.2077606e-06	0.0
-1.590116e-06	-2.3475056e-06	0.0
-2.5131096e-06	-2.3499936e-06	0.0
-3.0858914e-06	-2.3508223e-06	0.0
-2.2780757e-06	-1.3947873e-06	0.0
-3.3151819e-06	-2.0832315e-06	0.0
-2.0399514e-06	-1.6737208e-06	0.0
-1.3522418e-06	-2.225408e-06	0.0
-2.9657047e-06	-2.365153e-06	0.0
-2.1523529e-06	-2.6376806e-06	0.0
-1.9249487e-06	-8.6059657e-07	0.0
-2.8438642e-06	-2.6496557e-06	0.0
-1.4547439e-06	-3.058484e-06	0.0
-1.4604421e-06	-2.6463222e-06	0.0
-2.4932119e-06	-1.2800932e-06	0.0
-1.103586e-06	-1.9729548e-06	0.0
-8.7652228e-07	-2.3814973e-06	0.0
-1.1053801e-06	-1.8376098e-06	0.0
-1.4531565e-06	-2.3868768e-06	0.0
-2.0210971e-06	-1.2900338e-06	0.0
-5.9521856e-08	-8.8238312e-07	0.0
-9.8614669e-07	-3.4003082e-07	0.0
-8.6924683e-07	-1.302201e-06	0.0
-2.1370231e-06	-7.5151053e-07	0.0
-1.4367852e-06	-6.2271181e-07	0.0
-1.0945275e-06	-1.4461932e-06	0.0
-1.4380853e-06	-1.1717153e-06	0.0
-1.2067674e-06	-1.036502e-06	0.0
-1.6661425e-06	-6.30442e-07	0.0
-1.4362224e-06	-1.1797707e-06	0.0
-2.1222472e-06	-7.7351524e-07	0.0
-9.7046029e-07	-1.8717932e-06	0.0
-2.5889767e-06	-1.1846676e-06	0.0
-1.9972815e-06	-1.0489139e-06	0.0
-6.1387266e-07	-9.5398178e-08	0.0
-3.8914766e-07	-1.0611063e-06	0.0
-9.6323413e-07	-1.1993762e-06	0.0
-7.2928367e-07	-1.7446459e-06	0.0
-9.6134966e-07	-5.1176886e-07	0.0
-8.371984e-07	-9.3489069e-07	0.0
8.3378232e-08	-1.2032456e-06	0.0
-7.3336463e-07	-8.0121924e-07	0.0
-1.1766157e-06	-1.8993571e-06	0.0
3.1929591e-07	-1.3463228e-06	0.0
-1.0809379e-06	-1.3532416e-06	0.0
-1.8688411e-06	-1.0766464e-06	0.0
-9.4426855e-07	-6.7215626e-07	0.0
-1.0597073e-06	-9.4985444e-07	0.0
-3.6467577e-07	-6.718895e-07	0.0
-9.5648466e-07	-2.6797142e-07	0.0
-1.8592643e-06	-5.4630169e-07	0.0
-3.5777114e-07	-2.6561554e-07	0.0
-1.0620467e-06	6.9382918e-07	0.0
-8.1251306e-07	8.0648255e-07	0.0
-2.5103265e-07	-6.9343736e-07	0.0
-1.2779728e-06	2.7171811e-07	0.0
1.1171112e-07	-2.9243907e-07	0.0
-4.7453895e-07	-2.7925535e-07	0.0
3.5667532e-07	3.9587408e-07	0.0
1.2540303e-06	-2.9972324e-07	0.0
-5.9467391e-07	-7.1049232e-07	0.0
-3.4221387e-07	-8.3482695e-07	0.0
2.428061e-07	2.4912583e-07	0.0
1.2647096e-06	-1.001457e-06	0.0
-1.239131e-07	-1.5412688e-06	0.0
1.199563e-07	-1.3861112e-06	0.0
-2.2927763e-07	2.4497544e-07	0.0
-1.1035642e-07	-5.9199738e-07	0.0
-2.1961336e-07	-5.9557021e-07	0.0
2.3642798e-07	-1.6897191e-06	0.0
-2.1479077e-07	-1.1391913e-06	0.0
8.213795e-07	-1.4071005e-06	0.0
-1.14941e-07	-4.2461377e-08	0.0
-3.3348053e-07	-8.8562695e-07	0.0
-5.6307863e-07	-1.0092012e-06	0.0
-4.4143076e-07	-8.7954851e-07	0.0
-2.0836161e-07	-1.3016326e-06	0.0
2.0758971e-08	-1.5564606e-06	0.0
-9.7029925e-08	-3.2948435e-07	0.0
-3.2886081e-07	-7.5549201e-07	0.0
-4.2888047e-07	-4.7182729e-07	0.0
1.3727632e-08	-5.9439063e-08	0.0
-1.3640939e-06	4.7336536e-07	0.0
-7.7909755e-07	-5.0597703e-07	0.0
-1.2293646e-06	-1.0246094e-06	0.0
3.050641e-08	5.7988153e-08	0.0
-7.6115759e-07	-7.6823989e-07	0.0
1.4343187e-06	5.8829706e-08	0.0
3.6058134e-07	-7.5009126e-08	0.0
-5.7002751e-07	1.150029e-06	0.0
-2.3841687e-06	4.5122752e-07	0.0
-7.4913657e-07	1.0156959e-06	0.0
-5.18077e-07	9.8371595e-07	0.0
8.4508252e-07	-9.9754438e-08	0.0
-6.5147077e-07	3.0002727e-07	0.0
7.5339727e-07	-1.068266e-06	0.0
2.6423123e-07	1.9730558e-07	0.0
5.3765724e-08	8.3804792e-07	0.0
3.9528257e-07	-9.8905659e-08	0.0
-7.2047882e-08	1.2494099e-06	0.0
-2.9470061e-07	-8.1355995e-07	0.0
-4.1096155e-07	4.5421169e-07	0.0
-6.3789207e-07	5.5319441e-07	0.0
-5.1672578e-07	-1.2263416e-07	0.0
-4.0289322e-07	1.4851732e-09	0.0
-6.4161082e-07	-6.5690836e-07	0.0
-8.4691766e-07	1.3851025e-06	0.0
4.1048537e-07	-1.5153827e-07	0.0
-6.3904264e-07	-1.3135144e-07	0.0
-2.70155e-07	-4.1397541e-07	0.0
-5.0153936e-08	-4.1432591e-07	0.0
-2.802104e-07	-5.494071e-07	0.0
-5.1653058e-07	1.4796493e-07	0.0
-1.2015572e-06	8.0823594e-07	0.0
-5.9956653e-07	-1.5759228e-07	0.0
3.0200715e-07	-1.5273409e-07	0.0
-1.4080878e-07	-7.0994088e-07	0.0
1.8301565e-06	-5.486869e-07	0.0
1.4392609e-06	2.3890428e-07	0.0
1.9015927e-07	-1.3953133e-06	0.0
7.8730733e-07	1.2934592e-07	0.0
1.1210684e-06	-2.7266665e-08	0.0
7.6490056e-07	6.6516134e-07	0.0
7.976886e-08	7.9269125e-07	0.0
8.8197368e-08	1.0630018e-06	0.0
-3.023818e-08	7.7722285e-07	0.0
