#Bx [T], By [T], Bz [T] on 3D mesh: inmost loop vs X (horizontal transverse position), outmost loop vs Z (longitudinal position)
#0.0 #initial X position [m]
#0.0 #step of X [m]
#1 #number of points vs X
#0.0 #initial Y position [m]
#0.0 #step of Y [m]
#1 #number of points vs Y
#-1.1855 #initial Z position [m]
#0.001 #step of Z [m]
#2371 #number of points vs Z
4.2464032e-07	-1.9729305e-07	0.0
4.2632558e-07	-1.1605827e-06	0.0
-6.1088383e-07	4.803893e-07	0.0
6.6003673e-07	1.1624666e-06	0.0
-1.4593893e-07	-7.4722934e-08	0.0
-3.7552269e-07	-1.0381308e-06	0.0
5.4932286e-07	-6.3079563e-07	0.0
2.0481569e-07	-8.5984802e-08	0.0
4.368415e-07	-5.0104745e-07	0.0
7.8506008e-07	4.3945278e-08	0.0
9.4207614e-08	-1.0564908e-06	0.0
3.2629222e-07	-1.0143597e-07	0.0
-1.7791832e-08	-5.1428123e-07	0.0
-3.6209929e-07	-1.2058539e-06	0.0
-8.2324573e-07	1.6179676e-07	0.0
-3.5958664e-07	-6.6335519e-07	0.0
-9.3540967e-07	1.5350366e-07	0.0
2.1802532e-07	6.9882014e-07	0.0
6.8522178e-07	9.7070802e-07	0.0
-5.8458448e-07	2.8128716e-07	0.0
5.7068382e-07	5.5182892e-07	0.0
-3.4974531e-07	-1.3699524e-07	0.0
4.5714472e-07	2.6863378e-07	0.0
2.2386375e-09	5.3924828e-07	0.0
-8.0924872e-07	9.481642e-07	0.0
6.9234136e-07	3.9715761e-07	0.0
6.5070265e-09	1.1988161e-07	0.0
-3.4185473e-07	-8.4280413e-07	0.0
6.4929782e-09	-9.8739213e-07	0.0
-2.2239732e-07	-4.4141356e-07	0.0
-1.0528319e-07	-7.1978457e-07	0.0
-2.2141239e-07	-3.8995221e-08	0.0
5.8956732e-07	-4.4836804e-07	0.0
-9.9228437e-08	-8.7259292e-07	0.0
1.5899573e-08	9.1230118e-07	0.0
-2.1350787e-07	-1.1451542e-06	0.0
-9.3996327e-08	7.5643932e-08	0.0
-1.0174574e-06	8.1331741e-08	0.0
-2.1155461e-07	-6.1305673e-07	0.0
-3.1965718e-07	3.4310219e-07	0.0
-7.8360057e-07	-7.1305614e-08	0.0
-9.0024045e-08	7.4677558e-07	0.0
-5.448361e-07	6.3182853e-08	0.0
-1.2382035e-06	-6.2744391e-07	0.0
-7.8212435e-07	-6.3920203e-07	0.0
4.9309728e-07	4.6379111e-07	0.0
-4.1973991e-07	-1.5999399e-06	0.0
-1.5777724e-06	3.9471487e-08	0.0
-1.3478032e-06	-1.6042512e-06	0.0
-1.2331922e-06	-9.2676328e-07	0.0
-6.4714715e-07	-1.7522937e-06	0.0
-2.3801142e-06	-6.6313567e-07	0.0
-1.1114618e-06	-6.6392892e-07	0.0
-2.0318321e-06	-1.1956195e-07	0.0
-5.3578907e-07	-3.9567016e-07	0.0
-4.1215262e-07	-3.9814051e-07	0.0
-4.1026752e-07	-9.5282877e-07	0.0
-6.4268346e-07	-4.0640995e-07	0.0
-6.0398939e-08	-1.0979862e-06	0.0
-7.5598746e-07	3.9988768e-07	0.0
7.4713034e-07	9.5304586e-07	0.0
-5.1294518e-07	2.6991873e-07	0.0
-6.3346965e-07	-9.7160898e-07	0.0
-5.1975189e-07	-3.0092778e-07	0.0
4.0771425e-07	9.3695621e-07	0.0
-1.6427768e-07	-1.9792378e-08	0.0
-2.7675196e-07	-3.0562671e-07	0.0
-1.0880631e-06	2.3873298e-07	0.0
-4.8399848e-08	2.3935672e-07	0.0
-7.3448098e-07	-3.1083681e-07	0.0
-7.3286606e-07	-4.6057983e-07	0.0
-1.6552577e-06	7.7125964e-07	0.0
-1.1974629e-06	9.3935128e-08	0.0
-1.1911122e-06	-6.078821e-07	0.0
-1.4211188e-06	8.9457387e-07	0.0
-1.42122e-06	6.2809721e-07	0.0
-1.5298749e-06	-1.9831893e-07	0.0
-1.8873681e-06	-8.9005346e-07	0.0
1.9686611e-07	-6.2892497e-07	0.0
-1.4031029e-06	4.7031014e-07	0.0
-1.9894087e-06	-2.1664592e-07	0.0
-1.6499573e-06	1.8961428e-07	0.0
-2.5875448e-07	-4.9642864e-07	0.0
-9.4012296e-07	-2.334266e-07	0.0
-1.6294475e-06	1.7748476e-07	0.0
-2.6745545e-06	-2.2881761e-07	0.0
-1.7534106e-06	-1.3342067e-06	0.0
-2.0910193e-06	-6.6423854e-07	0.0
-1.9809449e-06	3.0662545e-08	0.0
-1.2899303e-06	-9.3792403e-07	0.0
-7.0406145e-07	1.5395513e-07	0.0
-1.1634685e-06	-5.3260442e-07	0.0
-9.3234763e-07	4.1795747e-07	0.0
-1.6129404e-06	1.4383571e-08	0.0
-2.0949115e-06	-1.3848447e-07	0.0
-3.4894893e-07	1.5115305e-07	0.0
-2.4125604e-06	-2.1867106e-06	0.0
-2.0857658e-06	-1.2522395e-06	0.0
-1.960731e-06	-7.0238821e-07	0.0
-1.8479417e-06	-1.4529742e-07	0.0
-1.4988653e-06	-1.1186788e-06	0.0
-1.3831966e-06	2.5256799e-07	0.0
-1.1435085e-06	-1.5155645e-06	0.0
-1.8372167e-06	-1.5484173e-06	0.0
-1.4884458e-06	-4.4819819e-07	0.0
-2.0695338e-06	-7.1812184e-07	0.0
-9.1788507e-07	-5.9271542e-07	0.0
-1.1390896e-06	-3.1688947e-07	0.0
-7.9145855e-07	-4.6189766e-07	0.0
-1.2517471e-06	-3.1183848e-07	0.0
-9.0215366e-07	-1.9709626e-06	0.0
-1.3699165e-06	-7.520033e-07	0.0
-2.1319092e-07	-1.4224667e-06	0.0
-1.0055224e-06	-1.4444274e-06	0.0
-9.0694135e-07	-8.8948303e-07	0.0
-3.1869865e-07	-1.5776815e-06	0.0
-1.1128046e-06	-9.1381963e-07	0.0
-1.5927308e-06	-2.1185726e-07	0.0
-6.6381926e-07	-1.4423329e-06	0.0
-1.454623e-06	-1.5984659e-06	0.0
-1.7041732e-06	-1.4634243e-06	0.0
-1.2248606e-06	-1.3319625e-06	0.0
-2.1644687e-06	-1.4558722e-06	0.0
-4.2465265e-07	-2.7044503e-06	0.0
-1.9144106e-06	-1.8944127e-06	0.0
-6.6465566e-07	-2.2978211e-06	0.0
-9.8218015e-07	-1.7784834e-06	0.0
-1.4584749e-06	-2.625778e-07	0.0
-1.1004905e-06	-6.6173152e-07	0.0
-2.1404733e-06	-1.0731871e-06	0.0
-1.5677903e-06	-2.1751603e-06	0.0
-2.1369851e-06	-2.0591742e-06	0.0
-1.6869822e-06	-1.5113767e-06	0.0
-1.5530626e-06	-1.2425667e-06	0.0
-2.2507193e-06	-6.9447071e-07	0.0
-1.6799638e-06	-8.30906e-07	0.0
-1.6704281e-06	-8.3202849e-07	0.0
-1.4473221e-06	-1.2506017e-06	0.0
-1.3061514e-06	-1.1101359e-06	0.0
-2.7107537e-06	-2.2075706e-06	0.0
-1.092078e-06	-1.9597917e-06	0.0
-2.5740444e-06	-1.2644467e-06	0.0
-2.0175792e-06	-1.8153679e-06	0.0
-2.3404157e-06	-1.5444768e-06	0.0
-2.8204124e-06	-2.2312274e-06	0.0
-1.7816892e-06	-1.9691131e-06	0.0
-2.1073463e-06	-1.9724437e-06	0.0
-2.3544524e-06	-1.5636242e-06	0.0
-1.2117468e-06	-1.966727e-06	0.0
-7.1122162e-07	-2.3934513e-06	0.0
-2.5619679e-06	-2.2482923e-06	0.0
-2.2193551e-06	-3.6167528e-06	0.0
-3.157224e-06	-3.5167868e-06	0.0
-1.3029074e-06	-2.1433827e-06	0.0
-2.7893868e-06	-2.1349026e-06	0.0
-1.8750592e-06	-1.8701344e-06	0.0
-2.9059693e-06	-2.125779e-06	0.0
-1.8824301e-06	-3.2481919e-06	0.0
-1.9796034e-06	-2.0172147e-06	0.0
-1.8704689e-06	-2.9711875e-06	0.0
-2.0802738e-06	-2.300641e-06	0.0
-3.0264164e-06	-2.7061046e-06	0.0
-1.6304773e-06	-2.8365173e-06	0.0
-3.0105418e-06	-4.0893228e-06	0.0
-1.8637112e-06	-2.8660054e-06	0.0
-2.7767951e-06	-3.6709137e-06	0.0
-1.8651236e-06	-4.0902655e-06	0.0
-2.0832961e-06	-4.3957448e-06	0.0
-2.0709517e-06	-2.4674255e-06	0.0
-3.458267e-06	-3.6897554e-06	0.0
-2.8975476e-06	-3.4162306e-06	0.0
-2.994133e-06	-4.9449131e-06	0.0
-3.4585116e-06	-3.0341866e-06	0.0
-3.2410464e-06	-4.3835171e-06	0.0
-2.6461989e-06	-3.8685776e-06	0.0
-3.3462768e-06	-3.4504485e-06	0.0
-2.1944752e-06	-3.4421739e-06	0.0
-3.0839378e-06	-4.5323254e-06	0.0
-3.8140302e-06	-4.7184571e-06	0.0
-2.077152e-06	-2.9005269e-06	0.0
-3.0796223e-06	-5.7726493e-06	0.0
-3.7977275e-06	-4.7221015e-06	0.0
-3.109463e-06	-4.8353536e-06	0.0
-2.9821244e-06	-4.85396e-06	0.0
-3.3130227e-06	-4.4404915e-06	0.0
-4.2502102e-06	-4.8454476e-06	0.0
-3.1160721e-06	-5.3967033e-06	0.0
-2.3999787e-06	-5.6938757e-06	0.0
-2.7407489e-06	-4.8631487e-06	0.0
-2.6328482e-06	-5.955068e-06	0.0
-2.615885e-06	-5.8319429e-06	0.0
-3.320946e-06	-6.2484041e-06	0.0
-2.5074512e-06	-5.7060001e-06	0.0
-3.4226036e-06	-5.8509081e-06	0.0
-3.0801791e-06	-5.4168518e-06	0.0
-3.7691154e-06	-7.4875024e-06	0.0
-3.3120846e-06	-6.1458359e-06	0.0
-3.4328443e-06	-6.4020915e-06	0.0
-2.6053647e-06	-6.1374617e-06	0.0
-4.1049238e-06	-6.4143446e-06	0.0
-3.0866379e-06	-6.1410528e-06	0.0
-3.2916594e-06	-6.8237814e-06	0.0
-3.7540281e-06	-7.1026689e-06	0.0
-3.9979377e-06	-7.5334733e-06	0.0
-2.8566544e-06	-6.3086495e-06	0.0
-2.0252965e-06	-6.5586278e-06	0.0
-2.7046199e-06	-7.1330705e-06	0.0
-3.1725474e-06	-6.0401744e-06	0.0
-2.9623102e-06	-6.8338832e-06	0.0
-1.8951586e-06	-7.8304674e-06	0.0
-3.7339885e-06	-6.3297216e-06	0.0
-3.1820477e-06	-7.118585e-06	0.0
-3.0542628e-06	-8.2467532e-06	0.0
-2.6019209e-06	-7.2947596e-06	0.0
-2.011222e-06	-7.5678995e-06	0.0
-2.3587609e-06	-6.8874556e-06	0.0
-1.7792972e-06	-7.822222e-06	0.0
-2.3469172e-06	-9.0887297e-06	0.0
-2.3517073e-06	-7.6006145e-06	0.0
-2.6894338e-06	-7.5663834e-06	0.0
-2.9302994e-06	-9.218109e-06	0.0
-2.1287449e-06	-9.3765566e-06	0.0
-1.7627455e-06	-9.244005e-06	0.0
-2.6792961e-06	-8.9695159e-06	0.0
-2.8116433e-06	-9.2463115e-06	0.0
-2.2250342e-06	-9.2467062e-06	0.0
-2.9076366e-06	-9.6706171e-06	0.0
-2.8119935e-06	-8.850835e-06	0.0
-1.6503556e-06	-9.3938324e-06	0.0
-2.0930395e-06	-9.7978536e-06	0.0
-2.8993559e-06	-1.1193963e-05	0.0
-3.3761207e-06	-9.5534797e-06	0.0
-2.6718851e-06	-1.1038203e-05	0.0
-3.8240887e-06	-1.1479863e-05	0.0
-3.139608e-06	-1.1196663e-05	0.0
-3.4785683e-06	-1.176814e-05	0.0
-2.796603e-06	-1.0111916e-05	0.0
-2.6552088e-06	-1.2291184e-05	0.0
-4.0483178e-06	-1.258161e-05	0.0
-3.2475623e-06	-1.3558663e-05	0.0
-3.9211509e-06	-1.2049763e-05	0.0
-4.3959531e-06	-1.315237e-05	0.0
-3.5973135e-06	-1.1509217e-05	0.0
-3.3328047e-06	-1.3278627e-05	0.0
-5.2020605e-06	-1.3024316e-05	0.0
-3.0098602e-06	-1.383713e-05	0.0
-4.7146104e-06	-1.3998585e-05	0.0
-4.0598156e-06	-1.3170416e-05	0.0
-2.9891269e-06	-1.3857712e-05	0.0
-4.6042796e-06	-1.3582945e-05	0.0
-3.8105052e-06	-1.4688623e-05	0.0
-3.5820869e-06	-1.3870753e-05	0.0
-2.2958302e-06	-1.4963665e-05	0.0
-3.791288e-06	-1.4833145e-05	0.0
-2.9913906e-06	-1.5666068e-05	0.0
-3.9004199e-06	-1.4840515e-05	0.0
-3.7980546e-06	-1.6481185e-05	0.0
-3.5625269e-06	-1.6227048e-05	0.0
-3.6660813e-06	-1.6631026e-05	0.0
-4.3672403e-06	-1.6783466e-05	0.0
-3.4482589e-06	-1.6370055e-05	0.0
-3.7731165e-06	-1.7052498e-05	0.0
-4.5919373e-06	-1.7205732e-05	0.0
-3.9029092e-06	-1.7322494e-05	0.0
-4.0096484e-06	-1.9399065e-05	0.0
-3.672641e-06	-1.7642829e-05	0.0
-3.0824947e-06	-1.7615852e-05	0.0
-4.4412404e-06	-1.8583176e-05	0.0
-6.1974879e-06	-1.8600342e-05	0.0
-4.7142903e-06	-1.8580469e-05	0.0
-4.4532017e-06	-2.0515468e-05	0.0
-5.3836789e-06	-1.9566667e-05	0.0
-4.8099141e-06	-2.0790631e-05	0.0
-5.259732e-06	-2.0804933e-05	0.0
-5.1617267e-06	-2.1485252e-05	0.0
-3.7771522e-06	-2.2040776e-05	0.0
-3.6356994e-06	-2.2592394e-05	0.0
-4.6800187e-06	-2.2746322e-05	0.0
-4.334644e-06	-2.2056947e-05	0.0
-5.0222416e-06	-2.3141198e-05	0.0
-5.017806e-06	-2.3983548e-05	0.0
-6.0571774e-06	-2.3713677e-05	0.0
-5.4920984e-06	-2.4521572e-05	0.0
-4.9186278e-06	-2.5906258e-05	0.0
-4.0836148e-06	-2.6049902e-05	0.0
-6.1599658e-06	-2.6743834e-05	0.0
-5.2593064e-06	-2.6069252e-05	0.0
-5.3501212e-06	-2.6461825e-05	0.0
-5.9377203e-06	-2.7709988e-05	0.0
-4.9137461e-06	-2.7443699e-05	0.0
-4.0790151e-06	-2.8259048e-05	0.0
-5.682698e-06	-2.895179e-05	0.0
-5.7160923e-06	-2.9641531e-05	0.0
-4.0877917e-06	-2.9795801e-05	0.0
-4.9874898e-06	-2.9241499e-05	0.0
-5.8036899e-06	-3.0598065e-05	0.0
-6.0401248e-06	-3.1985117e-05	0.0
-5.9175813e-06	-3.2137017e-05	0.0
-6.4968599e-06	-3.2264412e-05	0.0
-5.923589e-06	-3.3639288e-05	0.0
-6.1405981e-06	-3.3791028e-05	0.0
-6.720335e-06	-3.4327866e-05	0.0
-6.6096604e-06	-3.5711197e-05	0.0
-6.598139e-06	-3.5314766e-05	0.0
-7.1844333e-06	-3.5841553e-05	0.0
-6.2564268e-06	-3.7908747e-05	0.0
-7.0583001e-06	-3.7793041e-05	0.0
-6.1529749e-06	-3.8052876e-05	0.0
-5.3243089e-06	-3.9432365e-05	0.0
-6.1320238e-06	-3.9575196e-05	0.0
-5.7815137e-06	-4.0804978e-05	0.0
-6.8215786e-06	-4.1504194e-05	0.0
-5.9048771e-06	-4.178012e-05	0.0
-6.2377026e-06	-4.233437e-05	0.0
-6.245537e-06	-4.2472519e-05	0.0
-5.7815014e-06	-4.3564949e-05	0.0
-5.8862433e-06	-4.4802917e-05	0.0
-6.3551579e-06	-4.6041343e-05	0.0
-5.659113e-06	-4.6875288e-05	0.0
-6.1192486e-06	-4.70177e-05	0.0
-5.5382338e-06	-4.7830326e-05	0.0
-6.3447146e-06	-4.9486625e-05	0.0
-5.4307629e-06	-4.962966e-05	0.0
-5.2983364e-06	-5.0863298e-05	0.0
-6.1042997e-06	-5.1680909e-05	0.0
-6.4514156e-06	-5.4020507e-05	0.0
-6.5763243e-06	-5.3768072e-05	0.0
-5.7539564e-06	-5.4030057e-05	0.0
-7.4788377e-06	-5.5669243e-05	0.0
-6.9230077e-06	-5.7463119e-05	0.0
-6.4382534e-06	-5.8156045e-05	0.0
-7.7157219e-06	-5.9252994e-05	0.0
-6.5626045e-06	-6.0617011e-05	0.0
-7.4763466e-06	-6.2693871e-05	0.0
-7.1328523e-06	-6.2013671e-05	0.0
-7.5982293e-06	-6.3918364e-05	0.0
-6.5526788e-06	-6.5300155e-05	0.0
-7.9254914e-06	-6.6946654e-05	0.0
-7.826593e-06	-6.8056106e-05	0.0
-7.3573401e-06	-6.873969e-05	0.0
-7.6948554e-06	-7.0119109e-05	0.0
-8.1614899e-06	-7.0792332e-05	0.0
-7.8151979e-06	-7.4217605e-05	0.0
-7.9276488e-06	-7.5206553e-05	0.0
-7.4718637e-06	-7.615018e-05	0.0
-7.1105887e-06	-7.8627527e-05	0.0
-7.8124176e-06	-7.9185542e-05	0.0
-6.4267024e-06	-8.0963939e-05	0.0
-6.9936418e-06	-8.2203027e-05	0.0
-6.3105595e-06	-8.4123611e-05	0.0
-6.1798596e-06	-8.5635576e-05	0.0
-6.7620886e-06	-8.7560351e-05	0.0
-6.1829528e-06	-8.8796594e-05	0.0
-7.0906895e-06	-9.0987887e-05	0.0
-7.9118963e-06	-9.2648115e-05	0.0
-7.2189068e-06	-9.3740833e-05	0.0
-7.7831419e-06	-9.6474978e-05	0.0
-8.0294603e-06	-9.8824872e-05	0.0
-6.7542273e-06	-0.00010005201	0.0
-7.3205906e-06	-0.00010334333	0.0
-7.3223018e-06	-0.00010486531	0.0
-8.0062437e-06	-0.00010678914	0.0
-8.2528559e-06	-0.00010801943	0.0
-6.8630166e-06	-0.00011130197	0.0
-7.0899205e-06	-0.00011418701	0.0
-6.0520078e-06	-0.00011761331	0.0
-6.6116131e-06	-0.0001205113	0.0
-7.7627237e-06	-0.00012188621	0.0
-8.4716039e-06	-0.00012448629	0.0
-7.4217751e-06	-0.00012722331	0.0
-8.9189825e-06	-0.00013106786	0.0
-8.1169237e-06	-0.00013314257	0.0
-8.69223e-06	-0.00013519467	0.0
-7.3142246e-06	-0.00013807385	0.0
-7.7450386e-06	-0.00014082092	0.0
-9.721779e-06	-0.00014423273	0.0
-8.2357838e-06	-0.00014931924	0.0
-7.76042e-06	-0.00015152374	0.0
-7.7509785e-06	-0.00015535888	0.0
-8.9032992e-06	-0.00015784045	0.0
-8.797384e-06	-0.00016058137	0.0
-8.6711261e-06	-0.00016399294	0.0
-9.1418033e-06	-0.00016948642	0.0
-7.7557133e-06	-0.00017210915	0.0
-8.4300891e-06	-0.0001759343	0.0
-9.2447144e-06	-0.00018047007	0.0
-9.3558838e-06	-0.00018389637	0.0
-9.8273249e-06	-0.00018883432	0.0
-8.6603504e-06	-0.00019253747	0.0
-1.03934e-05	-0.00019788828	0.0
-8.6704013e-06	-0.0002015947	0.0
-9.3454355e-06	-0.00020720632	0.0
-9.6936092e-06	-0.00021202705	0.0
-1.0160914e-05	-0.00021557925	0.0
-8.8953157e-06	-0.00022243461	0.0
-8.9890573e-06	-0.00022682843	0.0
-1.0384482e-05	-0.00023313606	0.0
-9.2299888e-06	-0.0002375304	0.0
-1.0259864e-05	-0.00024396052	0.0
-9.8074515e-06	-0.00025068803	0.0
-9.4563065e-06	-0.00025658743	0.0
-9.4469933e-06	-0.00026302892	0.0
-1.0486765e-05	-0.00026961605	0.0
-1.0143271e-05	-0.00027578243	0.0
-1.0484357e-05	-0.00028291246	0.0
-1.0596713e-05	-0.0002894912	0.0
-1.128894e-05	-0.00029731158	0.0
-1.0835434e-05	-0.00030334946	0.0
-1.0360742e-05	-0.00031128063	0.0
-1.1509852e-05	-0.00032074159	0.0
-1.1633597e-05	-0.0003296565	0.0
-1.1399748e-05	-0.00033858104	0.0
-1.1397264e-05	-0.00034557769	0.0
-1.1507551e-05	-0.00035460107	0.0
-1.2083338e-05	-0.00036516928	0.0
-1.2311312e-05	-0.00037353329	0.0
-1.2666771e-05	-0.00038408028	0.0
-1.1618116e-05	-0.00039394971	0.0
-1.2660319e-05	-0.00040532832	0.0
-1.1270196e-05	-0.00041561719	0.0
-1.3328871e-05	-0.00042711504	0.0
-1.3584005e-05	-0.00044000833	0.0
-1.2766935e-05	-0.00045166945	0.0
-1.322647e-05	-0.00046414239	0.0
-1.2650884e-05	-0.00047661277	0.0
-1.2987704e-05	-0.00049058464	0.0
-1.3447886e-05	-0.00050471787	0.0
-1.4024178e-05	-0.00051773567	0.0
-1.4368391e-05	-0.00053348282	0.0
-1.4607973e-05	-0.0005493972	0.0
-1.3901067e-05	-0.00056447089	0.0
-1.5743846e-05	-0.00058146328	0.0
-1.5181979e-05	-0.00059792091	0.0
-1.5054826e-05	-0.0006151835	0.0
-1.5398473e-05	-0.0006339543	0.0
-1.5744365e-05	-0.00065328024	0.0
-1.597246e-05	-0.00067274598	0.0
-1.6432428e-05	-0.00069274649	0.0
-1.6662672e-05	-0.00071413035	0.0
-1.6894423e-05	-0.00073495402	0.0
-1.644015e-05	-0.00075866224	0.0
-1.5959218e-05	-0.00078169868	0.0
-1.8023709e-05	-0.00080580823	0.0
-1.885305e-05	-0.00083088374	0.0
-1.8383827e-05	-0.00085718499	0.0
-1.9415233e-05	-0.00088514143	0.0
-1.942724e-05	-0.00091351039	0.0
-1.9409268e-05	-0.00094311428	0.0
-2.091378e-05	-0.00097325112	0.0
-2.0344771e-05	-0.0010058754	0.0
-2.0682397e-05	-0.0010373988	0.0
-2.0457281e-05	-0.0010720496	0.0
-2.0668544e-05	-0.0011072813	0.0
-2.2177108e-05	-0.0011439938	0.0
-2.160125e-05	-0.0011834597	0.0
-2.3192011e-05	-0.0012233361	0.0
-2.4601773e-05	-0.0012653992	0.0
-2.3562938e-05	-0.0013089833	0.0
-2.4916922e-05	-0.0013543544	0.0
-2.7235463e-05	-0.0014014986	0.0
-2.7368495e-05	-0.0014509688	0.0
-2.7012919e-05	-0.0015020884	0.0
-2.8147504e-05	-0.001556076	0.0
-3.0007235e-05	-0.00161282	0.0
-2.9548348e-05	-0.0016694268	0.0
-3.057822e-05	-0.0017305379	0.0
-3.0923598e-05	-0.0017931563	0.0
-3.2525528e-05	-0.0018598866	0.0
-3.4262717e-05	-0.0019285545	0.0
-3.5073641e-05	-0.0020009147	0.0
-3.6104844e-05	-0.0020764174	0.0
-3.7603008e-05	-0.0021553375	0.0
-3.8984526e-05	-0.0022390825	0.0
-4.0827941e-05	-0.002324041	0.0
-4.2554373e-05	-0.0024139143	0.0
-4.4635784e-05	-0.0025072198	0.0
-4.5558379e-05	-0.0026060157	0.0
-4.7736998e-05	-0.0027095878	0.0
-5.0276009e-05	-0.0028178361	0.0
-5.2582654e-05	-0.0029300381	0.0
-5.5226872e-05	-0.0030478707	0.0
-5.8238762e-05	-0.003171236	0.0
-5.9280024e-05	-0.0033005674	0.0
-6.1800361e-05	-0.0034351109	0.0
-6.4805565e-05	-0.0035780123	0.0
-6.7556757e-05	-0.003725725	0.0
-7.2746814e-05	-0.0038822019	0.0
-7.575949e-05	-0.0040452154	0.0
-7.9324207e-05	-0.0042169001	0.0
-8.3472711e-05	-0.0043957303	0.0
-8.808705e-05	-0.0045844167	0.0
-9.2243106e-05	-0.0047805444	0.0
-9.6836215e-05	-0.0049882238	0.0
-0.00010375249	-0.0052041737	0.0
-0.00010952917	-0.0054306542	0.0
-0.00011597657	-0.0056686453	0.0
-0.00012312901	-0.0059173666	0.0
-0.00012970566	-0.0061785202	0.0
-0.00013752567	-0.0064507914	0.0
-0.00014722085	-0.0067357058	0.0
-0.00015529367	-0.0070363223	0.0
-0.00016588802	-0.0073478878	0.0
-0.00017684259	-0.0076756752	0.0
-0.00018918424	-0.0080162305	0.0
-0.00020049054	-0.0083718635	0.0
-0.00021350509	-0.0087452047	0.0
-0.00022780983	-0.009134694	0.0
-0.00024279709	-0.0095401388	0.0
-0.00025941303	-0.0099604828	0.0
-0.00027497672	-0.010397445	0.0
-0.00029421464	-0.010853967	0.0
-0.00031406467	-0.011326692	0.0
-0.00033482246	-0.011815676	0.0
-0.0003572985	-0.012323307	0.0
-0.00038141329	-0.012847871	0.0
-0.00040550271	-0.013390063	0.0
-0.00043306677	-0.013947313	0.0
-0.00045914203	-0.014523189	0.0
-0.00048728555	-0.01511326	0.0
-0.00051543163	-0.015717465	0.0
-0.00054508029	-0.016335206	0.0
-0.00057313469	-0.016962375	0.0
-0.00060047972	-0.017595259	0.0
-0.00062679406	-0.018230835	0.0
-0.00065266894	-0.018863579	0.0
-0.00067416753	-0.019477138	0.0
-0.00069324439	-0.020063842	0.0
-0.00070667779	-0.020605959	0.0
-0.00071664358	-0.021084363	0.0
-0.0007206382	-0.021468604	0.0
-0.0007186046	-0.021723095	0.0
-0.000712212	-0.021811087	0.0
-0.00069705729	-0.021672679	0.0
-0.00067678432	-0.021248858	0.0
-0.0006519233	-0.020457238	0.0
-0.00062079832	-0.019200185	0.0
-0.00058828219	-0.017365266	0.0
-0.00055082398	-0.014804836	0.0
-0.00050976628	-0.011355989	0.0
-0.00046742364	-0.006811054	0.0
-0.00042474442	-0.00096360309	0.0
-0.00037996189	0.0064454721	0.0
-0.00033641647	0.015665136	0.0
-0.00029379738	0.02693872	0.0
-0.00024917745	0.040450957	0.0
-0.00020394237	0.056305896	0.0
-0.00015528075	0.074486211	0.0
-0.00010563384	0.094857693	0.0
-4.6435813e-05	0.11697473	0.0
1.7158052e-05	0.14051273	0.0
9.1219488e-05	0.16470367	0.0
0.00017291251	0.18907693	0.0
0.00026307142	0.21293764	0.0
0.0003660323	0.23565651	0.0
0.00047464747	0.25665766	0.0
0.00059739838	0.27534029	0.0
0.00072710193	0.29114032	0.0
0.00086947531	0.3034465	0.0
0.0010197778	0.31170022	0.0
0.0011731775	0.31536672	0.0
0.0013322236	0.31402633	0.0
0.0014841422	0.30739978	0.0
0.0016329068	0.29533759	0.0
0.0017642205	0.2778517	0.0
0.0018758678	0.2550613	0.0
0.0019632492	0.22719751	0.0
0.0020153422	0.19462457	0.0
0.0020328895	0.15760477	0.0
0.0020095629	0.11660927	0.0
0.0019448382	0.072097749	0.0
0.0018379553	0.024657113	0.0
0.0016928021	-0.025092661	0.0
0.0015112776	-0.076362707	0.0
0.0013000247	-0.12840204	0.0
0.0010647329	-0.180343	0.0
0.0008135924	-0.23143944	0.0
0.00055371417	-0.28085408	0.0
0.00029155027	-0.3279174	0.0
2.9873747e-05	-0.37196857	0.0
-0.00021921746	-0.41253728	0.0
-0.0004621011	-0.4490346	0.0
-0.00069106621	-0.48119849	0.0
-0.00090274314	-0.50854021	0.0
-0.0011028131	-0.53086376	0.0
-0.0012825256	-0.54783958	0.0
-0.0014527137	-0.5592674	0.0
-0.0015999448	-0.56490082	0.0
-0.0017365854	-0.56459165	0.0
-0.0018582203	-0.55814046	0.0
-0.0019627623	-0.54538059	0.0
-0.0020558659	-0.52618229	0.0
-0.0021317448	-0.50047678	0.0
-0.0021925473	-0.46830249	0.0
-0.0022363754	-0.42994216	0.0
-0.0022609299	-0.38562766	0.0
-0.0022710357	-0.3360976	0.0
-0.002260885	-0.28182137	0.0
-0.0022353451	-0.22362317	0.0
-0.0021922318	-0.16232423	0.0
-0.0021335096	-0.098803431	0.0
-0.0020568969	-0.033859957	0.0
-0.0019654268	0.031771351	0.0
-0.0018573054	0.097444959	0.0
-0.0017316027	0.16268499	0.0
-0.0015876062	0.22593415	0.0
-0.0014245517	0.28714898	0.0
-0.0012414003	0.34543943	0.0
-0.0010395763	0.39955589	0.0
-0.00082023203	0.44899532	0.0
-0.00058711361	0.49305362	0.0
-0.00034767727	0.53117627	0.0
-9.7520067e-05	0.5628702	0.0
0.00015037663	0.587937	0.0
0.00039743242	0.60615176	0.0
0.00063822366	0.61752194	0.0
0.00087218895	0.62194461	0.0
0.0011010601	0.61944997	0.0
0.0013120924	0.610017	0.0
0.001521672	0.59364438	0.0
0.0017062355	0.57036144	0.0
0.00188143	0.54027009	0.0
0.0020313999	0.50357252	0.0
0.002157409	0.46057856	0.0
0.0022567478	0.41182733	0.0
0.0023247842	0.35793477	0.0
0.0023646036	0.29970914	0.0
0.0023697889	0.23787722	0.0
0.0023463399	0.17338197	0.0
0.0022910729	0.10709818	0.0
0.0022076666	0.039736249	0.0
0.0021003273	-0.027909921	0.0
0.0019694087	-0.095174357	0.0
0.001816693	-0.16124684	0.0
0.0016490688	-0.22555561	0.0
0.001464374	-0.28681168	0.0
0.0012682759	-0.34458122	0.0
0.0010666491	-0.39791399	0.0
0.00085815258	-0.44597903	0.0
0.00065279816	-0.48831782	0.0
0.00045147896	-0.52436459	0.0
0.00025793389	-0.55382478	0.0
7.0871509e-05	-0.57645506	0.0
-9.846886e-05	-0.59217995	0.0
-0.00026178616	-0.60092658	0.0
-0.0004084328	-0.60272062	0.0
-0.00054841215	-0.5975253	0.0
-0.00067996455	-0.58536184	0.0
-0.00079000549	-0.56623042	0.0
-0.0009033751	-0.54024744	0.0
-0.00099822576	-0.50747991	0.0
-0.0010845817	-0.46829155	0.0
-0.0011637509	-0.42302418	0.0
-0.001227965	-0.37228084	0.0
-0.0012881398	-0.3168475	0.0
-0.0013368323	-0.25735214	0.0
-0.0013806522	-0.19473779	0.0
-0.001418161	-0.12985748	0.0
-0.0014436289	-0.063484088	0.0
-0.0014625338	0.0035366614	0.0
-0.0014704496	0.070513822	0.0
-0.0014646101	0.1368192	0.0
-0.0014395168	0.20151694	0.0
-0.0013940458	0.2638303	0.0
-0.0013200545	0.32310435	0.0
-0.0012217959	0.37828493	0.0
-0.0010965193	0.42869577	0.0
-0.00094092911	0.4737016	0.0
-0.00077274779	0.5126906	0.0
-0.00057557563	0.54523736	0.0
-0.00037984518	0.57108241	0.0
-0.00017342446	0.59006816	0.0
2.9423752e-05	0.60215443	0.0
0.00022995063	0.60723859	0.0
0.00042182553	0.60537755	0.0
0.00059834897	0.59652668	0.0
0.00076803751	0.58074045	0.0
0.00091409206	0.55799854	0.0
0.0010391172	0.52841115	0.0
0.0011488855	0.49223974	0.0
0.0012236226	0.44968736	0.0
0.0012768998	0.4014926	0.0
0.0013029771	0.34808233	0.0
0.0012990126	0.29024729	0.0
0.0012814348	0.22888014	0.0
0.0012363998	0.16477053	0.0
0.0011818178	0.098729774	0.0
0.0011163609	0.031730164	0.0
0.0010472754	-0.03561325	0.0
0.00097893819	-0.10262687	0.0
0.00091330352	-0.16851458	0.0
0.00085120799	-0.23242937	0.0
0.00079486321	-0.29363593	0.0
0.00074111513	-0.35115239	0.0
0.00068699906	-0.40424538	0.0
0.00063551281	-0.45215851	0.0
0.00057365233	-0.49433297	0.0
0.00051247998	-0.53012806	0.0
0.00044261647	-0.55929321	0.0
0.00036357238	-0.58166254	0.0
0.00028041546	-0.59708172	0.0
0.00018816962	-0.60554665	0.0
9.0156631e-05	-0.60702997	0.0
-1.1227021e-05	-0.60153133	0.0
-0.00011621473	-0.58904147	0.0
-0.00022199164	-0.5695771	0.0
-0.00032118428	-0.54319382	0.0
-0.00040932655	-0.51009929	0.0
-0.00048320671	-0.47051266	0.0
-0.00053183868	-0.42487094	0.0
-0.00055367051	-0.37376508	0.0
-0.00053854223	-0.31779099	0.0
-0.00049127633	-0.25803387	0.0
-0.00040575315	-0.19498856	0.0
-0.00028128742	-0.12976089	0.0
-0.00012415749	-0.063000917	0.0
6.7417532e-05	0.004323456	0.0
0.00028295477	0.071682051	0.0
0.00052497414	0.13821745	0.0
0.00078717031	0.20332199	0.0
0.0010636507	0.26589054	0.0
0.0013515149	0.32530215	0.0
0.0016420846	0.38070858	0.0
0.0019296653	0.43126333	0.0
0.0022045306	0.47628427	0.0
0.0024603056	0.51523763	0.0
0.0026858437	0.54772609	0.0
0.0028871328	0.57348037	0.0
0.0030458891	0.5923847	0.0
0.0031763371	0.60427296	0.0
0.0032630379	0.60922372	0.0
0.0033175084	0.60719323	0.0
0.0033395714	0.59821033	0.0
0.003323494	0.58224672	0.0
0.0032845559	0.55935931	0.0
0.0032065362	0.52963132	0.0
0.0031075077	0.49326673	0.0
0.0029787885	0.4506897	0.0
0.0028202643	0.40230089	0.0
0.0026490905	0.34859931	0.0
0.0024468983	0.29085577	0.0
0.0022350715	0.22939889	0.0
0.0020063317	0.16516688	0.0
0.0017669006	0.099083349	0.0
0.0015188565	0.031835061	0.0
0.0012632834	-0.035639193	0.0
0.0010031193	-0.10266772	0.0
0.00074003928	-0.16860537	0.0
0.00047530927	-0.23262148	0.0
0.00020947537	-0.29387182	0.0
-5.3156218e-05	-0.35158917	0.0
-0.00031826945	-0.40483195	0.0
-0.00057303271	-0.45297697	0.0
-0.00081889459	-0.49530065	0.0
-0.0010535498	-0.53133792	0.0
-0.0012686666	-0.56073445	0.0
-0.0014757977	-0.58328128	0.0
-0.0016518172	-0.59885752	0.0
-0.0018263099	-0.60743225	0.0
-0.0019719738	-0.60900253	0.0
-0.0021047168	-0.60354805	0.0
-0.0022225105	-0.59107184	0.0
-0.0023143964	-0.57158577	0.0
-0.0023986867	-0.54509342	0.0
-0.0024482564	-0.51193058	0.0
-0.0024814811	-0.47220573	0.0
-0.0024864334	-0.42645591	0.0
-0.0024587561	-0.37519303	0.0
-0.0024120426	-0.31918237	0.0
-0.0023289395	-0.25916618	0.0
-0.00222846	-0.19614039	0.0
-0.0020999366	-0.13077544	0.0
-0.0019524175	-0.063957557	0.0
-0.0017895864	0.0032818874	0.0
-0.0016130031	0.07070183	0.0
-0.0014230744	0.13719504	0.0
-0.001227339	0.20219976	0.0
-0.0010214016	0.26484045	0.0
-0.00081253942	0.32422644	0.0
-0.00060000055	0.3795743	0.0
-0.0003830468	0.43009853	0.0
-0.00017736663	0.47512031	0.0
3.0991192e-05	0.51406872	0.0
0.000226997	0.54658508	0.0
0.00040917713	0.57235849	0.0
0.00058615132	0.59128469	0.0
0.00073840626	0.60322541	0.0
0.00088387937	0.60821027	0.0
0.0010127829	0.60623753	0.0
0.0011229428	0.59726876	0.0
0.0012286153	0.58136696	0.0
0.0013043229	0.55850387	0.0
0.0013677593	0.52883953	0.0
0.0014099418	0.49253902	0.0
0.0014189845	0.45003599	0.0
0.0014109977	0.40173537	0.0
0.001367303	0.34826386	0.0
0.0012999736	0.29052061	0.0
0.0012061493	0.22915033	0.0
0.0010875451	0.16510712	0.0
0.00095113489	0.099181913	0.0
0.00079391996	0.032130219	0.0
0.00062433438	-0.035242867	0.0
0.00043952538	-0.10214557	0.0
0.00024539483	-0.16800582	0.0
3.7399619e-05	-0.23198318	0.0
-0.00017745621	-0.29322347	0.0
-0.00040355412	-0.3508333	0.0
-0.00063888956	-0.40411708	0.0
-0.00087471819	-0.45226499	0.0
-0.0011158751	-0.49463573	0.0
-0.0013494042	-0.53082919	0.0
-0.0015764433	-0.56029117	0.0
-0.0017931727	-0.58299035	0.0
-0.001992231	-0.59877437	0.0
-0.0021754934	-0.607557	0.0
-0.0023368127	-0.6093697	0.0
-0.0024805889	-0.60418135	0.0
-0.002596894	-0.59197402	0.0
-0.0026916505	-0.57282168	0.0
-0.0027517769	-0.5467239	0.0
-0.0027909577	-0.51383674	0.0
-0.0027900913	-0.47441852	0.0
-0.0027589255	-0.42884639	0.0
-0.0026954305	-0.37794104	0.0
-0.0025951976	-0.32208392	0.0
-0.0024728389	-0.26226637	0.0
-0.0023223823	-0.19920067	0.0
-0.0021546038	-0.13381489	0.0
-0.0019684366	-0.06700439	0.0
-0.0017730496	0.0005136336	0.0
-0.001571389	0.068107277	0.0
-0.0013649134	0.13478489	0.0
-0.001158246	0.20004655	0.0
-0.00095164333	0.26292154	0.0
-0.00074633124	0.32258493	0.0
-0.00054477487	0.37821585	0.0
-0.00035048253	0.42903212	0.0
-0.00016122335	0.47431362	0.0
1.3430553e-05	0.51355684	0.0
0.00018174325	0.54634017	0.0
0.00033514688	0.57229781	0.0
0.00047681527	0.59137809	0.0
0.00060578046	0.60350299	0.0
0.00071871997	0.60865486	0.0
0.0008266978	0.60681564	0.0
0.00092519954	0.59799492	0.0
0.0010050724	0.5821836	0.0
0.001091268	0.55949974	0.0
0.0011568728	0.5299539	0.0
0.0012229395	0.49378034	0.0
0.0012717088	0.45132571	0.0
0.0013150227	0.40302932	0.0
0.0013445239	0.34975144	0.0
0.0013628337	0.2919969	0.0
0.0013678811	0.23068005	0.0
0.0013579123	0.16653554	0.0
0.0013351246	0.10070609	0.0
0.0012969458	0.033650786	0.0
0.0012415434	-0.033626143	0.0
0.0011691732	-0.1005337	0.0
0.0010745012	-0.16637735	0.0
0.00095373852	-0.23035538	0.0
0.0008014451	-0.29159564	0.0
0.00062351796	-0.34935331	0.0
0.00040588732	-0.40255845	0.0
0.0001586055	-0.45068195	0.0
-0.00011677045	-0.49307203	0.0
-0.00042044563	-0.52920008	0.0
-0.00073014345	-0.55872744	0.0
-0.0010604577	-0.58143777	0.0
-0.0013831839	-0.59723449	0.0
-0.0017052719	-0.60605878	0.0
-0.0020170647	-0.6079064	0.0
-0.0023002489	-0.60276026	0.0
-0.002578628	-0.59062541	0.0
-0.0028147043	-0.57150531	0.0
-0.0030245075	-0.5454762	0.0
-0.0031979689	-0.51268929	0.0
-0.003317958	-0.47340432	0.0
-0.0034096569	-0.42793861	0.0
-0.0034390569	-0.37708154	0.0
-0.003429421	-0.32159278	0.0
-0.0033747028	-0.26188126	0.0
-0.0032777616	-0.199044	0.0
-0.0031514338	-0.13404529	0.0
-0.0029867617	-0.067398533	0.0
-0.0027922837	-0.00024728253	0.0
-0.0025718368	0.06694933	0.0
-0.0023275083	0.13330653	0.0
-0.0020583314	0.19824088	0.0
-0.0017682952	0.26084024	0.0
-0.0014584548	0.32027346	0.0
-0.0011315754	0.37567502	0.0
-0.00079736125	0.42632639	0.0
-0.00045685304	0.47147366	0.0
-0.00012545213	0.51065451	0.0
0.00019222419	0.54336649	0.0
0.00049352879	0.5694316	0.0
0.00076596881	0.58857304	0.0
0.0010129024	0.6007688	0.0
0.0012231084	0.60601979	0.0
0.0014123759	0.60430527	0.0
0.0015615601	0.59563005	0.0
0.0016924801	0.57998526	0.0
0.0017870041	0.55740058	0.0
0.0018659596	0.52797937	0.0
0.0019177344	0.49194753	0.0
0.0019517902	0.4496302	0.0
0.0019728262	0.40155137	0.0
0.0019806742	0.34827968	0.0
0.0019787331	0.29059708	0.0
0.0019749184	0.22925402	0.0
0.0019651044	0.16527964	0.0
0.0019558549	0.099356927	0.0
0.0019413725	0.032392375	0.0
0.0019225907	-0.034880459	0.0
0.0018986108	-0.1017829	0.0
0.0018594899	-0.16764367	0.0
0.0017994526	-0.23150411	0.0
0.0017206197	-0.29265824	0.0
0.0016126911	-0.35011429	0.0
0.0014774333	-0.40318438	0.0
0.0013181459	-0.45110813	0.0
0.0011282667	-0.49332672	0.0
0.0009295909	-0.52916414	0.0
0.00070616073	-0.55838561	0.0
0.00048413614	-0.58081269	0.0
0.0002572427	-0.59630924	0.0
3.0542222e-05	-0.60481417	0.0
-0.00018178513	-0.60634571	0.0
-0.00040095893	-0.60088319	0.0
-0.00059338397	-0.58845323	0.0
-0.00078427762	-0.56906933	0.0
-0.0009547862	-0.5427801	0.0
-0.0011069678	-0.50980371	0.0
-0.001242068	-0.47029907	0.0
-0.0013513615	-0.42484722	0.0
-0.0014419766	-0.3739211	0.0
-0.0014992901	-0.31818667	0.0
-0.0015369501	-0.25857535	0.0
-0.001549183	-0.19578023	0.0
-0.0015358493	-0.13075936	0.0
-0.0015009189	-0.064280495	0.0
-0.001445467	0.0028407068	0.0
-0.001371459	0.069924466	0.0
-0.0012810832	0.13638164	0.0
-0.0011737115	0.20125273	0.0
-0.0010529056	0.26384661	0.0
-0.00092028512	0.32326326	0.0
-0.00077474373	0.37871215	0.0
-0.00062278507	0.429387	0.0
-0.00046583032	0.47460887	0.0
-0.00030480634	0.51378906	0.0
-0.00014434577	0.54650867	0.0
1.1088856e-05	0.57255012	0.0
0.00016410385	0.59163916	0.0
0.00031368263	0.60380447	0.0
0.0004525462	0.60900974	0.0
0.00059294258	0.60722697	0.0
0.00071989925	0.59845793	0.0
0.00084647024	0.58269632	0.0
0.0009639989	0.55999082	0.0
0.001070458	0.53039348	0.0
0.0011627791	0.49428549	0.0
0.0012429581	0.45182505	0.0
0.0013033329	0.4035733	0.0
0.0013382778	0.35016626	0.0
0.0013583961	0.29241955	0.0
0.0013475819	0.23102924	0.0
0.0013161954	0.16684179	0.0
0.0012658205	0.10090359	0.0
0.0011859535	0.033790983	0.0
0.0010934925	-0.033545017	0.0
0.0009807155	-0.10066887	0.0
0.00084906537	-0.16656156	0.0
0.00070007058	-0.23063213	0.0
0.00053896214	-0.29192764	0.0
0.00036443959	-0.3495959	0.0
0.00018480929	-0.40289083	0.0
1.0367767e-06	-0.45099545	0.0
-0.00018638154	-0.49339083	0.0
-0.00036225334	-0.52949601	0.0
-0.00053635827	-0.55901212	0.0
-0.00069949857	-0.58166307	0.0
-0.00085184921	-0.59742486	0.0
-0.0009921313	-0.60624403	0.0
-0.0011196107	-0.60807288	0.0
-0.0012396579	-0.60291785	0.0
-0.0013436937	-0.59080637	0.0
-0.0014334868	-0.57172346	0.0
-0.001512137	-0.54573005	0.0
-0.0015715609	-0.51303548	0.0
-0.0016166681	-0.47381061	0.0
-0.0016450364	-0.42853636	0.0
-0.0016503102	-0.37770879	0.0
-0.0016439949	-0.32218692	0.0
-0.0016119629	-0.26253501	0.0
-0.001566204	-0.19959457	0.0
-0.0015052118	-0.13453691	0.0
-0.0014213264	-0.067787051	0.0
-0.0013256703	-0.00053629838	0.0
-0.0012126364	0.066870935	0.0
-0.0010821973	0.13348462	0.0
-0.00093394628	0.19863272	0.0
-0.0007719071	0.26151201	0.0
-0.00058908516	0.32124308	0.0
-0.00039366272	0.37690848	0.0
-0.00017957352	0.42783308	0.0
4.2461666e-05	0.47333914	0.0
0.00027384766	0.5127787	0.0
0.00051127718	0.54576451	0.0
0.00074152229	0.5720005	0.0
0.00097069098	0.59133452	0.0
0.0011897153	0.603742	0.0
0.0013956757	0.60908133	0.0
0.0015911169	0.60744774	0.0
0.0017609594	0.59876293	0.0
0.001920528	0.58311832	0.0
0.0020467394	0.5604881	0.0
0.0021555298	0.53101027	0.0
0.0022314182	0.49482894	0.0
0.0022818181	0.45226672	0.0
0.0023017288	0.40406704	0.0
0.0022894677	0.35056177	0.0
0.0022577641	0.29268774	0.0
0.0021963844	0.23116232	0.0
0.0021164825	0.16688611	0.0
0.0020188054	0.10073364	0.0
0.0019094037	0.033533942	0.0
0.0017903723	-0.034049571	0.0
0.0016678559	-0.10114899	0.0
0.0015411132	-0.16711669	0.0
0.0014159298	-0.2312652	0.0
0.001293308	-0.29272836	0.0
0.0011715416	-0.35049888	0.0
0.0010590723	-0.40388182	0.0
0.00094748172	-0.45214483	0.0
0.00085004739	-0.49462095	0.0
0.00076012826	-0.5308038	0.0
0.00067835097	-0.56035894	0.0
0.00061638386	-0.58310229	0.0
0.0005577046	-0.59890139	0.0
0.00051856914	-0.60773128	0.0
0.00048963749	-0.60955638	0.0
0.00046855415	-0.60437649	0.0
0.00046460883	-0.59222382	0.0
0.00047093071	-0.57307142	0.0
0.00048278592	-0.54699051	0.0
0.00051539892	-0.51412505	0.0
0.00055012957	-0.47471908	0.0
0.00060128211	-0.42936283	0.0
0.00066702312	-0.37843934	0.0
0.00073341047	-0.3227545	0.0
0.00082500547	-0.26303232	0.0
0.00091166352	-0.2002123	0.0
0.001015319	-0.13502035	0.0
0.0011242074	-0.068418227	0.0
0.001238222	-0.0011390824	0.0
0.0013577833	0.066047288	0.0
0.0014787008	0.13265125	0.0
0.0016013955	0.19755703	0.0
0.001723221	0.260151	0.0
0.0018399619	0.31960389	0.0
0.0019474237	0.37508661	0.0
0.002041528	0.42572176	0.0
0.0021131081	0.47091752	0.0
0.0021674463	0.51009077	0.0
0.0021923201	0.54284203	0.0
0.002190799	0.56887996	0.0
0.00216341	0.58805215	0.0
0.0021019084	0.60032207	0.0
0.0020249295	0.60559946	0.0
0.0019163918	0.60393071	0.0
0.0017960547	0.59527618	0.0
0.0016606294	0.57965887	0.0
0.0015136116	0.55708385	0.0
0.0013623263	0.52766323	0.0
0.0012028711	0.49161398	0.0
0.0010500413	0.44924176	0.0
0.00089624594	0.40120387	0.0
0.0007471143	0.34796736	0.0
0.00060051365	0.29034442	0.0
0.0004617465	0.22915474	0.0
0.00032243118	0.16524668	0.0
0.00018633099	0.099418163	0.0
4.7501781e-05	0.032675251	0.0
-9.5655007e-05	-0.034420766	0.0
-0.00024304922	-0.10114651	0.0
-0.00040021376	-0.16675323	0.0
-0.00056486786	-0.23045072	0.0
-0.00074228476	-0.29139751	0.0
-0.0009286846	-0.34878749	0.0
-0.0011198386	-0.40181559	0.0
-0.0013160834	-0.44973195	0.0
-0.001505654	-0.49189895	0.0
-0.0016889091	-0.52790511	0.0
-0.0018564822	-0.55722606	0.0
-0.0019987831	-0.57978815	0.0
-0.0021229275	-0.59545982	0.0
-0.0022068846	-0.60419232	0.0
-0.0022738269	-0.60593969	0.0
-0.0022987619	-0.6007188	0.0
-0.0022985828	-0.58854008	0.0
-0.0022629064	-0.56940275	0.0
-0.0021980796	-0.543374	0.0
-0.0021061625	-0.5106557	0.0
-0.0019849231	-0.47148389	0.0
-0.0018393812	-0.42628065	0.0
-0.0016730385	-0.3755877	0.0
-0.0014887893	-0.32003772	0.0
-0.0012942419	-0.26069862	0.0
-0.0010840871	-0.19805525	0.0
-0.00087262713	-0.13319285	0.0
-0.00065515254	-0.066785425	0.0
-0.00043853099	0.00026023036	0.0
-0.00022681398	0.067326955	0.0
-2.0646045e-05	0.13367859	0.0
0.00017720614	0.19859734	0.0
0.00036423854	0.26113433	0.0
0.00053932797	0.32057253	0.0
0.00069991488	0.3760798	0.0
0.00084496656	0.42684776	0.0
0.00097995391	0.47215873	0.0
0.0010902581	0.51147419	0.0
0.0011899625	0.54435396	0.0
0.001275556	0.57053858	0.0
0.0013448074	0.58987814	0.0
0.0014061853	0.60223949	0.0
0.0014567609	0.60766339	0.0
0.0014957552	0.60611773	0.0
0.0015331713	0.59761113	0.0
0.0015512204	0.58213425	0.0
0.0015641783	0.55971396	0.0
0.0015610997	0.53040934	0.0
0.0015443012	0.49457225	0.0
0.0015089914	0.45239383	0.0
0.0014488455	0.40437424	0.0
0.0013713076	0.35115671	0.0
0.0012631447	0.29354337	0.0
0.0011359897	0.23229481	0.0
0.00099038135	0.16818558	0.0
0.00081872765	0.10231817	0.0
0.00063705974	0.035277754	0.0
0.00043860811	-0.032157034	0.0
0.0002339897	-0.099233642	0.0
2.0473275e-05	-0.16525452	0.0
-0.00019624978	-0.22937332	0.0
-0.00041683708	-0.29078889	0.0
-0.00063421909	-0.34866974	0.0
-0.00085309346	-0.40210238	0.0
-0.0010622598	-0.45045385	0.0
-0.0012659928	-0.49309066	0.0
-0.0014597673	-0.5293541	0.0
-0.0016305958	-0.55906838	0.0
-0.0018022774	-0.58184326	0.0
-0.0019373843	-0.59772319	0.0
-0.0020749897	-0.60662144	0.0
-0.002177269	-0.60852271	0.0
-0.002273333	-0.60343164	0.0
-0.0023483147	-0.59134102	0.0
-0.0024071382	-0.57226479	0.0
-0.0024553405	-0.54625452	0.0
-0.002473864	-0.5135836	0.0
-0.0024860248	-0.4743607	0.0
-0.0024770778	-0.42913809	0.0
-0.002443542	-0.37836003	0.0
-0.0024030975	-0.32280919	0.0
-0.0023347132	-0.26319733	0.0
-0.0022600899	-0.20055322	0.0
-0.0021631392	-0.13548324	0.0
-0.0020527823	-0.069032058	0.0
-0.0019268064	-0.0018120987	0.0
-0.0017849095	0.065513559	0.0
-0.0016251887	0.13189134	0.0
-0.0014480918	0.19680211	0.0
-0.0012494709	0.25944072	0.0
-0.00103236	0.31897721	0.0
-0.00079768512	0.3744542	0.0
-0.00054350792	0.42519641	0.0
-0.00027857104	0.47048545	0.0
-5.5376713e-06	0.50975722	0.0
0.00027153568	0.54262084	0.0
0.00054037175	0.56879431	0.0
0.00080435188	0.58812433	0.0
0.0010473076	0.60055202	0.0
0.0012758843	0.6060192	0.0
0.0014797573	0.60455447	0.0
0.0016567528	0.59614325	0.0
0.0018080277	0.58076757	0.0
0.0019251029	0.55852479	0.0
0.0020143611	0.52944541	0.0
0.0020651687	0.49375179	0.0
0.0020744856	0.45179841	0.0
0.0020538648	0.40402716	0.0
0.0019921376	0.35102049	0.0
0.0019014654	0.29357377	0.0
0.0017817353	0.23234048	0.0
0.0016414009	0.16847154	0.0
0.0014840667	0.10250792	0.0
0.0013123935	0.035512552	0.0
0.0011372431	-0.031929135	0.0
0.00095653569	-0.099047504	0.0
0.0007766558	-0.16523744	0.0
0.00059811526	-0.22938348	0.0
0.00042545117	-0.29083538	0.0
0.00025785787	-0.34876558	0.0
9.5050142e-05	-0.40234435	0.0
-5.3785348e-05	-0.45079115	0.0
-0.00019886109	-0.49342278	0.0
-0.000325228	-0.52982652	0.0
-0.00044569318	-0.55958962	0.0
-0.00054764404	-0.58248198	0.0
-0.00064751122	-0.59841287	0.0
-0.00073358812	-0.60735017	0.0
-0.00081077724	-0.60927069	0.0
-0.00089204003	-0.60417879	0.0
-0.0009527831	-0.59207505	0.0
-0.0010254633	-0.5729717	0.0
-0.0010808507	-0.54693156	0.0
-0.0011336429	-0.51413816	0.0
-0.0011784376	-0.47487634	0.0
-0.001208373	-0.42951798	0.0
-0.0012285833	-0.37865034	0.0
-0.0012272875	-0.32296613	0.0
-0.0012128059	-0.2632187	0.0
-0.0011755066	-0.20044452	0.0
-0.0011196159	-0.13522662	0.0
-0.0010460389	-0.068745025	0.0
-0.0009559035	-0.0014130862	0.0
-0.0008555908	0.065827191	0.0
-0.00074547774	0.13241497	0.0
-0.00063210959	0.19753866	0.0
-0.00051831384	0.26033989	0.0
-0.00040803401	0.32008564	0.0
-0.00030269331	0.37573388	0.0
-0.00021243375	0.42669761	0.0
-0.00012495051	0.47219139	0.0
-5.4131819e-05	0.5117116	0.0
3.2659318e-06	0.54478329	0.0
5.2965828e-05	0.57109314	0.0
8.7741581e-05	0.59055704	0.0
0.00011606504	0.60306227	0.0
0.00013152168	0.6085906	0.0
0.00014377802	0.6071257	0.0
0.00014564666	0.59866732	0.0
0.00014360608	0.58322614	0.0
0.00013808059	0.56082273	0.0
0.00012722751	0.53153008	0.0
0.00011438516	0.49557281	0.0
9.2778377e-05	0.45343676	0.0
7.4794101e-05	0.40539387	0.0
4.3700515e-05	0.35216519	0.0
1.0660742e-05	0.29450148	0.0
-2.7661954e-05	0.23326638	0.0
-8.086551e-05	0.16923182	0.0
-0.00013118522	0.10318158	0.0
-0.00019672896	0.036260419	0.0
-0.0002629798	-0.031142583	0.0
-0.00033625879	-0.098111682	0.0
-0.00041044943	-0.16404948	0.0
-0.00048390252	-0.2280409	0.0
-0.00055144518	-0.28934649	0.0
-0.00061799074	-0.34702995	0.0
-0.00067350431	-0.40046594	0.0
-0.00071673474	-0.44863766	0.0
-0.0007551497	-0.49106476	0.0
-0.0007763849	-0.52726537	0.0
-0.00079361477	-0.55695033	0.0
-0.0007964297	-0.57981837	0.0
-0.00079216657	-0.59582525	0.0
-0.0007829786	-0.60489488	0.0
-0.00076547905	-0.60701919	0.0
-0.00074754516	-0.60216933	0.0
-0.00072287983	-0.59035784	0.0
-0.0006928122	-0.57156801	0.0
-0.00066545862	-0.54591823	0.0
-0.00062754267	-0.51348144	0.0
-0.00059082382	-0.47454685	0.0
-0.00055371801	-0.42946115	0.0
-0.00050455699	-0.37880683	0.0
-0.00046315306	-0.32346323	0.0
-0.00041179484	-0.26387632	0.0
-0.00035778925	-0.20119786	0.0
-0.00030079001	-0.13607197	0.0
-0.00023267393	-0.069479011	0.0
-0.00015433348	-0.0021701413	0.0
-5.9626982e-05	0.065177418	0.0
4.9437422e-05	0.13175157	0.0
0.00018077822	0.19689409	0.0
0.0003323718	0.25981206	0.0
0.00051071087	0.31953225	0.0
0.00070286111	0.37511957	0.0
0.00092216302	0.42594287	0.0
0.0011451299	0.47132915	0.0
0.0013755274	0.51064086	0.0
0.0016082566	0.54355186	0.0
0.0018263995	0.56970572	0.0
0.0020417746	0.58900684	0.0
0.0022318177	0.60139143	0.0
0.0023988052	0.60679853	0.0
0.0025599108	0.6052655	0.0
0.0026696865	0.59676677	0.0
0.0027834752	0.58129722	0.0
0.002846031	0.55894834	0.0
0.0028859084	0.52977276	0.0
0.0028993697	0.49396378	0.0
0.0028626998	0.45181635	0.0
0.0028129071	0.40384609	0.0
0.0027117904	0.35082084	0.0
0.0025940728	0.29328749	0.0
0.0024426144	0.23211037	0.0
0.002268167	0.1681457	0.0
0.0020759855	0.10228478	0.0
0.001860162	0.035229556	0.0
0.0016330977	-0.031987913	0.0
0.0013887816	-0.098962568	0.0
0.0011304667	-0.16480269	0.0
0.0008592403	-0.22877152	0.0
0.00058079528	-0.29002079	0.0
0.00029226896	-0.34764305	0.0
8.3552804e-06	-0.40091673	0.0
-0.00027630865	-0.4490402	0.0
-0.00054715818	-0.49143961	0.0
-0.00079350622	-0.52761865	0.0
-0.0010281056	-0.55708897	0.0
-0.0012197267	-0.5797925	0.0
-0.0013992925	-0.59559464	0.0
-0.0015376094	-0.60445535	0.0
-0.0016498955	-0.60634977	0.0
-0.0017389669	-0.60128814	0.0
-0.0017929103	-0.58925235	0.0
-0.0018363651	-0.57028949	0.0
-0.0018394546	-0.54438764	0.0
-0.0018344274	-0.51184499	0.0
-0.0018005157	-0.47278637	0.0
-0.0017411087	-0.42767042	0.0
-0.0016661751	-0.3770774	0.0
-0.0015642816	-0.32177067	0.0
-0.0014470986	-0.26244187	0.0
-0.0013131434	-0.19982883	0.0
-0.0011675643	-0.13513193	0.0
-0.0010107758	-0.068786807	0.0
-0.00084881479	-0.0018535013	0.0
-0.00068627595	0.06521409	0.0
-0.00052391842	0.1315331	0.0
-0.00036576868	0.19651611	0.0
-0.00021484421	0.25915501	0.0
-6.7062487e-05	0.31875831	0.0
7.1245115e-05	0.37445396	0.0
0.00020592769	0.42539907	0.0
0.00033680134	0.47092849	0.0
0.00045654076	0.5104968	0.0
0.00057696184	0.54363471	0.0
0.00069000077	0.57010162	0.0
0.00079794868	0.58973044	0.0
0.00090686278	0.60238928	0.0
0.0010046349	0.60809737	0.0
0.0011097264	0.60682094	0.0
0.001205441	0.59857315	0.0
0.0013032311	0.58333224	0.0
0.0013945079	0.56112999	0.0
0.0014716061	0.53207678	0.0
0.0015436424	0.49637097	0.0
0.0015914385	0.45427975	0.0
0.0016126899	0.40643468	0.0
0.0016109752	0.3533338	0.0
0.0015661226	0.29570356	0.0
0.0014960655	0.23441087	0.0
0.0013863313	0.17032972	0.0
0.0012484327	0.10432312	0.0
0.0010826943	0.037090436	0.0
0.00089100853	-0.03044829	0.0
0.00068551954	-0.097632922	0.0
0.00046931719	-0.16376117	0.0
0.00024585708	-0.22803175	0.0
1.9672181e-05	-0.28947136	0.0
-0.00020014138	-0.3473807	0.0
-0.00041685929	-0.4009127	0.0
-0.00061781541	-0.44935569	0.0
-0.00079900213	-0.4920021	0.0
-0.00096268021	-0.52839893	0.0
-0.0010955016	-0.55820441	0.0
-0.0012114323	-0.58115155	0.0
-0.001295822	-0.59719908	0.0
-0.0013549267	-0.60622483	0.0
-0.0013949103	-0.60827142	0.0
-0.001407726	-0.60332185	0.0
-0.0014030186	-0.59135824	0.0
-0.0013808841	-0.57245874	0.0
-0.0013384384	-0.54662073	0.0
-0.0012872578	-0.51402533	0.0
-0.0012235071	-0.47493136	0.0
-0.0011491023	-0.42976287	0.0
-0.001064774	-0.37906906	0.0
-0.00097486872	-0.3235372	0.0
-0.00087374076	-0.26403585	0.0
-0.00077128009	-0.20130241	0.0
-0.00066071824	-0.13625284	0.0
-0.00054550497	-0.069745541	0.0
-0.00042316492	-0.0025480557	0.0
-0.00029343547	0.064675421	0.0
-0.0001585502	0.13116503	0.0
-1.4678679e-05	0.19612382	0.0
0.00013942285	0.25878659	0.0
0.00030245373	0.31834573	0.0
0.00047392261	0.37393427	0.0
0.00065503508	0.42475134	0.0
0.00083653227	0.47015089	0.0
0.0010155296	0.50954103	0.0
0.0011899172	0.54251164	0.0
0.001340912	0.56882781	0.0
0.0014868146	0.58820099	0.0
0.0015972686	0.60067868	0.0
0.0016897778	0.60620373	0.0
0.0017534565	0.60477048	0.0
0.0017817252	0.59637773	0.0
0.0017915627	0.58102733	0.0
0.0017529696	0.55876201	0.0
0.0016996103	0.52965206	0.0
0.001603856	0.49395582	0.0
0.0014816908	0.45194894	0.0
0.0013307787	0.40414456	0.0
0.0011494511	0.35113493	0.0
0.00095538521	0.29346645	0.0
0.00073754799	0.23273171	0.0
0.00051107176	0.16869478	0.0
0.00027639323	0.10322533	0.0
3.6111189e-05	0.036210082	0.0
-0.0002031422	-0.030971875	0.0
-0.00044199429	-0.097827844	0.0
-0.00067692087	-0.16371842	0.0
-0.00090321642	-0.22775446	0.0
-0.0011209695	-0.2891036	0.0
-0.0013252016	-0.34695604	0.0
-0.0015169975	-0.40047407	0.0
-0.0016881661	-0.44891304	0.0
-0.0018374415	-0.49163753	0.0
-0.0019652972	-0.52810454	0.0
-0.0020689343	-0.55799264	0.0
-0.0021464401	-0.58106583	0.0
-0.0022011611	-0.59720862	0.0
-0.00223222	-0.60639817	0.0
-0.0022467053	-0.60857451	0.0
-0.0022403928	-0.60376728	0.0
-0.002212229	-0.59195721	0.0
-0.0021801896	-0.57316184	0.0
-0.0021133313	-0.54740804	0.0
-0.0020435837	-0.51498497	0.0
-0.0019454749	-0.47600761	0.0
-0.0018268289	-0.43093395	0.0
-0.0016937783	-0.38028276	0.0
-0.0015360293	-0.32476398	0.0
-0.0013583405	-0.2654193	0.0
-0.001168545	-0.20271899	0.0
-0.00095744513	-0.1377521	0.0
-0.00073922705	-0.071266003	0.0
-0.00051215099	-0.0040217144	0.0
-0.00028035502	0.063199848	0.0
-5.0468556e-05	0.12972151	0.0
0.00017467581	0.1948155	0.0
0.00039335398	0.25764436	0.0
0.0006025185	0.31736058	0.0
0.00079979579	0.37312505	0.0
0.00098922942	0.42414784	0.0
0.0011579035	0.4698016	0.0
0.0013175814	0.50944149	0.0
0.0014588013	0.54270089	0.0
0.0015834071	0.56926548	0.0
0.0016992078	0.58896953	0.0
0.0017887505	0.60174882	0.0
0.0018815026	0.60755157	0.0
0.0019483016	0.60638541	0.0
0.0020131073	0.59823477	0.0
0.002064141	0.58310634	0.0
0.0021052728	0.56102878	0.0
0.0021325224	0.53210723	0.0
0.0021431658	0.49651828	0.0
0.0021383802	0.45460802	0.0
0.0021043052	0.40683395	0.0
0.002050905	0.35389572	0.0
0.0019686788	0.29645646	0.0
0.0018548333	0.23535156	0.0
0.0017222387	0.17145067	0.0
0.0015566904	0.10550199	0.0
0.0013779807	0.038569212	0.0
0.0011775811	-0.028880887	0.0
0.00096449716	-0.095991224	0.0
0.00073840003	-0.1620349	0.0
0.00050306134	-0.22627558	0.0
0.00025827443	-0.28774762	0.0
8.4997027e-06	-0.34576979	0.0
-0.00024669824	-0.39925739	0.0
-0.00050103362	-0.44767037	0.0
-0.00074783241	-0.49033955	0.0
-0.00099308754	-0.52670479	0.0
-0.0012182189	-0.55645496	0.0
-0.0014352275	-0.57932717	0.0
-0.0016317696	-0.59527951	0.0
-0.001809758	-0.60421169	0.0
-0.0019676697	-0.60614532	0.0
-0.0021024421	-0.60108101	0.0
-0.0022242763	-0.58902442	0.0
-0.0023169026	-0.56999677	0.0
-0.0023946646	-0.54408085	0.0
-0.0024419515	-0.51138413	0.0
-0.0024670057	-0.47225222	0.0
-0.0024645687	-0.4270831	0.0
-0.002427239	-0.37649009	0.0
-0.002365249	-0.32110196	0.0
-0.0022700783	-0.26169354	0.0
-0.0021459037	-0.19911763	0.0
-0.001997486	-0.13426153	0.0
-0.0018201841	-0.067920677	0.0
-0.0016244893	-0.00090092106	0.0
-0.0014110726	0.065896355	0.0
-0.0011796512	0.13215084	0.0
-0.0009323844	0.19683701	0.0
-0.00067363773	0.25925472	0.0
-0.00040075442	0.31850183	0.0
-0.00011518074	0.37382677	0.0
0.00017887195	0.42443115	0.0
0.00047936459	0.46964648	0.0
0.00078129955	0.50887048	0.0
0.0010779054	0.54171729	0.0
0.0013692694	0.56786811	0.0
0.001640618	0.5872497	0.0
0.0018966647	0.5997318	0.0
0.0021288185	0.60532904	0.0
0.0023317691	0.6040107	0.0
0.0025051949	0.59577107	0.0
0.0026437212	0.58061612	0.0
0.0027441254	0.5585584	0.0
0.0028058421	0.52968293	0.0
0.0028214818	0.49417958	0.0
0.0027903735	0.45236826	0.0
0.0027083175	0.40474582	0.0
0.0025893594	0.351926	0.0
0.0024254851	0.29462278	0.0
0.0022223315	0.23362224	0.0
0.0019949898	0.16990826	0.0
0.0017340095	0.10423478	0.0
0.0014530768	0.037410539	0.0
0.0011537254	-0.029855728	0.0
0.0008392228	-0.096770018	0.0
0.00051168667	-0.16254993	0.0
0.00017893738	-0.22657058	0.0
-0.00016001509	-0.2878634	0.0
-0.00049990491	-0.34562159	0.0
-0.00083553873	-0.39910033	0.0
-0.0011622105	-0.44737867	0.0
-0.0014676577	-0.48997411	0.0
-0.0017573355	-0.52636117	0.0
-0.0020130307	-0.55618566	0.0
-0.0022479382	-0.57920146	0.0
-0.0024465371	-0.59532934	0.0
-0.0026095321	-0.60450315	0.0
-0.0027472707	-0.60670954	0.0
-0.0028446151	-0.60195094	0.0
-0.002916377	-0.59023017	0.0
-0.0029477614	-0.57155085	0.0
-0.00295429	-0.54594785	0.0
-0.0029244558	-0.51359856	0.0
-0.0028637822	-0.47464424	0.0
-0.0027703624	-0.42968008	0.0
-0.0026514193	-0.37918502	0.0
-0.0025048992	-0.32378334	0.0
-0.0023418148	-0.26443052	0.0
-0.0021605848	-0.20177962	0.0
-0.0019667626	-0.13669136	0.0
-0.0017645282	-0.070061423	0.0
-0.0015580251	-0.0028716847	0.0
-0.0013463977	0.064391658	0.0
-0.0011317811	0.13105443	0.0
-0.00090971554	0.19611077	0.0
-0.00068235473	0.2589156	0.0
-0.00044399194	0.31852666	0.0
-0.0001960745	0.37417009	0.0
6.3992142e-05	0.42503476	0.0
0.00033443642	0.47047979	0.0
0.00061076146	0.50983024	0.0
0.00089188112	0.54283005	0.0
0.0011714309	0.56903255	0.0
0.0014455676	0.58844799	0.0
0.0017166408	0.60088617	0.0
0.0019766369	0.60640204	0.0
0.0022258083	0.60495263	0.0
0.0024620644	0.59653813	0.0
0.0026835816	0.58116424	0.0
0.0028753125	0.55887604	0.0
0.0030508337	0.52974862	0.0
0.0031836559	0.49397871	0.0
0.0032831617	0.45193195	0.0
0.0033384471	0.40406346	0.0
0.0033457852	0.35101962	0.0
0.0033079179	0.29351631	0.0
0.0032212932	0.23236817	0.0
0.0030937558	0.16854958	0.0
0.0029259822	0.10275223	0.0
0.0027174267	0.035811301	0.0
0.0024786	-0.031470481	0.0
0.0022058873	-0.098472118	0.0
0.0019054492	-0.16428909	0.0
0.001576495	-0.22840776	0.0
0.0012224157	-0.28964323	0.0
0.00084620318	-0.34739211	0.0
0.00045191651	-0.40085396	0.0
4.6994996e-05	-0.44914925	0.0
-0.00035727624	-0.49174401	0.0
-0.00075532886	-0.52809471	0.0
-0.0011351531	-0.55787945	0.0
-0.0014931678	-0.58088505	0.0
-0.0018190162	-0.59698218	0.0
-0.0021132596	-0.60612828	0.0
-0.0023672117	-0.60831362	0.0
-0.0025849193	-0.60353345	0.0
-0.0027638744	-0.59177995	0.0
-0.002897562	-0.57306266	0.0
-0.0029984086	-0.54744321	0.0
-0.0030431042	-0.51504856	0.0
-0.003053393	-0.47616792	0.0
-0.0030096713	-0.43119818	0.0
-0.0029289797	-0.38072109	0.0
-0.0028044384	-0.32534912	0.0
-0.0026423836	-0.26588443	0.0
-0.002454242	-0.20333512	0.0
-0.0022326065	-0.13836902	0.0
-0.0019957556	-0.071875788	0.0
-0.0017385916	-0.0046081068	0.0
-0.0014690451	0.062702842	0.0
-0.0011884233	0.12919007	0.0
-0.00089906377	0.19442122	0.0
-0.00059989898	0.25715989	0.0
-0.0002955175	0.31694469	0.0
1.4050493e-05	0.37277088	0.0
0.00032667237	0.42383227	0.0
0.00062784326	0.46953517	0.0
0.00093303085	0.50919086	0.0
0.0012070023	0.54248452	0.0
0.0014714155	0.56907076	0.0
0.0017063441	0.58882451	0.0
0.0019028434	0.60163522	0.0
0.0020814703	0.60748243	0.0
0.002211981	0.60636932	0.0
0.0023190989	0.59829259	0.0
0.0023816137	0.5832476	0.0
0.0024133951	0.56126177	0.0
0.0024101138	0.53243381	0.0
0.0023628881	0.49693304	0.0
0.0022956999	0.45512825	0.0
0.0021778597	0.40745616	0.0
0.0020436856	0.35459191	0.0
0.0018800586	0.29715556	0.0
0.0016957377	0.23603667	0.0
0.0015081047	0.17209759	0.0
0.0013030143	0.1061673	0.0
0.0011015643	0.03908265	0.0
0.00090250361	-0.028431237	0.0
0.00070943055	-0.095596403	0.0
0.00052424188	-0.16172129	0.0
0.00034842262	-0.22608893	0.0
0.00017920067	-0.28765789	0.0
1.8593597e-05	-0.34582517	0.0
-0.00013546072	-0.3994602	0.0
-0.00028479839	-0.44804093	0.0
-0.00042843676	-0.49091148	0.0
-0.00057073851	-0.52749813	0.0
-0.00070751429	-0.55748457	0.0
-0.00084702607	-0.58063549	0.0
-0.00098393683	-0.59687549	0.0
-0.0011227045	-0.60610092	0.0
-0.0012622507	-0.60833961	0.0
-0.0014007688	-0.60357779	0.0
-0.0015428867	-0.5918287	0.0
-0.0016796029	-0.5730918	0.0
-0.0018100159	-0.5474363	0.0
-0.0019293447	-0.51500034	0.0
-0.0020273291	-0.476037	0.0
-0.0021040936	-0.43097445	0.0
-0.0021481258	-0.38037062	0.0
-0.0021635853	-0.32491803	0.0
-0.0021453945	-0.2653645	0.0
-0.0020908827	-0.2026121	0.0
-0.0020102423	-0.13745953	0.0
-0.0018957263	-0.070746347	0.0
-0.0017606982	-0.0034366369	0.0
-0.0015998913	0.063982628	0.0
-0.0014184113	0.13071541	0.0
-0.001218278	0.19600412	0.0
-0.0010035188	0.25906503	0.0
-0.00076826522	0.31901127	0.0
-0.00052599568	0.37497672	0.0
-0.00026701251	0.42638561	0.0
-9.2742812e-07	0.47200412	0.0
0.0002609278	0.51177657	0.0
0.0005297882	0.54509056	0.0
0.00077640213	0.57169604	0.0
0.0010237847	0.59143233	0.0
0.0012436794	0.60411501	0.0
0.0014515425	0.60984814	0.0
0.0016447067	0.60857046	0.0
0.0017998663	0.60024166	0.0
0.0019539301	0.58493251	0.0
0.0020724949	0.5626545	0.0
0.0021767477	0.53350961	0.0
0.0022588077	0.49766743	0.0
0.0023105834	0.45548445	0.0
0.0023495094	0.40749121	0.0
0.0023520477	0.35438049	0.0
0.0023434761	0.29677549	0.0
0.0023065673	0.23548433	0.0
0.0022525943	0.17140377	0.0
0.002181357	0.10541387	0.0
0.0020883302	0.038303204	0.0
0.0019820048	-0.029144295	0.0
0.0018572345	-0.096324727	0.0
0.0017149055	-0.16232908	0.0
0.0015510709	-0.22656231	0.0
0.0013693788	-0.28807098	0.0
0.0011616186	-0.34600458	0.0
0.00093691138	-0.39958125	0.0
0.00069142377	-0.44808087	0.0
0.00043524682	-0.49076331	0.0
0.00016906799	-0.52729255	0.0
-9.9134435e-05	-0.55713493	0.0
-0.00036250908	-0.58024597	0.0
-0.0006241345	-0.59636557	0.0
-0.00087282632	-0.60556805	0.0
-0.0011032869	-0.60777539	0.0
-0.001326196	-0.60300982	0.0
-0.0015288115	-0.59124583	0.0
-0.0017059476	-0.57246149	0.0
-0.0018670235	-0.546857	0.0
-0.0019875458	-0.51442683	0.0
-0.0020840385	-0.4755049	0.0
-0.0021382906	-0.43045211	0.0
-0.0021501328	-0.37982953	0.0
-0.0021242199	-0.32436249	0.0
-0.0020524578	-0.26487488	0.0
-0.0019483153	-0.20212765	0.0
-0.00180313	-0.13699678	0.0
-0.0016328176	-0.070307896	0.0
-0.0014379491	-0.002986864	0.0
-0.0012241156	0.064433008	0.0
-0.00099536357	0.13114201	0.0
-0.00075732346	0.19641541	0.0
-0.00051330519	0.25939229	0.0
-0.00026474165	0.31924841	0.0
-1.4743536e-05	0.37515309	0.0
0.00023358651	0.42638236	0.0
0.00047564137	0.47204399	0.0
0.0007133169	0.51181662	0.0
0.00093146565	0.54505563	0.0
0.001141245	0.57167405	0.0
0.001331595	0.59134221	0.0
0.0015039844	0.60413659	0.0
0.0016561757	0.60993141	0.0
0.0017898416	0.60876268	0.0
0.0018999059	0.60063833	0.0
0.001995964	0.58552802	0.0
0.0020729331	0.56347877	0.0
0.002133728	0.53458232	0.0
0.0021795083	0.49906045	0.0
0.0022019646	0.45719671	0.0
0.0022185119	0.40953007	0.0
0.0022154655	0.35662866	0.0
0.0022005946	0.2992717	0.0
0.002175123	0.23826411	0.0
0.002133331	0.17437984	0.0
0.0020824564	0.10861734	0.0
0.002011227	0.041700665	0.0
0.0019265785	-0.025429983	0.0
0.0018203803	-0.092398226	0.0
0.0016896994	-0.15834813	0.0
0.0015308303	-0.22238994	0.0
0.0013456709	-0.28382984	0.0
0.001127206	-0.34161717	0.0
0.00088234921	-0.39513519	0.0
0.00061578793	-0.44355434	0.0
0.00032695913	-0.48631865	0.0
3.5940335e-05	-0.5227828	0.0
-0.00025955067	-0.55272239	0.0
-0.00054857199	-0.57577658	0.0
-0.00082306471	-0.59199357	0.0
-0.0010816266	-0.60118514	0.0
-0.0013166495	-0.60341597	0.0
-0.0015313259	-0.59864658	0.0
-0.0017204685	-0.58688247	0.0
-0.0018785535	-0.56813192	0.0
-0.0020082442	-0.54244071	0.0
-0.0021061087	-0.50995404	0.0
-0.0021675543	-0.47093365	0.0
-0.0022031756	-0.42580736	0.0
-0.0021946421	-0.37513316	0.0
-0.0021601608	-0.31956452	0.0
-0.0020975403	-0.26000676	0.0
-0.001999639	-0.19710714	0.0
-0.0018874595	-0.13185014	0.0
-0.0017459824	-0.065008774	0.0
-0.0015905857	0.0025549391	0.0
-0.0014167798	0.069997102	0.0
-0.0012283286	0.13690643	0.0
-0.0010239686	0.20235011	0.0
-0.00080809824	0.26563516	0.0
-0.0005759307	0.32571679	0.0
-0.00033326008	0.38192236	0.0
-8.118742e-05	0.433429	0.0
0.00018093463	0.47957212	0.0
0.00043803459	0.51976269	0.0
0.00070318277	0.55358362	0.0
0.00094773591	0.58075976	0.0
0.0011880326	0.601107	0.0
0.0014166087	0.61456597	0.0
0.0016193247	0.62110895	0.0
0.0018103414	0.62071729	0.0
0.0019766695	0.61339545	0.0
0.0021229133	0.59914726	0.0
0.0022456991	0.57801563	0.0
0.0023391773	0.55010951	0.0
0.0024068903	0.51560032	0.0
0.0024395422	0.47480652	0.0
0.0024454221	0.42825487	0.0
0.0024093802	0.37657675	0.0
0.0023428402	0.32049489	0.0
0.0022480122	0.26081753	0.0
0.0021196268	0.19830492	0.0
0.0019702045	0.13370048	0.0
0.0017950586	0.068413429	0.0
0.0015979696	0.0025480771	0.0
0.0013821536	-0.062970415	0.0
0.0011464939	-0.12743659	0.0
0.00089084322	-0.19009392	0.0
0.00061893603	-0.25012231	0.0
0.00033255757	-0.30687901	0.0
3.3214514e-05	-0.35897657	0.0
-0.00026675334	-0.40627709	0.0
-0.00057306443	-0.44808206	0.0
-0.00086046156	-0.48375392	0.0
-0.0011384074	-0.51313174	0.0
-0.0013929134	-0.53600311	0.0
-0.0016137385	-0.55244726	0.0
-0.0018137526	-0.56251132	0.0
-0.0019755159	-0.56635809	0.0
-0.0021058021	-0.56413406	0.0
-0.0022066648	-0.5560317	0.0
-0.0022653691	-0.54225022	0.0
-0.0023019961	-0.52298701	0.0
-0.002293091	-0.49849635	0.0
-0.0022642806	-0.46903211	0.0
-0.0022019015	-0.43493375	0.0
-0.0021102619	-0.39658538	0.0
-0.0020008653	-0.35445523	0.0
-0.0018633184	-0.30899704	0.0
-0.0017225576	-0.2607992	0.0
-0.0015667807	-0.21046957	0.0
-0.0014080092	-0.15878372	0.0
-0.0012512598	-0.10652953	0.0
-0.0010943015	-0.054723106	0.0
-0.00094697415	-0.0039538997	0.0
-0.00080643327	0.044925917	0.0
-0.00067336275	0.091215059	0.0
-0.00055364496	0.1343133	0.0
-0.00044457571	0.1736636	0.0
-0.00034816659	0.20880178	0.0
-0.00026735518	0.23939125	0.0
-0.00019502576	0.26500279	0.0
-0.00013907802	0.28550363	0.0
-9.4731433e-05	0.30054227	0.0
-5.7761652e-05	0.31014594	0.0
-3.4059558e-05	0.31433925	0.0
-9.5017449e-06	0.31333464	0.0
5.0071631e-06	0.30748698	0.0
2.1300097e-05	0.29727644	0.0
3.5724002e-05	0.28327113	0.0
4.990153e-05	0.26604041	0.0
6.2321727e-05	0.24619345	0.0
6.9756803e-05	0.22429588	0.0
7.6631084e-05	0.2009594	0.0
8.0374164e-05	0.17673174	0.0
8.0607031e-05	0.15230711	0.0
8.0618316e-05	0.12832527	0.0
7.7267956e-05	0.10537876	0.0
7.7015371e-05	0.084057108	0.0
7.5404379e-05	0.064781643	0.0
7.2352275e-05	0.047777049	0.0
6.9270893e-05	0.03316066	0.0
6.117305e-05	0.020878747	0.0
4.9975286e-05	0.010790324	0.0
3.4884804e-05	0.0026417756	0.0
1.4376419e-05	-0.0037943656	0.0
-1.0051724e-05	-0.0087958258	0.0
-3.94501e-05	-0.012606881	0.0
-7.11756e-05	-0.015451278	0.0
-0.0001019848	-0.017522763	0.0
-0.00013086494	-0.018987458	0.0
-0.00015168045	-0.019981196	0.0
-0.00016786731	-0.02061723	0.0
-0.00017727801	-0.020983411	0.0
-0.00017548593	-0.021149408	0.0
-0.00016664212	-0.021165382	0.0
-0.00014936327	-0.021070942	0.0
-0.00012940075	-0.020884402	0.0
-0.00010942284	-0.020624436	0.0
-9.3583221e-05	-0.02029727	0.0
-8.3275801e-05	-0.019898744	0.0
-8.2407874e-05	-0.019434923	0.0
-9.5621726e-05	-0.018902157	0.0
-0.00011855391	-0.018308457	0.0
-0.00014934775	-0.017664511	0.0
-0.00018374756	-0.016979503	0.0
-0.00021700894	-0.016272916	0.0
-0.00024404061	-0.015558585	0.0
-0.00026081208	-0.014853258	0.0
-0.00026431817	-0.014164618	0.0
-0.00025384958	-0.013506347	0.0
-0.00023253262	-0.012877777	0.0
-0.00020012008	-0.012283782	0.0
-0.00016388827	-0.011720657	0.0
-0.00012339123	-0.011187266	0.0
-8.3456456e-05	-0.010681491	0.0
-4.5241544e-05	-0.010201966	0.0
-1.1872716e-05	-0.0097435685	0.0
1.7228076e-05	-0.0093054287	0.0
4.0433388e-05	-0.0088860253	0.0
6.086698e-05	-0.0084873904	0.0
7.4146978e-05	-0.0081049222	0.0
8.5229512e-05	-0.0077387206	0.0
9.366063e-05	-0.0073910314	0.0
9.7935779e-05	-0.0070572295	0.0
9.9439858e-05	-0.0067414832	0.0
9.886561e-05	-0.0064389477	0.0
9.7136333e-05	-0.0061497563	0.0
9.4483068e-05	-0.0058758375	0.0
9.2406641e-05	-0.0056172349	0.0
8.8714987e-05	-0.0053681331	0.0
8.4792635e-05	-0.0051320852	0.0
8.1332109e-05	-0.0049094744	0.0
7.6487646e-05	-0.0046970476	0.0
7.2449242e-05	-0.0044963369	0.0
6.864313e-05	-0.0043033762	0.0
6.5644519e-05	-0.0041214931	0.0
6.1492232e-05	-0.0039480915	0.0
5.6992543e-05	-0.0037823664	0.0
5.3993455e-05	-0.0036264933	0.0
4.9033246e-05	-0.0034773697	0.0
4.6148572e-05	-0.0033351977	0.0
4.3265034e-05	-0.0032009955	0.0
4.0381306e-05	-0.0030732322	0.0
3.7613223e-05	-0.0029501438	0.0
3.5537625e-05	-0.0028330884	0.0
3.3000597e-05	-0.0027220654	0.0
3.0578569e-05	-0.0026163838	0.0
2.8849188e-05	-0.0025160462	0.0
2.608161e-05	-0.0024194254	0.0
2.435145e-05	-0.002327438	0.0
2.2737051e-05	-0.0022392757	0.0
1.916102e-05	-0.0021549724	0.0
1.7662547e-05	-0.0020743723	0.0
1.7202185e-05	-0.0019999361	0.0
1.4895117e-05	-0.0019267248	0.0
1.3858917e-05	-0.0018562599	0.0
1.3629113e-05	-0.0017892374	0.0
1.2015068e-05	-0.0017249564	0.0
1.1208263e-05	-0.0016635427	0.0
9.1331658e-06	-0.0016047403	0.0
9.1346947e-06	-0.0015484149	0.0
7.0590809e-06	-0.0014938618	0.0
7.6386741e-06	-0.0014442367	0.0
7.1775257e-06	-0.0013933703	0.0
6.7170495e-06	-0.0013455281	0.0
5.5642136e-06	-0.001301392	0.0
4.7580397e-06	-0.0012572545	0.0
3.8370727e-06	-0.0012150246	0.0
3.6066226e-06	-0.0011744509	0.0
2.339923e-06	-0.0011356625	0.0
2.6878872e-06	-0.0010983916	0.0
1.6503543e-06	-0.0010642654	0.0
1.4190836e-06	-0.0010301324	0.0
-6.5505174e-07	-0.00099655613	0.0
3.8958882e-07	-0.00096530828	0.0
3.850638e-07	-0.00093432423	0.0
-8.8021051e-07	-0.00090553408	0.0
-1.8440578e-07	-0.00087633583	0.0
-6.474956e-07	-0.00084948423	0.0
-8.7520232e-07	-0.0008242621	0.0
-1.2221811e-06	-0.00079807872	0.0
-2.1436242e-06	-0.00077354966	0.0
-2.2539159e-06	-0.00075094256	0.0
-2.0235498e-06	-0.00072819466	0.0
-2.5992229e-06	-0.00070668012	0.0
-2.7137216e-06	-0.00068488356	0.0
-3.286691e-06	-0.00066447072	0.0
-2.7099206e-06	-0.00064569112	0.0
-3.8646763e-06	-0.0006260887	0.0
-3.7421937e-06	-0.00060773268	0.0
-3.6298286e-06	-0.00059087807	0.0
-4.3176397e-06	-0.00057416147	0.0
-3.7408558e-06	-0.0005577202	0.0
-4.7777853e-06	-0.00054182217	0.0
-4.3147861e-06	-0.00052688527	0.0
-5.4681777e-06	-0.00051167945	0.0
-5.1173392e-06	-0.00049729261	0.0
-5.4644916e-06	-0.00048208525	0.0
-5.5760502e-06	-0.00047030335	0.0
-5.5774458e-06	-0.00045686818	0.0
-6.3820471e-06	-0.0004445423	0.0
-5.8004334e-06	-0.00043275641	0.0
-5.6871395e-06	-0.0004206975	0.0
-6.0303669e-06	-0.00040892075	0.0
-5.5656974e-06	-0.00039891791	0.0
-5.102168e-06	-0.00038713391	0.0
-4.758946e-06	-0.00037700031	0.0
-5.7920888e-06	-0.00036781852	0.0
-4.4069507e-06	-0.00035808969	0.0
-5.5598248e-06	-0.00034850044	0.0
-4.5197862e-06	-0.00033973358	0.0
-5.5550336e-06	-0.00033151355	0.0
-4.1724688e-06	-0.00032342708	0.0
-6.5939307e-06	-0.00031424683	0.0
-5.0882991e-06	-0.00030548309	0.0
-6.3617367e-06	-0.00029795003	0.0
-6.7015794e-06	-0.00029000721	0.0
-5.775441e-06	-0.00028398182	0.0
-5.2010419e-06	-0.0002771276	0.0
-6.4680989e-06	-0.00026973104	0.0
-6.0045936e-06	-0.00026356478	0.0
-6.92615e-06	-0.00025616869	0.0
-5.8827268e-06	-0.00025082752	0.0
-5.4236516e-06	-0.00024397748	0.0
-6.1127648e-06	-0.00023891185	0.0
-5.0720564e-06	-0.00023260849	0.0
-5.4186548e-06	-0.00022644829	0.0
-5.8786268e-06	-0.00022206729	0.0
-6.6845323e-06	-0.00021617566	0.0
-6.3351854e-06	-0.00021097278	0.0
-5.2955224e-06	-0.00020686278	0.0
-5.4101947e-06	-0.00020165596	0.0
-5.6406129e-06	-0.00019658805	0.0
-6.9080338e-06	-0.00019207015	0.0
-6.6737512e-06	-0.00018796056	0.0
-6.095675e-06	-0.00018289294	0.0
-6.2108752e-06	-0.00017933486	0.0
-7.0162869e-06	-0.00017563606	0.0
-6.5531449e-06	-0.00017097972	0.0
-7.0127758e-06	-0.00016659786	0.0
-6.2040763e-06	-0.0001633114	0.0
-7.5884882e-06	-0.00015947488	0.0
-7.4688242e-06	-0.0001552305	0.0
-6.6596781e-06	-0.00015290451	0.0
-6.3127172e-06	-0.00014947887	0.0
-6.5434879e-06	-0.0001459191	0.0
-7.1166669e-06	-0.00014235989	0.0
-5.8458522e-06	-0.00013976017	0.0
-6.7708647e-06	-0.00013688534	0.0
-8.0361579e-06	-0.0001341469	0.0
-7.1103609e-06	-0.00013031183	0.0
-6.8785353e-06	-0.00012688893	0.0
-6.2999165e-06	-0.00012415166	0.0
-6.0671982e-06	-0.00012127643	0.0
-5.6061008e-06	-0.00011881506	0.0
-6.75707e-06	-0.00011758439	0.0
-5.2546343e-06	-0.00011429613	0.0
-5.8318092e-06	-0.00011156132	0.0
-5.9458343e-06	-0.00011019332	0.0
-6.9819039e-06	-0.00010649522	0.0
-5.9413355e-06	-0.00010458258	0.0
-6.5178406e-06	-0.00010362481	0.0
-6.5164495e-06	-0.00010061214	0.0
-7.3218016e-06	-9.883484e-05	0.0
-6.2804465e-06	-9.6781398e-05	0.0
-6.1645428e-06	-9.4866038e-05	0.0
-5.5855257e-06	-9.2401577e-05	0.0
-5.4696097e-06	-8.9939436e-05	0.0
-5.4670554e-06	-8.8710083e-05	0.0
-5.0052417e-06	-8.6930595e-05	0.0
-6.158984e-06	-8.4740226e-05	0.0
-6.2689674e-06	-8.2553335e-05	0.0
-5.0003737e-06	-8.2282386e-05	0.0
-6.5005324e-06	-8.0091428e-05	0.0
-6.2652161e-06	-7.8861929e-05	0.0
-5.917926e-06	-7.653478e-05	0.0
-5.4547722e-06	-7.5169766e-05	0.0
-5.4544612e-06	-7.3938711e-05	0.0
-6.1450437e-06	-7.202501e-05	0.0
-6.1432411e-06	-7.1890943e-05	0.0
-6.3720136e-06	-6.9152593e-05	0.0
-5.5621981e-06	-6.8333844e-05	0.0
-5.6776685e-06	-6.5458793e-05	0.0
-6.5983563e-06	-6.4367494e-05	0.0
-5.6732524e-06	-6.3548119e-05	0.0
-6.0187112e-06	-6.2043953e-05	0.0
-5.785545e-06	-6.1089158e-05	0.0
-4.6304181e-06	-6.0955579e-05	0.0
-5.55214e-06	-5.890333e-05	0.0
-6.2429685e-06	-5.9181268e-05	0.0
-4.9720602e-06	-5.6854722e-05	0.0
-5.0859335e-06	-5.6721634e-05	0.0
-4.1611574e-06	-5.384667e-05	0.0
-5.0821632e-06	-5.3987071e-05	0.0
-6.1196893e-06	-5.2620733e-05	0.0
-5.3109893e-06	-5.1116454e-05	0.0
-4.5008446e-06	-5.0023118e-05	0.0
-5.6527192e-06	-4.9753435e-05	0.0
-5.9981307e-06	-4.7701109e-05	0.0
-5.6516051e-06	-4.7430509e-05	0.0
-4.7250905e-06	-4.5926281e-05	0.0
-5.7630523e-06	-4.5929777e-05	0.0
-4.3763621e-06	-4.4152632e-05	0.0
-5.6439826e-06	-4.3194737e-05	0.0
-4.143521e-06	-4.3473436e-05	0.0
-4.2553952e-06	-4.1832507e-05	0.0
-4.8318179e-06	-4.1561845e-05	0.0
-4.253412e-06	-4.0331073e-05	0.0
-4.5973311e-06	-4.129421e-05	0.0
-5.0575613e-06	-3.9928516e-05	0.0
-5.0567928e-06	-3.869897e-05	0.0
-4.5929451e-06	-3.6920417e-05	0.0
-5.053269e-06	-3.6511236e-05	0.0
-4.3597865e-06	-3.6242483e-05	0.0
-4.7028361e-06	-3.4737575e-05	0.0
-5.3942063e-06	-3.5014462e-05	0.0
-5.3934023e-06	-3.4607227e-05	0.0
-5.0461827e-06	-3.4338944e-05	0.0
-4.69713e-06	-3.2284981e-05	0.0
-5.3877357e-06	-3.2837834e-05	0.0
-5.0421022e-06	-3.0784617e-05	0.0
-4.3478799e-06	-3.2020322e-05	0.0
-4.2285678e-06	-3.0520572e-05	0.0
-5.1498896e-06	-2.9562747e-05	0.0
-5.1507309e-06	-2.8880573e-05	0.0
-4.68907e-06	-2.8882027e-05	0.0
-4.2213678e-06	-2.9025379e-05	0.0
-5.9489175e-06	-2.779768e-05	0.0
-6.0699117e-06	-2.6839263e-05	0.0
-4.9119294e-06	-2.6840575e-05	0.0
-5.4861653e-06	-2.6848296e-05	0.0
-4.9098517e-06	-2.561574e-05	0.0
-4.9060154e-06	-2.6576572e-05	0.0
-4.9059872e-06	-2.5901856e-05	0.0
-4.6717755e-06	-2.4394118e-05	0.0
-5.2480686e-06	-2.4670802e-05	0.0
-4.6710961e-06	-2.3990204e-05	0.0
-4.7823014e-06	-2.4400824e-05	0.0
-4.8979718e-06	-2.4549248e-05	0.0
-4.6646765e-06	-2.2496499e-05	0.0
-4.894649e-06	-2.24951e-05	0.0
-4.4319299e-06	-2.2090962e-05	0.0
-4.4306794e-06	-2.1544231e-05	0.0
-4.3081473e-06	-2.1412807e-05	0.0
-5.4694701e-06	-2.0320334e-05	0.0
-2.4703495e-06	-2.0047744e-05	0.0
-3.0329045e-06	-1.9640558e-05	0.0
-3.6148735e-06	-1.9371175e-05	0.0
-3.3790407e-06	-1.8688634e-05	0.0
-4.4167318e-06	-1.8556533e-05	0.0
-4.1845296e-06	-1.7736087e-05	0.0
-4.9927612e-06	-1.7878534e-05	0.0
-4.2972688e-06	-1.6649183e-05	0.0
-5.5627747e-06	-1.6920971e-05	0.0
-5.1067304e-06	-1.7065135e-05	0.0
-4.8709439e-06	-1.6390306e-05	0.0
-4.8689299e-06	-1.5285013e-05	0.0
-4.755424e-06	-1.70765e-05	0.0
-4.0584273e-06	-1.5162167e-05	0.0
-4.632358e-06	-1.6668417e-05	0.0
-4.4017784e-06	-1.5177806e-05	0.0
-4.4040057e-06	-1.4483054e-05	0.0
-3.4734965e-06	-1.5040276e-05	0.0
-4.7401054e-06	-1.3811219e-05	0.0
-4.2798429e-06	-1.4084641e-05	0.0
-4.9699788e-06	-1.368032e-05	0.0
-4.3929235e-06	-1.3410404e-05	0.0
-4.8516608e-06	-1.2862384e-05	0.0
-4.1628909e-06	-1.3549435e-05	0.0
-3.6942729e-06	-1.3150772e-05	0.0
-4.0401546e-06	-1.1915441e-05	0.0
-3.8047094e-06	-1.2736418e-05	0.0
-4.8427414e-06	-1.2613064e-05	0.0
-4.2680244e-06	-1.1244194e-05	0.0
-4.379759e-06	-1.1377873e-05	0.0
-4.1466401e-06	-1.1525452e-05	0.0
-4.2655784e-06	-1.0565521e-05	0.0
-2.8762672e-06	-1.1661691e-05	0.0
-3.5657681e-06	-1.1401428e-05	0.0
-2.5283498e-06	-1.0167624e-05	0.0
-2.8680854e-06	-1.0713472e-05	0.0
-2.9836156e-06	-1.1134938e-05	0.0
-3.0985339e-06	-9.9089866e-06	0.0
-3.0922895e-06	-9.2207665e-06	0.0
-4.2471834e-06	-9.3636772e-06	0.0
-3.444407e-06	-8.5447318e-06	0.0
-2.9764581e-06	-8.8192674e-06	0.0
-3.4307411e-06	-8.8241186e-06	0.0
-4.4743319e-06	-8.6951177e-06	0.0
-3.6618715e-06	-7.7334926e-06	0.0
-5.1605143e-06	-8.8361203e-06	0.0
-3.7850473e-06	-7.4710365e-06	0.0
-3.0787085e-06	-8.2911411e-06	0.0
-4.2342608e-06	-7.8922185e-06	0.0
-3.0844922e-06	-7.067918e-06	0.0
-3.0730291e-06	-7.8905541e-06	0.0
-4.3421774e-06	-8.1729177e-06	0.0
-4.1172975e-06	-7.7666218e-06	0.0
-3.073156e-06	-7.3576239e-06	0.0
-3.7627276e-06	-7.3611891e-06	0.0
-3.3023243e-06	-7.0910637e-06	0.0
-3.4125533e-06	-7.0935635e-06	0.0
-3.9889642e-06	-7.0988258e-06	0.0
-3.9881138e-06	-6.6904518e-06	0.0
-3.9887432e-06	-7.102888e-06	0.0
-3.2925225e-06	-7.3842657e-06	0.0
-4.097582e-06	-6.7019632e-06	0.0
-3.8676708e-06	-6.8428385e-06	0.0
-3.864975e-06	-5.8889768e-06	0.0
-3.8636194e-06	-5.3415724e-06	0.0
-3.8622979e-06	-5.4825641e-06	0.0
-3.8595667e-06	-5.3476733e-06	0.0
-4.0913837e-06	-6.0381967e-06	0.0
-2.9354919e-06	-5.3564686e-06	0.0
-3.6218082e-06	-5.6360163e-06	0.0
-4.5470792e-06	-4.2668908e-06	0.0
-3.2786734e-06	-5.9132981e-06	0.0
-2.2357551e-06	-5.6471968e-06	0.0
-2.9251621e-06	-4.6892569e-06	0.0
-3.3869428e-06	-5.2415312e-06	0.0
-2.807679e-06	-4.4226372e-06	0.0
-3.6142658e-06	-4.9747023e-06	0.0
-2.4592086e-06	-3.745344e-06	0.0
-2.802529e-06	-3.4740783e-06	0.0
-3.3786926e-06	-3.340821e-06	0.0
-3.2614853e-06	-3.3442445e-06	0.0
-3.8373428e-06	-3.6221991e-06	0.0
-2.5665993e-06	-3.6257263e-06	0.0
-2.9107655e-06	-4.0408763e-06	0.0
-3.6017232e-06	-3.222051e-06	0.0
-3.6000736e-06	-4.1853241e-06	0.0
-2.2138302e-06	-4.0518307e-06	0.0
-3.481744e-06	-3.233029e-06	0.0
-2.4413055e-06	-3.5109636e-06	0.0
-3.3636738e-06	-3.2405837e-06	0.0
-3.0149026e-06	-3.6553279e-06	0.0
-2.7833469e-06	-2.9732507e-06	0.0
-3.1272784e-06	-2.9775456e-06	0.0
-2.4337955e-06	-2.9810692e-06	0.0
-3.0088906e-06	-2.984669e-06	0.0
-1.8525174e-06	-2.9888638e-06	0.0
-1.8526653e-06	-3.5408891e-06	0.0
-2.3126834e-06	-3.2684738e-06	0.0
-2.6575078e-06	-2.4514638e-06	0.0
-3.0010397e-06	-2.8645875e-06	0.0
-2.7703302e-06	-1.2243213e-06	0.0
-3.9222637e-06	-2.8782122e-06	0.0
-3.2259481e-06	-3.9741317e-06	0.0
-2.9944283e-06	-3.4268469e-06	0.0
-2.4156336e-06	-2.3342275e-06	0.0
-2.2995541e-06	-2.0669688e-06	0.0
-2.2987499e-06	-2.7550691e-06	0.0
-2.6428459e-06	-2.2091233e-06	0.0
-2.2937579e-06	-1.9375157e-06	0.0
-1.5966908e-06	-1.2605052e-06	0.0
-3.3069435e-07	-2.9085379e-06	0.0
-1.7169518e-06	-1.947124e-06	0.0
-1.5942793e-06	-2.096165e-06	0.0
-1.4815485e-06	-3.3294816e-06	0.0
-2.5203094e-06	-2.0921761e-06	0.0
-2.8588579e-06	-8.6832387e-07	0.0
-1.8181843e-06	-1.2843187e-06	0.0
-1.8208237e-06	-8.7535096e-07	0.0
-2.0483271e-06	-1.2950584e-06	0.0
-1.9327997e-06	-1.8405526e-06	0.0
-2.3917837e-06	-1.0283812e-06	0.0
-1.9270083e-06	-2.9492833e-06	0.0
-2.0440896e-06	-1.7140696e-06	0.0
-2.2710994e-06	-2.4099388e-06	0.0
-1.8058067e-06	-1.9912511e-06	0.0
-1.5782468e-06	-3.5597989e-07	0.0
-1.9169481e-06	-1.0471615e-06	0.0
-7.6639253e-07	-8.6096783e-08	0.0
-2.268361e-06	-2.378807e-07	0.0
-2.0310347e-06	-1.7471236e-06	0.0
-2.1406772e-06	-1.6079421e-06	0.0
-7.5775927e-07	-1.474633e-06	0.0
-1.683289e-06	-1.2075947e-06	0.0
-9.8121563e-07	-1.7573325e-06	0.0
-1.1099665e-06	-1.0735237e-06	0.0
-2.5975739e-06	-7.9829977e-07	0.0
-1.0934455e-06	7.0154687e-07	0.0
-1.7898798e-06	-2.7437386e-07	0.0
-8.5579745e-07	-1.0944026e-06	0.0
-8.7094116e-07	-1.2289107e-06	0.0
-1.7774911e-06	-1.1056579e-06	0.0
-1.6417404e-07	-2.4763312e-06	0.0
-1.6785287e-06	-1.9259198e-06	0.0
-2.2416129e-06	-2.203956e-06	0.0
-2.3542636e-06	-1.5231276e-06	0.0
-1.8806503e-06	-1.7972832e-06	0.0
-1.0885797e-06	-5.6486249e-07	0.0
-2.3471746e-06	-7.1578512e-07	0.0
-1.081425e-06	-7.1594536e-07	0.0
-2.4582105e-06	-7.1936432e-07	0.0
-3.7295396e-07	-5.8644275e-07	0.0
-1.3148773e-06	-5.885102e-07	0.0
-1.3033441e-06	-4.6104105e-07	0.0
-1.8878401e-06	-1.1507784e-06	0.0
-2.5756838e-06	-1.0082862e-06	0.0
-2.6769235e-06	-6.0005146e-07	0.0
-1.7509143e-06	-1.9518916e-07	0.0
-1.4050346e-06	-2.0276632e-07	0.0
-9.5085943e-07	-4.8616505e-07	0.0
-1.7606191e-06	-8.8941789e-07	0.0
-1.7516006e-06	7.008159e-08	0.0
-1.7476941e-06	-2.3039289e-07	0.0
-1.5238126e-06	-1.4618007e-06	0.0
-2.209764e-06	-1.4558154e-06	0.0
-1.3878903e-06	-1.3154279e-06	0.0
-1.1755611e-06	-3.5917347e-07	0.0
-1.8584808e-06	-9.2104145e-08	0.0
-1.5167142e-06	3.0750857e-07	0.0
-2.433359e-06	-1.0062372e-07	0.0
-1.3766082e-06	7.1731836e-07	0.0
-8.0800322e-07	1.1417509e-08	0.0
-1.0680716e-06	-3.8665121e-07	0.0
-3.005325e-06	1.6102632e-07	0.0
-1.3647904e-06	2.8821626e-07	0.0
-1.2758223e-06	4.2583719e-07	0.0
-1.7405416e-06	4.0516238e-07	0.0
-2.3005464e-06	-6.8949834e-07	0.0
-1.7296729e-06	-1.2297515e-07	0.0
-2.2917818e-06	4.0508186e-07	0.0
-7.8942765e-07	2.7566151e-07	0.0
-1.5047126e-06	1.0799484e-06	0.0
-1.5963857e-06	-3.0930036e-07	0.0
-1.0210705e-06	-4.196186e-07	0.0
-1.145238e-06	5.419318e-07	0.0
-1.3689806e-06	7.7776451e-07	0.0
-1.7370743e-06	-7.255058e-07	0.0
-3.0912015e-06	-1.7492546e-08	0.0
-1.4641583e-06	2.274133e-07	0.0
-1.4646473e-06	-2.341551e-08	0.0
1.5307663e-07	1.4632144e-06	0.0
-6.9809732e-07	-7.1589959e-08	0.0
-1.92931e-06	-1.8043845e-07	0.0
-1.0178733e-06	6.4949711e-07	0.0
-2.0301331e-06	1.5826995e-06	0.0
2.6688369e-07	7.5260436e-07	0.0
-1.7203628e-06	1.0296773e-06	0.0
-1.1023636e-06	1.7927042e-07	0.0
-5.2956307e-07	-8.9838272e-07	0.0
3.2402191e-08	-2.0607737e-07	0.0
-7.7149349e-07	2.0919138e-07	0.0
-1.8362674e-07	1.2812926e-06	0.0
-1.8404525e-07	1.8077115e-07	0.0
2.7290338e-07	7.2342647e-07	0.0
-1.8362445e-07	-5.1514269e-07	0.0
5.1520522e-07	1.8291433e-07	0.0
2.7247094e-07	1.7240404e-07	0.0
2.9045651e-07	7.2231165e-07	0.0
7.3525337e-07	5.5968655e-07	0.0
-4.1750221e-07	-2.5055425e-07	0.0
1.8869771e-07	4.3069258e-07	0.0
4.9671252e-07	-1.2431762e-07	0.0
-1.2138785e-06	4.2807656e-07	0.0
7.006323e-08	2.7781331e-07	0.0
-6.4522175e-07	2.7827789e-07	0.0
-7.4011496e-07	1.3016196e-07	0.0
-2.7120282e-07	-4.2400879e-07	0.0
6.6417232e-07	-8.3671398e-07	0.0
1.443457e-06	-8.1948104e-07	0.0
1.7081845e-07	1.213301e-07	0.0
1.8259854e-07	-7.1054666e-07	0.0
-2.7312984e-07	-1.463027e-07	0.0
6.7485541e-07	2.5226592e-07	0.0
