#Bx [T], By [T], Bz [T] on 3D mesh: inmost loop vs X (horizontal transverse position), outmost loop vs Z (longitudinal position)
#0.0 #initial X position [m]
#0.0 #step of X [m]
#1 #number of points vs X
#0.0 #initial Y position [m]
#0.0 #step of Y [m]
#1 #number of points vs Y
#-1.1855 #initial Z position [m]
#0.001 #step of Z [m]
#2371 #number of points vs Z
-3.6007833e-07	-3.2811876e-08	0.0
-5.8921563e-07	2.3808349e-07	0.0
-2.4146746e-07	2.3481894e-07	0.0
2.219211e-07	3.6869892e-07	0.0
-1.2260971e-07	9.1219903e-08	0.0
3.4048512e-07	9.1032956e-07	0.0
6.8855064e-07	7.703498e-07	0.0
-2.0669693e-09	-1.9270453e-07	0.0
-1.1617502e-07	6.2671984e-07	0.0
8.0814141e-07	-7.4711687e-07	0.0
1.5031515e-06	7.1219723e-08	0.0
5.8206399e-07	-2.0484775e-07	0.0
6.9746216e-07	-1.0308685e-06	0.0
1.1631188e-06	-7.6181942e-07	0.0
-5.6607587e-07	3.3151383e-07	0.0
-2.2047847e-07	7.4062689e-07	0.0
-2.1801795e-07	4.6525247e-07	0.0
-3.3077447e-07	-9.1011037e-07	0.0
-1.0231197e-06	-2.2876912e-07	0.0
1.671981e-08	-9.1587003e-07	0.0
-3.2657704e-07	-5.1165546e-07	0.0
2.0912356e-08	4.4793475e-07	0.0
-5.5241935e-07	-6.5137641e-07	0.0
-7.8462392e-07	-1.0898052e-07	0.0
-9.0366242e-08	2.516504e-08	0.0
-4.3172383e-07	7.0738849e-07	0.0
-8.9483319e-07	4.3271433e-07	0.0
-8.5875037e-08	-3.9080712e-07	0.0
3.126231e-08	-1.3590583e-06	0.0
7.2653086e-07	2.8015913e-07	0.0
1.5255253e-07	2.8319192e-07	0.0
1.5454307e-07	1.438296e-09	0.0
-6.5157354e-07	8.2272163e-07	0.0
-4.218044e-07	1.3472582e-07	0.0
-4.1859172e-07	8.1365869e-07	0.0
-5.31642e-07	9.4956141e-07	0.0
-7.623309e-07	1.0850857e-06	0.0
-4.145239e-07	5.3293934e-07	0.0
-2.9995994e-07	8.0293245e-07	0.0
3.9997411e-07	6.6178853e-07	0.0
-1.2136159e-06	1.072344e-06	0.0
-6.4036868e-07	-2.4755192e-08	0.0
-6.3848387e-07	-1.7127607e-07	0.0
5.8888133e-08	2.3894296e-07	0.0
-9.7802751e-07	-3.96711e-08	0.0
-4.0100832e-07	5.0609174e-07	0.0
-1.203858e-06	9.1770161e-08	0.0
-1.205487e-06	5.0041393e-07	0.0
-1.4328967e-06	-1.8736178e-07	0.0
-1.7765344e-06	2.1674909e-07	0.0
-2.1252258e-06	6.2484719e-07	0.0
-9.7373004e-07	1.0359921e-06	0.0
-2.7327874e-07	3.4926592e-07	0.0
-7.3240409e-07	-6.4364464e-08	0.0
-3.892159e-07	-7.5814285e-07	0.0
3.0634666e-07	3.3356056e-07	0.0
4.2510587e-07	6.1838648e-08	0.0
3.1482884e-07	-4.8645148e-07	0.0
-6.0644641e-07	-1.4574512e-06	0.0
-4.972535e-07	4.5307477e-08	0.0
4.3037707e-07	-3.6222565e-07	0.0
8.9524505e-08	-5.0294756e-07	0.0
-3.6601648e-07	-9.2288076e-07	0.0
-1.5266464e-06	3.8306535e-08	0.0
-2.7782912e-08	-1.1996243e-06	0.0
-4.7971594e-07	2.5638359e-08	0.0
-1.4079353e-07	-3.8154005e-07	0.0
7.8818834e-07	-2.5272777e-07	0.0
-5.8709007e-09	1.9300805e-08	0.0
-1.6288152e-06	1.8850237e-08	0.0
-7.0938756e-07	-2.6140273e-07	0.0
-1.0461504e-06	1.4776128e-07	0.0
-1.1662875e-06	-4.0067076e-07	0.0
-5.8688261e-07	-6.7875914e-07	0.0
-5.839164e-07	-1.0963367e-06	0.0
-2.37555e-07	-5.5345515e-07	0.0
-1.1806706e-07	-4.1818546e-07	0.0
-3.4465413e-07	-1.1133288e-08	0.0
-6.9314581e-07	-9.6593649e-09	0.0
-4.5601971e-07	-8.3006125e-07	0.0
-1.7210547e-06	-1.8006261e-06	0.0
-1.7300524e-06	-8.5267021e-07	0.0
-1.0349485e-06	-4.3097151e-07	0.0
-1.0269173e-06	-1.4007798e-06	0.0
-1.1501685e-06	-3.0750834e-07	0.0
1.2656343e-08	-1.2634031e-06	0.0
-1.2498757e-06	-8.6755045e-07	0.0
-1.137792e-06	-3.1386591e-07	0.0
-1.2624884e-06	-1.4032308e-06	0.0
8.2148682e-07	-2.2488221e-06	0.0
-3.1808332e-07	-7.3443465e-07	0.0
-3.2297925e-07	-2.3827313e-06	0.0
-8.9884958e-07	-7.5277626e-07	0.0
-5.5011441e-07	-1.1515855e-06	0.0
-1.6900956e-06	-1.1637503e-06	0.0
-2.4022315e-06	-7.5838983e-07	0.0
-8.9980728e-07	-4.7551282e-07	0.0
-1.4600238e-06	-1.8445946e-06	0.0
-1.2521134e-06	-1.7378594e-06	0.0
6.0621034e-07	-8.2585828e-08	0.0
-7.4159324e-08	-1.173275e-06	0.0
2.6875873e-07	-1.0425437e-06	0.0
-4.1289175e-07	-1.7410459e-06	0.0
-9.8969065e-07	-2.3608453e-07	0.0
-1.4603215e-06	-9.1762843e-07	0.0
-4.2693378e-07	-5.0222525e-07	0.0
-2.9114588e-07	-2.2893892e-06	0.0
-1.2155709e-06	-1.4809314e-06	0.0
-1.3281278e-06	-2.0308241e-06	0.0
-2.1403559e-06	-8.0937218e-07	0.0
-1.2276857e-06	-6.6650637e-07	0.0
-6.4441417e-07	-5.2096851e-07	0.0
5.1923728e-08	-1.8978538e-06	0.0
-1.6235902e-07	-1.2341786e-06	0.0
-1.0876654e-06	-8.1426981e-07	0.0
-1.3160151e-06	-9.5440055e-07	0.0
-2.01493e-06	-9.5526048e-07	0.0
-7.6576282e-07	-1.3696566e-06	0.0
8.2752884e-08	-1.5069006e-06	0.0
-2.2235861e-06	-1.933837e-06	0.0
-1.5613996e-06	-1.1040189e-06	0.0
-9.6960787e-07	-2.2084487e-06	0.0
-9.6123608e-07	-7.2125147e-07	0.0
-1.4198089e-06	-6.962253e-07	0.0
-1.540604e-06	-1.3922428e-06	0.0
-1.6414675e-06	-1.1304425e-06	0.0
-2.5752704e-06	-1.1180873e-06	0.0
-1.5439631e-06	-1.8212862e-06	0.0
-1.9763761e-06	-5.9654923e-07	0.0
-2.809405e-06	-4.59848e-07	0.0
-1.1942318e-06	3.706831e-07	0.0
-1.6356352e-06	-9.9167755e-07	0.0
-1.8594251e-06	-1.2802578e-06	0.0
-3.0234278e-06	-1.8332465e-06	0.0
-2.1034832e-06	-1.5674134e-06	0.0
-2.5629727e-06	-1.5725205e-06	0.0
-1.4118882e-06	-8.9429892e-07	0.0
-2.2981071e-06	-7.4890653e-07	0.0
-3.7121588e-06	-1.160536e-06	0.0
-1.9992315e-06	-1.3120609e-06	0.0
-1.7266492e-06	-8.9615577e-07	0.0
-3.0109582e-06	-1.8463716e-06	0.0
-1.9756433e-06	-2.4149781e-06	0.0
-2.5457668e-06	-1.6147641e-06	0.0
-1.5199947e-06	-7.621104e-07	0.0
-1.4925963e-06	-2.4194021e-06	0.0
-2.3062933e-06	-1.2008242e-06	0.0
-1.8573598e-06	-2.1402807e-06	0.0
-1.3858738e-06	-2.168611e-06	0.0
-1.714046e-06	-1.7443438e-06	0.0
-2.5380616e-06	-2.5751212e-06	0.0
-1.8330973e-06	-1.7681933e-06	0.0
-3.2184266e-06	-1.6242343e-06	0.0
-1.7513526e-06	-1.3565422e-06	0.0
-5.6836154e-07	-1.3511448e-06	0.0
-9.0682829e-07	-1.8977923e-06	0.0
-9.0452056e-07	-2.190742e-06	0.0
-1.4787456e-06	-1.5059245e-06	0.0
-1.4812796e-06	-2.0420348e-06	0.0
-1.931626e-06	-2.6025066e-06	0.0
-2.1843616e-06	-2.8717129e-06	0.0
-1.0142739e-06	-3.5788246e-06	0.0
-2.272963e-06	-2.2163372e-06	0.0
-1.7167447e-06	-2.4756664e-06	0.0
-1.3605116e-06	-2.7469844e-06	0.0
-1.4550642e-06	-3.8537464e-06	0.0
-2.8477857e-06	-3.3217113e-06	0.0
-2.1678181e-06	-3.577919e-06	0.0
-2.3840637e-06	-4.4142334e-06	0.0
-2.4987357e-06	-4.01435e-06	0.0
-2.626864e-06	-3.881165e-06	0.0
-1.5787748e-06	-3.3311528e-06	0.0
-2.5932206e-06	-3.8721396e-06	0.0
-3.1914437e-06	-3.7659174e-06	0.0
-2.2862596e-06	-2.7786259e-06	0.0
-1.439166e-06	-4.5748757e-06	0.0
-3.5096525e-06	-3.0780323e-06	0.0
-3.0853162e-06	-4.4332096e-06	0.0
-2.3689172e-06	-4.0396308e-06	0.0
-3.0583599e-06	-4.5919319e-06	0.0
-2.7205067e-06	-3.7726129e-06	0.0
-2.9336143e-06	-4.4565832e-06	0.0
-3.6296728e-06	-3.9155098e-06	0.0
-3.4125139e-06	-4.5945962e-06	0.0
-2.8280554e-06	-4.6044474e-06	0.0
-3.1538889e-06	-5.0158824e-06	0.0
-3.8638268e-06	-5.1546781e-06	0.0
-2.8301927e-06	-5.5788801e-06	0.0
-2.9278597e-06	-4.7669082e-06	0.0
-3.2634471e-06	-4.7526341e-06	0.0
-4.1984367e-06	-5.3012991e-06	0.0
-3.1780944e-06	-5.7246284e-06	0.0
-2.8008606e-06	-5.5908936e-06	0.0
-3.7249565e-06	-5.7358593e-06	0.0
-3.5040953e-06	-5.3218714e-06	0.0
-3.4994371e-06	-5.7435127e-06	0.0
-3.3767994e-06	-4.7896378e-06	0.0
-4.0598252e-06	-5.1894235e-06	0.0
-4.087814e-06	-5.2009318e-06	0.0
-2.6907708e-06	-5.3366916e-06	0.0
-3.4731604e-06	-5.7415418e-06	0.0
-3.7277996e-06	-6.7081178e-06	0.0
-2.9171961e-06	-6.8552968e-06	0.0
-3.0168492e-06	-6.7430428e-06	0.0
-3.1436377e-06	-5.3528161e-06	0.0
-2.6689204e-06	-7.1206532e-06	0.0
-3.3669062e-06	-7.1491691e-06	0.0
-2.6640462e-06	-7.4141244e-06	0.0
-4.045462e-06	-7.5721646e-06	0.0
-3.1437798e-06	-6.7446767e-06	0.0
-3.0062643e-06	-7.4254021e-06	0.0
-3.2419596e-06	-7.1680092e-06	0.0
-3.0081826e-06	-7.1565601e-06	0.0
-3.1262159e-06	-7.8480134e-06	0.0
-2.5462118e-06	-7.8540561e-06	0.0
-2.9932089e-06	-8.2676552e-06	0.0
-3.4610778e-06	-8.2713486e-06	0.0
-3.2389592e-06	-8.5540778e-06	0.0
-2.8768618e-06	-8.010119e-06	0.0
-3.7966915e-06	-8.1473654e-06	0.0
-3.5790742e-06	-7.7439126e-06	0.0
-3.1164025e-06	-7.7383438e-06	0.0
-2.6453986e-06	-8.1496901e-06	0.0
-2.7660053e-06	-8.437104e-06	0.0
-2.0607361e-06	-8.1568887e-06	0.0
-3.3212466e-06	-9.1201355e-06	0.0
-3.1083064e-06	-8.5919437e-06	0.0
-2.8655627e-06	-8.3031337e-06	0.0
-3.0989543e-06	-9.5269797e-06	0.0
-2.9701234e-06	-1.0116129e-05	0.0
-3.9086863e-06	-8.1824655e-06	0.0
-2.5127479e-06	-9.9573654e-06	0.0
-4.3460423e-06	-9.284754e-06	0.0
-3.7894245e-06	-1.0780686e-05	0.0
-3.7821696e-06	-1.0675605e-05	0.0
-3.5367343e-06	-9.8452683e-06	0.0
-5.0374451e-06	-1.038753e-05	0.0
-4.3631899e-06	-1.0671574e-05	0.0
-3.7805648e-06	-1.0942168e-05	0.0
-3.0821111e-06	-1.1901385e-05	0.0
-3.4153134e-06	-1.2463952e-05	0.0
-3.7722068e-06	-1.2064482e-05	0.0
-3.1875611e-06	-1.1778192e-05	0.0
-4.1012322e-06	-1.3010384e-05	0.0
-4.0044501e-06	-1.3434079e-05	0.0
-3.2951846e-06	-1.3581389e-05	0.0
-4.1088579e-06	-1.3165832e-05	0.0
-3.1762211e-06	-1.3990613e-05	0.0
-4.4525268e-06	-1.3989443e-05	0.0
-2.3862028e-06	-1.5099057e-05	0.0
-2.929849e-06	-1.3876901e-05	0.0
-3.7460727e-06	-1.4274727e-05	0.0
-4.0900163e-06	-1.4555569e-05	0.0
-4.8891643e-06	-1.5105519e-05	0.0
-5.7075849e-06	-1.5253703e-05	0.0
-5.0241506e-06	-1.5246592e-05	0.0
-4.6638752e-06	-1.6213437e-05	0.0
-5.0097228e-06	-1.5681399e-05	0.0
-4.3349614e-06	-1.5664626e-05	0.0
-3.0451552e-06	-1.663908e-05	0.0
-4.2984616e-06	-1.5954502e-05	0.0
-4.7720891e-06	-1.7181997e-05	0.0
-4.8860329e-06	-1.7200329e-05	0.0
-4.3291329e-06	-1.6931652e-05	0.0
-2.9080566e-06	-1.6646418e-05	0.0
-5.6768395e-06	-1.8150622e-05	0.0
-4.4300346e-06	-1.8582134e-05	0.0
-5.0981585e-06	-1.8709479e-05	0.0
-5.4505749e-06	-1.9820185e-05	0.0
-5.4647903e-06	-1.8739185e-05	0.0
-3.6236954e-06	-1.885506e-05	0.0
-3.3574479e-06	-2.0093194e-05	0.0
-4.8631537e-06	-2.0516653e-05	0.0
-4.5232437e-06	-2.1056459e-05	0.0
-5.0940021e-06	-2.2434018e-05	0.0
-4.8667948e-06	-2.2321301e-05	0.0
-5.2041337e-06	-2.1495e-05	0.0
-5.2171968e-06	-2.2029366e-05	0.0
-4.5088136e-06	-2.3135099e-05	0.0
-5.8855521e-06	-2.3283288e-05	0.0
-5.5636583e-06	-2.3553475e-05	0.0
-4.6265905e-06	-2.4374645e-05	0.0
-5.3023418e-06	-2.5072546e-05	0.0
-5.6702952e-06	-2.4809808e-05	0.0
-4.6156952e-06	-2.5061619e-05	0.0
-5.7739976e-06	-2.7129892e-05	0.0
-4.499846e-06	-2.6603109e-05	0.0
-6.3276293e-06	-2.6865751e-05	0.0
-6.0133862e-06	-2.7285121e-05	0.0
-4.9630871e-06	-2.7425951e-05	0.0
-4.9562545e-06	-2.7966254e-05	0.0
-4.7244407e-06	-2.9076e-05	0.0
-4.9481137e-06	-2.8937773e-05	0.0
-5.4038778e-06	-3.0310739e-05	0.0
-5.9887498e-06	-3.0448744e-05	0.0
-5.5246564e-06	-3.209896e-05	0.0
-5.9834992e-06	-3.1836335e-05	0.0
-5.7475718e-06	-3.2525339e-05	0.0
-6.5575091e-06	-3.1847012e-05	0.0
-5.6435815e-06	-3.2786062e-05	0.0
-5.4000852e-06	-3.4312834e-05	0.0
-5.5114201e-06	-3.4044548e-05	0.0
-6.0804396e-06	-3.5001496e-05	0.0
-6.6684497e-06	-3.554636e-05	0.0
-5.8597852e-06	-3.7469472e-05	0.0
-6.3086272e-06	-3.7625654e-05	0.0
-6.6579291e-06	-3.8292525e-05	0.0
-6.5518511e-06	-3.9962732e-05	0.0
-5.5083569e-06	-3.8727718e-05	0.0
-6.0637894e-06	-4.0639759e-05	0.0
-6.7807673e-06	-4.0381899e-05	0.0
-5.0364501e-06	-4.1467742e-05	0.0
-6.6430471e-06	-4.2301119e-05	0.0
-5.7311877e-06	-4.3119322e-05	0.0
-6.1842961e-06	-4.4499553e-05	0.0
-5.6084991e-06	-4.4776843e-05	0.0
-6.2881172e-06	-4.6013472e-05	0.0
-6.6455041e-06	-4.6025758e-05	0.0
-6.2892241e-06	-4.6563411e-05	0.0
-7.3270453e-06	-4.8209662e-05	0.0
-7.0953606e-06	-4.9048838e-05	0.0
-7.6809738e-06	-4.9181715e-05	0.0
-5.8379742e-06	-5.0689272e-05	0.0
-5.8238902e-06	-5.1648909e-05	0.0
-5.4756019e-06	-5.3708143e-05	0.0
-6.1604251e-06	-5.4274864e-05	0.0
-6.1720439e-06	-5.4678894e-05	0.0
-5.3591489e-06	-5.6189936e-05	0.0
-5.6945833e-06	-5.7147507e-05	0.0
-6.1572341e-06	-5.9078149e-05	0.0
-6.2759141e-06	-5.8681064e-05	0.0
-5.705253e-06	-5.9221977e-05	0.0
-5.1101115e-06	-6.0309016e-05	0.0
-6.7180017e-06	-6.3051397e-05	0.0
-6.7386572e-06	-6.4038941e-05	0.0
-5.9184172e-06	-6.415994e-05	0.0
-6.7217375e-06	-6.677107e-05	0.0
-6.493296e-06	-6.6916335e-05	0.0
-6.9508819e-06	-6.8837478e-05	0.0
-6.9474108e-06	-6.9375899e-05	0.0
-7.5292269e-06	-7.3081988e-05	0.0
-6.4956043e-06	-7.323773e-05	0.0
-6.5913205e-06	-7.5283773e-05	0.0
-7.6291062e-06	-7.638993e-05	0.0
-7.7572813e-06	-7.804027e-05	0.0
-6.9466305e-06	-7.885896e-05	0.0
-7.1632403e-06	-8.1330712e-05	0.0
-7.7468203e-06	-8.1627499e-05	0.0
-7.2838316e-06	-8.2692386e-05	0.0
-7.4026752e-06	-8.6680251e-05	0.0
-6.5823292e-06	-8.7113061e-05	0.0
-8.3034856e-06	-8.8750399e-05	0.0
-8.4323774e-06	-8.9987778e-05	0.0
-8.4296107e-06	-9.2044116e-05	0.0
-8.3085715e-06	-9.3426104e-05	0.0
-8.6601303e-06	-9.5458869e-05	0.0
-7.621773e-06	-9.9862576e-05	0.0
-7.8402854e-06	-0.00010029306	0.0
-8.1853213e-06	-0.00010274177	0.0
-8.7593817e-06	-0.0001049576	0.0
-9.1084485e-06	-0.00010564223	0.0
-8.9945079e-06	-0.00010823643	0.0
-8.7616481e-06	-0.00011071359	0.0
-8.7552035e-06	-0.00011330934	0.0
-8.7665157e-06	-0.00011688648	0.0
-7.5967705e-06	-0.00011813371	0.0
-9.0966114e-06	-0.00012045362	0.0
-7.8360099e-06	-0.00012320066	0.0
-8.5075535e-06	-0.00012567322	0.0
-9.0968788e-06	-0.00012854041	0.0
-8.2931147e-06	-0.00013239667	0.0
-8.0477512e-06	-0.00013376767	0.0
-8.7412e-06	-0.00013801048	0.0
-8.2857914e-06	-0.00014022924	0.0
-8.1573726e-06	-0.00014240487	0.0
-9.1909387e-06	-0.00014706331	0.0
-9.5474097e-06	-0.00015023589	0.0
-8.9683681e-06	-0.0001528396	0.0
-8.8538045e-06	-0.00015652901	0.0
-8.153118e-06	-0.0001608001	0.0
-9.295497e-06	-0.00016271253	0.0
-9.7699822e-06	-0.00016832189	0.0
-9.0775702e-06	-0.00017164284	0.0
-9.0676576e-06	-0.0001739697	0.0
-9.6406602e-06	-0.00017793301	0.0
-1.0219033e-05	-0.00018301081	0.0
-9.9972676e-06	-0.00018713072	0.0
-8.9516452e-06	-0.00019151872	0.0
-9.5182077e-06	-0.00019577012	0.0
-9.755795e-06	-0.00020057161	0.0
-9.7433922e-06	-0.00020482871	0.0
-1.102146e-05	-0.00020934553	0.0
-9.5240657e-06	-0.00021497111	0.0
-1.0088736e-05	-0.00021963351	0.0
-9.8637138e-06	-0.00022580028	0.0
-9.8564578e-06	-0.00023088712	0.0
-1.0089568e-05	-0.00023554252	0.0
-9.852276e-06	-0.0002421149	0.0
-1.0886078e-05	-0.00024870536	0.0
-1.089605e-05	-0.00025460075	0.0
-1.0311615e-05	-0.00026091866	0.0
-1.0885393e-05	-0.00026598005	0.0
-1.0882215e-05	-0.00027434638	0.0
-1.1578214e-05	-0.00027902593	0.0
-1.0542218e-05	-0.00028557933	0.0
-1.0760695e-05	-0.00029395148	0.0
-1.1109891e-05	-0.000300535	0.0
-1.0993082e-05	-0.00030889024	0.0
-1.1106908e-05	-0.00031657523	0.0
-1.0989123e-05	-0.0003246566	0.0
-1.1330856e-05	-0.00033330309	0.0
-1.1563177e-05	-0.00034070649	0.0
-1.1447661e-05	-0.00034988101	0.0
-1.1442495e-05	-0.00035893812	0.0
-1.1900151e-05	-0.00036783784	0.0
-1.2023343e-05	-0.00037839796	0.0
-1.1323901e-05	-0.00038717542	0.0
-1.2236233e-05	-0.00039785114	0.0
-1.2706339e-05	-0.00040883053	0.0
-1.2586279e-05	-0.00041910863	0.0
-1.3272947e-05	-0.00043089167	0.0
-1.3511509e-05	-0.00044268262	0.0
-1.3046015e-05	-0.0004551622	0.0
-1.3387406e-05	-0.00046695778	0.0
-1.3612722e-05	-0.00047955418	0.0
-1.4537341e-05	-0.00049380964	0.0
-1.4195895e-05	-0.00050711771	0.0
-1.3966142e-05	-0.00052081014	0.0
-1.2927046e-05	-0.00053657871	0.0
-1.3248899e-05	-0.0005507014	0.0
-1.4880037e-05	-0.00056699262	0.0
-1.3381653e-05	-0.00058427511	0.0
-1.462927e-05	-0.00060031813	0.0
-1.5448551e-05	-0.00061771792	0.0
-1.567356e-05	-0.00063607877	0.0
-1.6258735e-05	-0.00065540202	0.0
-1.5330024e-05	-0.0006748648	0.0
-1.6248077e-05	-0.00069487956	0.0
-1.6012717e-05	-0.00071474345	0.0
-1.7509934e-05	-0.00073719886	0.0
-1.7172273e-05	-0.00076025963	0.0
-1.7624052e-05	-0.00078067655	0.0
-1.7858742e-05	-0.00080532156	0.0
-1.7968308e-05	-0.00082985399	0.0
-1.8656046e-05	-0.00085616426	0.0
-1.9232968e-05	-0.00088246685	0.0
-1.958459e-05	-0.00091166073	0.0
-1.9235036e-05	-0.00093921856	0.0
-1.9915116e-05	-0.00096880854	0.0
-2.0840915e-05	-0.00099922763	0.0
-2.1301465e-05	-0.0010319769	0.0
-2.1769307e-05	-0.0010651397	0.0
-2.141422e-05	-0.0010998092	0.0
-2.2901582e-05	-0.0011358456	0.0
-2.3834133e-05	-0.0011738108	0.0
-2.4182154e-05	-0.0012119031	0.0
-2.4408198e-05	-0.0012527274	0.0
-2.5208654e-05	-0.0012952161	0.0
-2.6246185e-05	-0.0013393534	0.0
-2.7056623e-05	-0.0013850016	0.0
-2.7405124e-05	-0.001431462	0.0
-2.7743839e-05	-0.0014802408	0.0
-2.9228209e-05	-0.0015321793	0.0
-3.1203941e-05	-0.0015860419	0.0
-3.0972937e-05	-0.0016407325	0.0
-3.2352906e-05	-0.0016985573	0.0
-3.2467262e-05	-0.001758976	0.0
-3.4412067e-05	-0.0018228403	0.0
-3.6155321e-05	-0.0018879427	0.0
-3.6618181e-05	-0.0019567504	0.0
-3.7874725e-05	-0.0020270445	0.0
-3.9835122e-05	-0.0021015925	0.0
-4.1337455e-05	-0.0021782061	0.0
-4.2497086e-05	-0.0022594465	0.0
-4.3063948e-05	-0.0023442688	0.0
-4.5252378e-05	-0.0024311496	0.0
-4.6630234e-05	-0.0025219892	0.0
-4.9743037e-05	-0.0026193948	0.0
-5.113416e-05	-0.0027193008	0.0
-5.3767882e-05	-0.0028228688	0.0
-5.6897046e-05	-0.0029319266	0.0
-5.8162819e-05	-0.0030462677	0.0
-6.1497616e-05	-0.0031633982	0.0
-6.3926993e-05	-0.0032882246	0.0
-6.6689914e-05	-0.0034167452	0.0
-6.9795307e-05	-0.0035528117	0.0
-7.4060408e-05	-0.0036927373	0.0
-7.753056e-05	-0.0038391713	0.0
-8.0637605e-05	-0.0039926381	0.0
-8.5124142e-05	-0.0041528381	0.0
-8.9865105e-05	-0.0043206993	0.0
-9.3320916e-05	-0.0044952147	0.0
-9.8498116e-05	-0.0046763248	0.0
-0.00010391673	-0.0048669246	0.0
-0.00011003002	-0.0050639729	0.0
-0.00011568323	-0.0052706017	0.0
-0.00012268871	-0.0054841493	0.0
-0.00013147836	-0.0057076197	0.0
-0.00013622348	-0.0059411288	0.0
-0.00014345591	-0.0061821193	0.0
-0.00015266752	-0.0064339563	0.0
-0.00016328463	-0.0066954214	0.0
-0.00017263442	-0.0069639036	0.0
-0.00018312126	-0.0072445963	0.0
-0.00019384244	-0.0075338469	0.0
-0.00020594553	-0.007833248	0.0
-0.00021818205	-0.0081421891	0.0
-0.00023052035	-0.0084611792	0.0
-0.00024469112	-0.0087885363	0.0
-0.00025992069	-0.0091243088	0.0
-0.0002749183	-0.0094682686	0.0
-0.0002906041	-0.0098200263	0.0
-0.0003072106	-0.01017725	0.0
-0.00032519188	-0.010541092	0.0
-0.00034445728	-0.010908996	0.0
-0.00036327023	-0.011278776	0.0
-0.0003820631	-0.011649542	0.0
-0.00040247507	-0.012017444	0.0
-0.00042211203	-0.012381918	0.0
-0.00044056692	-0.012737473	0.0
-0.00046063255	-0.013079748	0.0
-0.000479468	-0.013402915	0.0
-0.00049596827	-0.013702787	0.0
-0.00051304692	-0.013964689	0.0
-0.00052820146	-0.014182901	0.0
-0.00053998362	-0.014342382	0.0
-0.00055143272	-0.014424682	0.0
-0.0005577135	-0.014415276	0.0
-0.0005611981	-0.014283215	0.0
-0.00056169898	-0.014004623	0.0
-0.00055827538	-0.013540105	0.0
-0.00055139221	-0.012849304	0.0
-0.0005402441	-0.011880151	0.0
-0.00052471354	-0.010581663	0.0
-0.00050512393	-0.0088841747	0.0
-0.00048357571	-0.0067020911	0.0
-0.00045730837	-0.0039563612	0.0
-0.00042812314	-0.00054057874	0.0
-0.00039664627	0.0036516655	0.0
-0.00036145706	0.0087484382	0.0
-0.00032579241	0.014836401	0.0
-0.00028643489	0.022065865	0.0
-0.00024369221	0.030534649	0.0
-0.00019963448	0.040300407	0.0
-0.00015347583	0.051425654	0.0
-0.00010254269	0.063887402	0.0
-4.8171711e-05	0.077603571	0.0
8.3438763e-06	0.092430033	0.0
7.1830924e-05	0.1081324	0.0
0.00014179343	0.12440932	0.0
0.00021414018	0.14093681	0.0
0.00029309696	0.15726639	0.0
0.00037687048	0.17305224	0.0
0.00046470106	0.1878026	0.0
0.00055794703	0.20113453	0.0
0.0006539009	0.21262243	0.0
0.000753097	0.22184934	0.0
0.00085229613	0.22844787	0.0
0.00095303357	0.23203959	0.0
0.0010508335	0.23233487	0.0
0.0011441441	0.22907932	0.0
0.001228519	0.22209312	0.0
0.0013023969	0.21130484	0.0
0.0013645983	0.19668809	0.0
0.0014088268	0.1783039	0.0
0.0014344299	0.15630704	0.0
0.0014361851	0.13089876	0.0
0.001414588	0.10234516	0.0
0.0013686294	0.070914187	0.0
0.0012948602	0.037066106	0.0
0.0011983096	0.0014118113	0.0
0.0010754775	-0.035959695	0.0
0.000932361	-0.074387439	0.0
0.00077172759	-0.11323507	0.0
0.00059698656	-0.15203279	0.0
0.00040796457	-0.19014959	0.0
0.00021665264	-0.22715212	0.0
1.8044526e-05	-0.26231655	0.0
-0.00017577485	-0.29536271	0.0
-0.0003691075	-0.32575843	0.0
-0.00055625482	-0.35319436	0.0
-0.00073058141	-0.37722775	0.0
-0.00090242625	-0.39756998	0.0
-0.0010518831	-0.41399041	0.0
-0.0011992664	-0.42621124	0.0
-0.0013287643	-0.43403015	0.0
-0.0014385174	-0.43730235	0.0
-0.0015478836	-0.43587655	0.0
-0.0016292752	-0.42966112	0.0
-0.0017029982	-0.4185853	0.0
-0.0017620153	-0.40263513	0.0
-0.0018024869	-0.38185132	0.0
-0.001831218	-0.35633954	0.0
-0.001839844	-0.32634622	0.0
-0.0018386398	-0.29216468	0.0
-0.0018167514	-0.25408694	0.0
-0.0017837856	-0.21260612	0.0
-0.0017336628	-0.16821635	0.0
-0.0016694512	-0.12149402	0.0
-0.0015877173	-0.073159657	0.0
-0.0014943286	-0.023611272	0.0
-0.0013887474	0.026475763	0.0
-0.0012671103	0.076540299	0.0
-0.0011344082	0.12599754	0.0
-0.00098806061	0.17425576	0.0
-0.00083250221	0.22071949	0.0
-0.00066509552	0.2647585	0.0
-0.00049056165	0.30582044	0.0
-0.00030731974	0.34335229	0.0
-0.00011756016	0.3768695	0.0
7.0914684e-05	0.40601778	0.0
0.00026391377	0.43041652	0.0
0.00045050733	0.4497824	0.0
0.00063525379	0.46397471	0.0
0.00081285508	0.47281507	0.0
0.00098073692	0.47625703	0.0
0.0011388678	0.47425354	0.0
0.0012841315	0.46680903	0.0
0.0014156979	0.45397377	0.0
0.0015320705	0.43584001	0.0
0.0016296103	0.4125669	0.0
0.0017102432	0.38437405	0.0
0.0017722391	0.35155088	0.0
0.0018115601	0.31450698	0.0
0.0018293823	0.27365527	0.0
0.0018258434	0.22955669	0.0
0.0018032418	0.18273413	0.0
0.0017556582	0.13382342	0.0
0.0016895377	0.083455868	0.0
0.001601366	0.032213379	0.0
0.0014992112	-0.01931872	0.0
0.0013798908	-0.070519306	0.0
0.0012470289	-0.12073562	0.0
0.0011032354	-0.16954032	0.0
0.00095138507	-0.21599922	0.0
0.00079431391	-0.2597796	0.0
0.00063082215	-0.30028307	0.0
0.00047021153	-0.33691406	0.0
0.00030589689	-0.36930281	0.0
0.00014987764	-0.39705318	0.0
-3.5613702e-06	-0.41986892	0.0
-0.00015038298	-0.43751177	0.0
-0.00028217313	-0.44986513	0.0
-0.00040981246	-0.45678493	0.0
-0.00052582059	-0.45824718	0.0
-0.00062564568	-0.45422044	0.0
-0.00072422827	-0.44474727	0.0
-0.00080285245	-0.4298954	0.0
-0.00087440031	-0.40982565	0.0
-0.00093286193	-0.38465744	0.0
-0.00097869779	-0.35470703	0.0
-0.0010191895	-0.32036912	0.0
-0.0010440088	-0.2819626	0.0
-0.0010602784	-0.24004683	0.0
-0.0010656683	-0.19507091	0.0
-0.0010605102	-0.14759342	0.0
-0.0010475401	-0.098493434	0.0
-0.0010220271	-0.048091285	0.0
-0.00098921801	0.0028289934	0.0
-0.00094431097	0.05377759	0.0
-0.00088783511	0.10409152	0.0
-0.00082056993	0.1532003	0.0
-0.00074126176	0.20048986	0.0
-0.00064761704	0.24531616	0.0
-0.00054316071	0.28718293	0.0
-0.00042553444	0.32541734	0.0
-0.0002988296	0.35967597	0.0
-0.00016529973	0.38952985	0.0
-2.7080812e-05	0.41458297	0.0
0.00011452002	0.4346039	0.0
0.00025240213	0.44939476	0.0
0.00038859248	0.45883381	0.0
0.00051506946	0.46283334	0.0
0.00063663878	0.4613589	0.0
0.00074295473	0.45442364	0.0
0.00084242917	0.44207725	0.0
0.00091543252	0.42442283	0.0
0.00098354602	0.4016093	0.0
0.0010257579	0.37387428	0.0
0.0010575207	0.3414993	0.0
0.0010650052	0.30483887	0.0
0.0010555565	0.26436535	0.0
0.0010328093	0.22061275	0.0
0.00099230628	0.17411692	0.0
0.00094143196	0.12550178	0.0
0.00087780284	0.075514391	0.0
0.00080680969	0.024567634	0.0
0.00073119142	-0.026655287	0.0
0.00065245375	-0.077582009	0.0
0.00057240628	-0.12755837	0.0
0.00049330987	-0.1760821	0.0
0.00041540404	-0.22234063	0.0
0.00033880788	-0.26596493	0.0
0.00026433161	-0.30617625	0.0
0.00018940913	-0.3425889	0.0
0.0001206823	-0.37476811	0.0
4.6812158e-05	-0.40228423	0.0
-2.3310091e-05	-0.42492509	0.0
-8.9723966e-05	-0.44225556	0.0
-0.00016126203	-0.45435771	0.0
-0.00022085175	-0.46098295	0.0
-0.00028670963	-0.46215123	0.0
-0.00034315963	-0.45784923	0.0
-0.00039482131	-0.44808677	0.0
-0.00044178651	-0.43294558	0.0
-0.00047085059	-0.41249174	0.0
-0.00049794849	-0.38702112	0.0
-0.00050185272	-0.35677907	0.0
-0.00049146311	-0.32215241	0.0
-0.00046036229	-0.28331563	0.0
-0.00040392924	-0.24098852	0.0
-0.00033128468	-0.19570117	0.0
-0.00022962301	-0.14794521	0.0
-0.00010729546	-0.09854041	0.0
3.6979691e-05	-0.047930911	0.0
0.00020026232	0.0032703446	0.0
0.00038035089	0.05443383	0.0
0.00057500426	0.10503598	0.0
0.00078153034	0.15428188	0.0
0.00099226111	0.20185657	0.0
0.001209737	0.24673836	0.0
0.0014237382	0.28872561	0.0
0.001628966	0.32709792	0.0
0.0018330025	0.36139551	0.0
0.0020120062	0.39124277	0.0
0.0021811696	0.4162719	0.0
0.0023245513	0.43625388	0.0
0.002441552	0.45097834	0.0
0.0025426783	0.46033195	0.0
0.0026045255	0.46424043	0.0
0.0026529441	0.46266687	0.0
0.0026615171	0.45562705	0.0
0.0026493475	0.44314915	0.0
0.0026161207	0.42537439	0.0
0.0025487652	0.40243238	0.0
0.002468464	0.37459612	0.0
0.0023567483	0.3421025	0.0
0.0022304321	0.30537918	0.0
0.0020855635	0.26482767	0.0
0.0019202017	0.22098231	0.0
0.0017466337	0.17442085	0.0
0.0015555567	0.12581034	0.0
0.0013571159	0.075655259	0.0
0.0011468533	0.024626786	0.0
0.00093448395	-0.026666112	0.0
0.0007163902	-0.077670947	0.0
0.00049594411	-0.12774715	0.0
0.00027605167	-0.17631385	0.0
5.8883739e-05	-0.22274363	0.0
-0.00015702423	-0.2665143	0.0
-0.00036660276	-0.3068136	0.0
-0.00056753989	-0.34338012	0.0
-0.0007655801	-0.3756575	0.0
-0.00094270363	-0.40331706	0.0
-0.0011172593	-0.4259997	0.0
-0.0012709263	-0.443535	0.0
-0.0014077134	-0.45572278	0.0
-0.0015411403	-0.46244812	0.0
-0.0016395315	-0.46369335	0.0
-0.0017420946	-0.45942149	0.0
-0.0018085812	-0.44966739	0.0
-0.001871225	-0.43451753	0.0
-0.0019116338	-0.41409129	0.0
-0.0019254159	-0.38857535	0.0
-0.0019309812	-0.3582963	0.0
-0.0019091661	-0.32353216	0.0
-0.0018681017	-0.28473514	0.0
-0.0018100198	-0.24238198	0.0
-0.0017272718	-0.19700877	0.0
-0.0016331952	-0.14921601	0.0
-0.0015169698	-0.099622168	0.0
-0.0013889121	-0.049053475	0.0
-0.0012464579	0.0021913843	0.0
-0.0010943	0.053385168	0.0
-0.00093242788	0.10395905	0.0
-0.00076256797	0.15328063	0.0
-0.00058947515	0.20072995	0.0
-0.00041263751	0.2457504	0.0
-0.00023744603	0.28775436	0.0
-6.2455481e-05	0.32608426	0.0
0.00011018601	0.36039558	0.0
0.00027231089	0.39026833	0.0
0.00042961715	0.41530201	0.0
0.00057449634	0.43532518	0.0
0.00070461212	0.45005843	0.0
0.00082793913	0.45943764	0.0
0.00092915527	0.46336797	0.0
0.0010242446	0.46181834	0.0
0.0010948586	0.45481449	0.0
0.0011514883	0.4424009	0.0
0.0011930778	0.42466772	0.0
0.0012083305	0.40178835	0.0
0.0012144798	0.37398407	0.0
0.0011909829	0.34152022	0.0
0.0011506168	0.30488938	0.0
0.0010917973	0.2644082	0.0
0.0010070609	0.22064902	0.0
0.00090851268	0.17415747	0.0
0.00078809186	0.12555127	0.0
0.00065784052	0.075436957	0.0
0.00050967932	0.024454413	0.0
0.00035146947	-0.026672252	0.0
0.00018201098	-0.07761272	0.0
5.5856717e-06	-0.12761489	0.0
-0.00017939207	-0.17619032	0.0
-0.00036510921	-0.22255792	0.0
-0.00055911834	-0.2662096	0.0
-0.00074705575	-0.30664083	0.0
-0.00094007247	-0.34324706	0.0
-0.0011261331	-0.37558782	0.0
-0.0013058552	-0.40333959	0.0
-0.0014794329	-0.42608741	0.0
-0.0016342748	-0.44374344	0.0
-0.0017848324	-0.45603535	0.0
-0.0019086273	-0.46293989	0.0
-0.0020223083	-0.46433958	0.0
-0.0021172303	-0.46025911	0.0
-0.0021831244	-0.45070806	0.0
-0.0022415938	-0.43576115	0.0
-0.0022600777	-0.41553193	0.0
-0.0022709891	-0.39023504	0.0
-0.0022437549	-0.36009568	0.0
-0.0022030242	-0.3254551	0.0
-0.0021329867	-0.2868191	0.0
-0.0020423306	-0.24457836	0.0
-0.0019337262	-0.19931075	0.0
-0.0018035225	-0.15153718	0.0
-0.0016591646	-0.10205396	0.0
-0.0015035467	-0.051331375	0.0
-0.0013372471	2.677116e-05	0.0
-0.0011634348	0.051348314	0.0
-0.00098603975	0.1021011	0.0
-0.00080577726	0.1515664	0.0
-0.00062512461	0.19925556	0.0
-0.00044814087	0.24444273	0.0
-0.00027289518	0.28674406	0.0
-0.00010428786	0.32516465	0.0
5.5745768e-05	0.35965562	0.0
0.00021085763	0.38970664	0.0
0.00035030578	0.41492817	0.0
0.00048561255	0.43508181	0.0
0.00060215761	0.45000726	0.0
0.00071239116	0.45953903	0.0
0.0008079384	0.46361762	0.0
0.00089011376	0.46220863	0.0
0.00096487114	0.45528632	0.0
0.0010181471	0.4429689	0.0
0.0010699908	0.42533445	0.0
0.0011032099	0.40252352	0.0
0.0011252052	0.37484154	0.0
0.0011402778	0.3425104	0.0
0.0011321218	0.30589867	0.0
0.0011239354	0.26550764	0.0
0.0010929737	0.22175981	0.0
0.0010550653	0.17532454	0.0
0.0010013524	0.12685454	0.0
0.00093492551	0.0767961	0.0
0.00085652393	0.025830781	0.0
0.00075954746	-0.025370833	0.0
0.00065221015	-0.076270305	0.0
0.00052722765	-0.12630713	0.0
0.00038805263	-0.17483038	0.0
0.00023033824	-0.22120541	0.0
6.2166066e-05	-0.26490608	0.0
-0.00012784218	-0.30525362	0.0
-0.00032997207	-0.34185585	0.0
-0.0005391498	-0.37423748	0.0
-0.00076569989	-0.40193561	0.0
-0.00098748808	-0.42475951	0.0
-0.0012171275	-0.4424026	0.0
-0.0014359785	-0.45477033	0.0
-0.0016516007	-0.4616859	0.0
-0.00186037	-0.46313649	0.0
-0.0020392924	-0.45909369	0.0
-0.0022163556	-0.4496097	0.0
-0.002355091	-0.43472347	0.0
-0.0024774242	-0.41459873	0.0
-0.0025732659	-0.38939247	0.0
-0.0026325751	-0.3593666	0.0
-0.0026671083	-0.32491896	0.0
-0.0026636668	-0.28637573	0.0
-0.0026335055	-0.24430394	0.0
-0.0025674696	-0.19919999	0.0
-0.0024791653	-0.15158668	0.0
-0.002356238	-0.10226829	0.0
-0.002211259	-0.051694781	0.0
-0.002044098	-0.00062397338	0.0
-0.0018539173	0.050525285	0.0
-0.001646478	0.10096721	0.0
-0.0014234812	0.15027422	0.0
-0.0011888202	0.19771513	0.0
-0.00094130653	0.2427544	0.0
-0.00069272425	0.2847876	0.0
-0.00043345874	0.32324687	0.0
-0.00018486028	0.357705	0.0
6.4639549e-05	0.38769788	0.0
0.00030027877	0.41294238	0.0
0.00052103912	0.43311375	0.0
0.00072848168	0.44805127	0.0
0.00091010524	0.45763543	0.0
0.0010789536	0.46175897	0.0
0.0012166341	0.46042171	0.0
0.0013388417	0.45361668	0.0
0.0014353573	0.44139856	0.0
0.0015123526	0.42385149	0.0
0.0015699434	0.40111655	0.0
0.0016054611	0.37352905	0.0
0.0016279337	0.34123045	0.0
0.0016323342	0.30469453	0.0
0.0016250354	0.26434377	0.0
0.0016064552	0.22071426	0.0
0.0015756753	0.17430505	0.0
0.0015387264	0.12584965	0.0
0.00149051	0.075827107	0.0
0.0014376717	0.024831386	0.0
0.0013743611	-0.026229268	0.0
0.0013029906	-0.077097438	0.0
0.00122193	-0.12713832	0.0
0.0011291156	-0.17551593	0.0
0.001025632	-0.22184272	0.0
0.00091100874	-0.26541445	0.0
0.00078208384	-0.30565724	0.0
0.00064503268	-0.34209979	0.0
0.00049705658	-0.37425858	0.0
0.00034366624	-0.40178695	0.0
0.00018488115	-0.42442638	0.0
2.4802044e-05	-0.4418506	0.0
-0.00013354914	-0.45395568	0.0
-0.0002872397	-0.46065113	0.0
-0.00043264803	-0.4618758	0.0
-0.00057054072	-0.45761415	0.0
-0.00069698633	-0.44789857	0.0
-0.00081114128	-0.43280312	0.0
-0.00091036211	-0.41242868	0.0
-0.0009979048	-0.38709524	0.0
-0.001065196	-0.35692304	0.0
-0.0011187791	-0.32234639	0.0
-0.0011506582	-0.28374633	0.0
-0.0011673619	-0.24160373	0.0
-0.0011615816	-0.19645227	0.0
-0.0011411437	-0.14890212	0.0
-0.001100982	-0.099499598	0.0
-0.0010457503	-0.049018074	0.0
-0.00097583135	0.0021131933	0.0
-0.00089169457	0.053194594	0.0
-0.00079644402	0.10376229	0.0
-0.00069026975	0.1529907	0.0
-0.00057430315	0.20042805	0.0
-0.0004511817	0.24541613	0.0
-0.00032243904	0.28743088	0.0
-0.00019122887	0.32584214	0.0
-5.6508077e-05	0.36025417	0.0
7.5628843e-05	0.39023736	0.0
0.00020630639	0.41542327	0.0
0.00033422574	0.43557146	0.0
0.00045250435	0.45048815	0.0
0.00057119899	0.46001366	0.0
0.00067229732	0.46409512	0.0
0.00077345315	0.46267855	0.0
0.00086297875	0.4557915	0.0
0.0009336861	0.44348523	0.0
0.001010522	0.42585045	0.0
0.0010579065	0.40306363	0.0
0.0011025895	0.37531331	0.0
0.0011279343	0.3429662	0.0
0.001137825	0.30632538	0.0
0.0011373321	0.26584011	0.0
0.0011101961	0.22211592	0.0
0.0010762911	0.17561163	0.0
0.0010196195	0.12699178	0.0
0.00094948907	0.076900668	0.0
0.00086702412	0.025920128	0.0
0.00076533342	-0.025548609	0.0
0.0006541675	-0.076350331	0.0
0.00053146516	-0.12639862	0.0
0.00039909591	-0.17515588	0.0
0.0002595041	-0.22157301	0.0
0.00011488212	-0.26514113	0.0
-3.4383651e-05	-0.30554399	0.0
-0.00018204789	-0.34215331	0.0
-0.00032934931	-0.37458766	0.0
-0.0004716785	-0.40229991	0.0
-0.00060709257	-0.42508551	0.0
-0.0007403887	-0.44271347	0.0
-0.00085326651	-0.45503536	0.0
-0.00096437283	-0.46192867	0.0
-0.0010592443	-0.46335959	0.0
-0.0011425468	-0.4593114	0.0
-0.0012153612	-0.44979331	0.0
-0.0012682297	-0.43492779	0.0
-0.0013148369	-0.41479856	0.0
-0.0013409319	-0.38956374	0.0
-0.0013516985	-0.35958886	0.0
-0.0013493922	-0.32511702	0.0
-0.0013261738	-0.28657627	0.0
-0.0012943676	-0.24448156	0.0
-0.0012424178	-0.19932716	0.0
-0.0011767978	-0.15175505	0.0
-0.0010991117	-0.10234284	0.0
-0.0010026413	-0.051716924	0.0
-0.00089667266	-0.00040640886	0.0
-0.00077534467	0.050761037	0.0
-0.00064219825	0.10139982	0.0
-0.0004977847	0.15088135	0.0
-0.00034354886	0.1985238	0.0
-0.00017965022	0.24372566	0.0
-9.7508455e-06	0.28596187	0.0
0.00016770652	0.32461035	0.0
0.0003493079	0.35923406	0.0
0.00052806857	0.3894251	0.0
0.000710461	0.41476741	0.0
0.00088180508	0.43507805	0.0
0.0010517985	0.45013767	0.0
0.0012069138	0.45980433	0.0
0.0013545702	0.46402189	0.0
0.0014852552	0.46273389	0.0
0.0016016177	0.45594895	0.0
0.0016971286	0.44371197	0.0
0.0017754283	0.42615539	0.0
0.0018349343	0.40340626	0.0
0.0018680987	0.37566537	0.0
0.0018841326	0.34329635	0.0
0.0018805477	0.30657113	0.0
0.0018495354	0.26612422	0.0
0.0018089814	0.22235045	0.0
0.0017424942	0.17580336	0.0
0.0016696756	0.12713094	0.0
0.0015774547	0.076933004	0.0
0.0014760395	0.02581913	0.0
0.0013686636	-0.025571732	0.0
0.0012544953	-0.07668142	0.0
0.0011396024	-0.12684762	0.0
0.0010242613	-0.17552881	0.0
0.0009122254	-0.22205013	0.0
0.00080005988	-0.26582587	0.0
0.00070078357	-0.30632424	0.0
0.00059602066	-0.34296462	0.0
0.00051084935	-0.37545782	0.0
0.00042957906	-0.40320098	0.0
0.00035646805	-0.42600757	0.0
0.00030143073	-0.44368434	0.0
0.00024572763	-0.45604372	0.0
0.00021707721	-0.46296734	0.0
0.00018594712	-0.46440595	0.0
0.00017567789	-0.46034425	0.0
0.00017583142	-0.4508242	0.0
0.0001832181	-0.43590996	0.0
0.00020904944	-0.41570449	0.0
0.00023681953	-0.39048609	0.0
0.00028723688	-0.36042139	0.0
0.00033862333	-0.32590473	0.0
0.00040481103	-0.28728688	0.0
0.00047968802	-0.24517792	0.0
0.00056244916	-0.20001632	0.0
0.00065566262	-0.1524103	0.0
0.00075102173	-0.10302079	0.0
0.00085834542	-0.052334774	0.0
0.00096599886	-0.0012350962	0.0
0.0010750379	0.049994636	0.0
0.0011849989	0.10048172	0.0
0.0012956751	0.14975689	0.0
0.0014002142	0.19722924	0.0
0.0015009777	0.24228278	0.0
0.0015907078	0.28429073	0.0
0.0016704345	0.32276982	0.0
0.0017374229	0.35722479	0.0
0.0017857329	0.38721126	0.0
0.0018231049	0.41241559	0.0
0.0018308422	0.43260252	0.0
0.0018287537	0.44754794	0.0
0.0018023889	0.4571524	0.0
0.0017575874	0.46129501	0.0
0.001698727	0.45997593	0.0
0.0016215248	0.45318022	0.0
0.0015331203	0.44099122	0.0
0.0014314436	0.42347249	0.0
0.0013209754	0.40077353	0.0
0.001205033	0.37314561	0.0
0.0010779829	0.34084436	0.0
0.00095175346	0.30442378	0.0
0.00082002825	0.26412454	0.0
0.00068358576	0.22055063	0.0
0.00055054302	0.17422046	0.0
0.00041172194	0.12579052	0.0
0.00027069103	0.075880624	0.0
0.00012934738	0.025107492	0.0
-1.4395474e-05	-0.02597468	0.0
-0.00016133534	-0.076661162	0.0
-0.00031086025	-0.12652624	0.0
-0.00046263434	-0.17492788	0.0
-0.00061700784	-0.22109878	0.0
-0.0007706756	-0.26455075	0.0
-0.00092276098	-0.30476645	0.0
-0.001071946	-0.34120175	0.0
-0.00121175	-0.37340084	0.0
-0.0013427709	-0.40098724	0.0
-0.001461749	-0.42365813	0.0
-0.0015641676	-0.4411878	0.0
-0.0016468457	-0.45342141	0.0
-0.0017126473	-0.46026835	0.0
-0.0017554547	-0.46164247	0.0
-0.0017746228	-0.4575519	0.0
-0.0017759944	-0.44801438	0.0
-0.0017440964	-0.43309128	0.0
-0.0017012808	-0.41297403	0.0
-0.0016283848	-0.38777092	0.0
-0.0015392737	-0.35780489	0.0
-0.0014318451	-0.32328427	0.0
-0.0013037862	-0.28494102	0.0
-0.0011632756	-0.24296317	0.0
-0.0010109287	-0.19776189	0.0
-0.00084675913	-0.15053639	0.0
-0.00068053056	-0.10114198	0.0
-0.00050323375	-0.050862774	0.0
-0.00032734746	0.00030648417	0.0
-0.0001495133	0.051303227	0.0
2.3761535e-05	0.10176762	0.0
0.00019393682	0.15103285	0.0
0.00035544281	0.19849698	0.0
0.00051068945	0.24352789	0.0
0.00065629173	0.28562292	0.0
0.00078783667	0.32411748	0.0
0.00091357355	0.35856545	0.0
0.0010182576	0.38860017	0.0
0.0011149303	0.41388327	0.0
0.0011987515	0.43415138	0.0
0.0012641486	0.4491927	0.0
0.0013243953	0.4588744	0.0
0.0013607276	0.46312207	0.0
0.0013951999	0.46189526	0.0
0.0014056206	0.45520294	0.0
0.0014099516	0.44307199	0.0
0.0013979481	0.42565209	0.0
0.0013667191	0.40303794	0.0
0.0013292179	0.37550193	0.0
0.0012643794	0.34331426	0.0
0.0011925714	0.30678657	0.0
0.0010992131	0.26654691	0.0
0.00098792778	0.2228899	0.0
0.00086703169	0.17655075	0.0
0.00072716986	0.12799104	0.0
0.00057724991	0.07793574	0.0
0.00041513966	0.026976138	0.0
0.00024373352	-0.024337258	0.0
6.6944143e-05	-0.075357176	0.0
-0.0001144341	-0.12549397	0.0
-0.00029770963	-0.17413226	0.0
-0.00048060753	-0.22063622	0.0
-0.00066208525	-0.26442125	0.0
-0.00083935208	-0.30491662	0.0
-0.0010081244	-0.34170595	0.0
-0.0011768622	-0.37412721	0.0
-0.0013253045	-0.40194967	0.0
-0.0014724643	-0.4248518	0.0
-0.0016011456	-0.44260123	0.0
-0.0017149934	-0.45502397	0.0
-0.0018204019	-0.46201569	0.0
-0.0019015772	-0.46353149	0.0
-0.0019734376	-0.45954958	0.0
-0.0020266739	-0.45008698	0.0
-0.0020669831	-0.43528253	0.0
-0.0020892087	-0.41521311	0.0
-0.0020948586	-0.39006993	0.0
-0.0020861793	-0.36009589	0.0
-0.0020600264	-0.32569697	0.0
-0.0020171886	-0.28720415	0.0
-0.0019610345	-0.24518445	0.0
-0.0018874821	-0.20010325	0.0
-0.0018007731	-0.15252814	0.0
-0.0016992901	-0.10330358	0.0
-0.0015844628	-0.052771442	0.0
-0.0014558657	-0.0016576605	0.0
-0.0013154447	0.049462393	0.0
-0.0011623291	0.10002003	0.0
-0.00099889061	0.14924435	0.0
-0.00082515948	0.19672173	0.0
-0.00064183178	0.2417727	0.0
-0.00044905918	0.28384262	0.0
-0.00025449941	0.32238334	0.0
-5.2838852e-05	0.35690603	0.0
0.00014853725	0.38698334	0.0
0.00034441534	0.41228884	0.0
0.00053462287	0.43257865	0.0
0.00071571051	0.44768214	0.0
0.00088387518	0.457389	0.0
0.0010355588	0.46169227	0.0
0.0011708817	0.46052927	0.0
0.0012847091	0.45392233	0.0
0.0013746294	0.44191334	0.0
0.0014480206	0.42459062	0.0
0.0014898861	0.40211287	0.0
0.0015117041	0.37469423	0.0
0.0015055359	0.3426286	0.0
0.0014773041	0.30629739	0.0
0.0014259169	0.26615125	0.0
0.0013488282	0.22261384	0.0
0.0012569041	0.17626505	0.0
0.001147717	0.12785429	0.0
0.0010227266	0.07784009	0.0
0.00089198106	0.026935916	0.0
0.00074908428	-0.024342688	0.0
0.00060463225	-0.075437307	0.0
0.000457419	-0.12552992	0.0
0.00031169766	-0.17414616	0.0
0.00016810381	-0.22070266	0.0
2.9997245e-05	-0.26456842	0.0
-0.00010724604	-0.30511862	0.0
-0.00023115848	-0.34191483	0.0
-0.00035175317	-0.37444487	0.0
-0.00046086474	-0.40233231	0.0
-0.00055943144	-0.42527458	0.0
-0.00065115676	-0.44304958	0.0
-0.00072914531	-0.45549959	0.0
-0.0008018972	-0.46251506	0.0
-0.00086184806	-0.46402678	0.0
-0.00091793679	-0.46003854	0.0
-0.00096253381	-0.45057464	0.0
-0.00099309825	-0.43569168	0.0
-0.0010275977	-0.41560078	0.0
-0.0010370704	-0.39037427	0.0
-0.0010481753	-0.36035758	0.0
-0.0010432955	-0.32583037	0.0
-0.0010259832	-0.28731647	0.0
-0.0010011371	-0.24521855	0.0
-0.00095631281	-0.20008543	0.0
-0.00090509228	-0.15247682	0.0
-0.00083850202	-0.10297108	0.0
-0.00076179375	-0.052442424	0.0
-0.00067630038	-0.0011977862	0.0
-0.00058255281	0.04997183	0.0
-0.0004842552	0.10056564	0.0
-0.00038387196	0.1500106	0.0
-0.00028221856	0.19764423	0.0
-0.00018280919	0.24285392	0.0
-8.8976958e-05	0.28504625	0.0
1.3043436e-06	0.3237727	0.0
8.0386279e-05	0.35838395	0.0
0.00015572985	0.38856751	0.0
0.00021780955	0.4140178	0.0
0.00027104976	0.43440136	0.0
0.00031636958	0.44956622	0.0
0.00034607929	0.45935309	0.0
0.00037389781	0.46368137	0.0
0.00038139493	0.46252418	0.0
0.00038876367	0.45588765	0.0
0.00038423369	0.44376549	0.0
0.00036786505	0.4264046	0.0
0.00035163894	0.40383786	0.0
0.00032006545	0.37630436	0.0
0.00028550677	0.34411916	0.0
0.00024217824	0.30747995	0.0
0.00019002885	0.26723897	0.0
0.00013264672	0.22360557	0.0
7.0737107e-05	0.17724699	0.0
-9.3981794e-07	0.12872644	0.0
-7.4340169e-05	0.078681648	0.0
-0.00015419615	0.027732808	0.0
-0.00023510093	-0.023494121	0.0
-0.00031969926	-0.074511245	0.0
-0.00040177899	-0.12453267	0.0
-0.00048293572	-0.17303637	0.0
-0.00055768364	-0.21946828	0.0
-0.00063016417	-0.26317933	0.0
-0.00069624191	-0.3036204	0.0
-0.00075121433	-0.34030443	0.0
-0.00080260087	-0.37272048	0.0
-0.00083863386	-0.40056169	0.0
-0.00086967554	-0.42349222	0.0
-0.00088937936	-0.44128647	0.0
-0.00089884008	-0.45379284	0.0
-0.00090463192	-0.46087661	0.0
-0.00089388201	-0.46251798	0.0
-0.00088353973	-0.4586764	0.0
-0.00086242607	-0.44940087	0.0
-0.00083123409	-0.43474102	0.0
-0.00079853402	-0.4148306	0.0
-0.00075359351	-0.38984299	0.0
-0.0007044333	-0.36000174	0.0
-0.00064748386	-0.32575798	0.0
-0.00058360037	-0.28737214	0.0
-0.00051364093	-0.24540652	0.0
-0.00043900305	-0.20036599	0.0
-0.00035562215	-0.15286751	0.0
-0.00026429797	-0.10351623	0.0
-0.00016327719	-0.052951157	0.0
-5.5207183e-05	-0.0018008942	0.0
6.3732048e-05	0.049373437	0.0
0.00019190057	0.10003175	0.0
0.000331319	0.14939317	0.0
0.00048057409	0.19694206	0.0
0.00063826097	0.24209334	0.0
0.00080397661	0.28428227	0.0
0.00097733922	0.32286772	0.0
0.0011478293	0.35746089	0.0
0.0013223952	0.38758168	0.0
0.0014876244	0.41294819	0.0
0.0016458069	0.43325421	0.0
0.001795201	0.44832578	0.0
0.001925298	0.45804822	0.0
0.0020433979	0.46231061	0.0
0.0021391297	0.461117	0.0
0.0022161743	0.45444506	0.0
0.0022699821	0.4423894	0.0
0.0023006846	0.42500064	0.0
0.0023088718	0.40245694	0.0
0.0022899329	0.37495014	0.0
0.0022457999	0.34284025	0.0
0.002180361	0.30642873	0.0
0.0020887079	0.26612845	0.0
0.0019762539	0.22263891	0.0
0.0018442466	0.17632362	0.0
0.0016918293	0.12788638	0.0
0.0015236153	0.077925168	0.0
0.0013428105	0.027036468	0.0
0.0011468992	-0.024232181	0.0
0.00094183226	-0.075083688	0.0
0.00072719122	-0.12510672	0.0
0.00050997554	-0.17368898	0.0
0.0002863929	-0.22004382	0.0
6.6894892e-05	-0.26368397	0.0
-0.00015190225	-0.30404434	0.0
-0.00036374456	-0.34064734	0.0
-0.00056419394	-0.37302133	0.0
-0.00075461506	-0.40071958	0.0
-0.000924522	-0.42352605	0.0
-0.0010768869	-0.44118109	0.0
-0.001211665	-0.45354444	0.0
-0.0013198159	-0.46050191	0.0
-0.0014160872	-0.46199352	0.0
-0.0014799392	-0.45801601	0.0
-0.0015290611	-0.44859838	0.0
-0.0015557767	-0.43381545	0.0
-0.0015585321	-0.41378251	0.0
-0.0015467302	-0.38865283	0.0
-0.0015098377	-0.35881361	0.0
-0.0014576003	-0.32448623	0.0
-0.0013891433	-0.28616452	0.0
-0.0012982105	-0.24426942	0.0
-0.0011997835	-0.19934884	0.0
-0.0010815206	-0.15197232	0.0
-0.00095607649	-0.10275416	0.0
-0.00081972516	-0.052295875	0.0
-0.00067839236	-0.0013218177	0.0
-0.00053135847	0.049711797	0.0
-0.00038352673	0.10018595	0.0
-0.00023479007	0.14948811	0.0
-8.9282265e-05	0.19703071	0.0
5.3713542e-05	0.24216074	0.0
0.00019262769	0.28431314	0.0
0.00032526496	0.3229644	0.0
0.00045339708	0.35760146	0.0
0.00057205051	0.38785633	0.0
0.00068705704	0.41339305	0.0
0.0007931054	0.43383378	0.0
0.00088985084	0.44906124	0.0
0.00098264357	0.45893931	0.0
0.0010619286	0.46338069	0.0
0.0011368049	0.46233863	0.0
0.0012001586	0.4558236	0.0
0.0012524679	0.44387215	0.0
0.0012991177	0.42658946	0.0
0.0013250767	0.40410963	0.0
0.0013406117	0.37670353	0.0
0.0013352659	0.34459588	0.0
0.0013145941	0.30819052	0.0
0.0012762526	0.26790401	0.0
0.0012096377	0.22431612	0.0
0.001127932	0.17793287	0.0
0.0010226376	0.12926258	0.0
0.00090090121	0.079271369	0.0
0.00076047174	0.028163355	0.0
0.0006068481	-0.023134336	0.0
0.00044399779	-0.074189395	0.0
0.00027068739	-0.12438146	0.0
9.6747128e-05	-0.17324993	0.0
-7.9612451e-05	-0.21972519	0.0
-0.00025057237	-0.26357973	0.0
-0.00041995323	-0.30415645	0.0
-0.00057447667	-0.34097448	0.0
-0.00072109024	-0.37351531	0.0
-0.00085444667	-0.40143549	0.0
-0.00096218346	-0.42443767	0.0
-0.001064981	-0.44226131	0.0
-0.0011402346	-0.45477083	0.0
-0.0011984464	-0.46187079	0.0
-0.0012437577	-0.46344897	0.0
-0.0012596349	-0.45954821	0.0
-0.0012706718	-0.45017302	0.0
-0.0012526747	-0.43538406	0.0
-0.0012330081	-0.41539481	0.0
-0.0011867023	-0.39028314	0.0
-0.0011344135	-0.36039448	0.0
-0.0010699778	-0.32602927	0.0
-0.00098983198	-0.28757286	0.0
-0.00090294075	-0.24556869	0.0
-0.00080707954	-0.20052712	0.0
-0.00070105027	-0.15304837	0.0
-0.00058742997	-0.10374119	0.0
-0.0004661172	-0.053176768	0.0
-0.00033934601	-0.0020956418	0.0
-0.00020699044	0.049041681	0.0
-7.0128575e-05	0.099554576	0.0
7.4057403e-05	0.14890981	0.0
0.00021919356	0.19645023	0.0
0.00036626786	0.24157289	0.0
0.00051657396	0.28370646	0.0
0.00066347176	0.322292	0.0
0.00080796581	0.35684764	0.0
0.00094632141	0.38699025	0.0
0.001075914	0.41240302	0.0
0.0011892167	0.4327074	0.0
0.001291732	0.44781721	0.0
0.0013684838	0.45759565	0.0
0.0014353427	0.46192127	0.0
0.0014720998	0.46078476	0.0
0.0014912904	0.45418009	0.0
0.0014852643	0.44217432	0.0
0.0014563703	0.42485115	0.0
0.0014021777	0.40236363	0.0
0.0013232504	0.37494168	0.0
0.0012220287	0.3428748	0.0
0.0011032652	0.3065545	0.0
0.00096277433	0.26637179	0.0
0.00080743677	0.22294825	0.0
0.00063968106	0.17670876	0.0
0.00045773864	0.12824798	0.0
0.00026992706	0.078366175	0.0
7.7040117e-05	0.027500657	0.0
-0.00011893592	-0.02364683	0.0
-0.00031263492	-0.074509464	0.0
-0.00050499232	-0.12460976	0.0
-0.00069259678	-0.17316604	0.0
-0.00087229355	-0.21966852	0.0
-0.0010411517	-0.26347256	0.0
-0.0011989984	-0.30403069	0.0
-0.0013397643	-0.34083304	0.0
-0.0014729663	-0.37340057	0.0
-0.0015767245	-0.4013851	0.0
-0.0016760385	-0.42443812	0.0
-0.0017467745	-0.44238976	0.0
-0.001805248	-0.45495301	0.0
-0.0018450622	-0.46211952	0.0
-0.0018552592	-0.46381718	0.0
-0.0018674774	-0.46001342	0.0
-0.0018403394	-0.45075104	0.0
-0.0018141163	-0.43609825	0.0
-0.0017608501	-0.41616768	0.0
-0.0016892472	-0.39115396	0.0
-0.0016083526	-0.36130229	0.0
-0.0015010394	-0.32701391	0.0
-0.0013890992	-0.28862911	0.0
-0.0012488881	-0.24664983	0.0
-0.001100892	-0.20161343	0.0
-0.00093807961	-0.15413171	0.0
-0.0007626572	-0.10479457	0.0
-0.00057941588	-0.054256447	0.0
-0.00038898026	-0.0030297278	0.0
-0.00019494504	0.048082631	0.0
-3.7124278e-07	0.098719411	0.0
0.00019252794	0.14823498	0.0
0.00038096029	0.19585763	0.0
0.00056591467	0.24109228	0.0
0.00074353884	0.28335932	0.0
0.00090493215	0.3221209	0.0
0.001061017	0.35687235	0.0
0.0012025721	0.38721788	0.0
0.0013299846	0.41279584	0.0
0.0014460477	0.4333519	0.0
0.0015419325	0.44867995	0.0
0.001629355	0.4586592	0.0
0.0016965952	0.46317396	0.0
0.001755423	0.4622142	0.0
0.0017920948	0.45578527	0.0
0.0018208307	0.44392768	0.0
0.001828939	0.4267312	0.0
0.0018252141	0.40436167	0.0
0.0018032589	0.37702131	0.0
0.0017657079	0.34494817	0.0
0.0017073437	0.30871329	0.0
0.0016313733	0.26850364	0.0
0.0015382476	0.22506553	0.0
0.0014240515	0.17876725	0.0
0.0012946506	0.13037208	0.0
0.0011500642	0.080367178	0.0
0.00098813686	0.029424861	0.0
0.00081636966	-0.021852154	0.0
0.00063413248	-0.072893091	0.0
0.00044305032	-0.12306718	0.0
0.00024681998	-0.17175397	0.0
4.5584318e-05	-0.21838577	0.0
-0.00015576744	-0.26218438	0.0
-0.00035613496	-0.30273667	0.0
-0.00055866723	-0.33950305	0.0
-0.00074697338	-0.37206835	0.0
-0.00093587197	-0.3999247	0.0
-0.0011097714	-0.42288336	0.0
-0.0012714957	-0.44067144	0.0
-0.001422419	-0.4531343	0.0
-0.0015500896	-0.46017379	0.0
-0.0016724122	-0.46171418	0.0
-0.0017640579	-0.45776537	0.0
-0.0018478631	-0.44835183	0.0
-0.0019066327	-0.43355319	0.0
-0.0019429135	-0.41350022	0.0
-0.0019677819	-0.38835871	0.0
-0.0019569185	-0.35848448	0.0
-0.0019355174	-0.32414815	0.0
-0.0018842552	-0.28575948	0.0
-0.0018121308	-0.24383138	0.0
-0.0017207589	-0.19887583	0.0
-0.0016013782	-0.15125144	0.0
-0.0014703292	-0.10227607	0.0
-0.0013142407	-0.051838957	0.0
-0.0011445436	-0.00089899619	0.0
-0.00096018659	0.050068852	0.0
-0.00076399662	0.100431	0.0
-0.00055586855	0.14958926	0.0
-0.0003393864	0.19695467	0.0
-0.00011733694	0.2418786	0.0
0.00011140154	0.28383708	0.0
0.00033767076	0.32239348	0.0
0.00057092577	0.35678914	0.0
0.00078967243	0.38682443	0.0
0.0010108958	0.41212794	0.0
0.0012193446	0.43238291	0.0
0.001408542	0.44745779	0.0
0.0015897958	0.45721444	0.0
0.0017392241	0.46156034	0.0
0.0018772243	0.46046886	0.0
0.0019813364	0.45394823	0.0
0.0020632334	0.44204456	0.0
0.0021140098	0.42483133	0.0
0.0021321019	0.40245605	0.0
0.0021236157	0.37517932	0.0
0.0020753571	0.34323457	0.0
0.0020047307	0.30703172	0.0
0.0018970225	0.26695874	0.0
0.001761079	0.22358817	0.0
0.0016020193	0.17736857	0.0
0.0014151699	0.12910058	0.0
0.0012124819	0.079233311	0.0
0.00098781299	0.028303411	0.0
0.00075347762	-0.022718709	0.0
0.00050546793	-0.073645666	0.0
0.00025022993	-0.12359469	0.0
-9.5967916e-06	-0.17210503	0.0
-0.00026936491	-0.21859144	0.0
-0.00052788382	-0.26229799	0.0
-0.00077860797	-0.30281484	0.0
-0.0010212415	-0.33953813	0.0
-0.0012532561	-0.37204766	0.0
-0.001463443	-0.39997116	0.0
-0.0016610713	-0.42297626	0.0
-0.0018319783	-0.44085792	0.0
-0.0019825536	-0.45343351	0.0
-0.0021084459	-0.46061242	0.0
-0.0022080147	-0.46231842	0.0
-0.0022830819	-0.45855865	0.0
-0.0023324597	-0.44934919	0.0
-0.0023536722	-0.43475157	0.0
-0.0023534559	-0.41489255	0.0
-0.0023200295	-0.38993052	0.0
-0.0022723116	-0.36019969	0.0
-0.0021951091	-0.32595757	0.0
-0.0020942867	-0.2875782	0.0
-0.0019808821	-0.24574108	0.0
-0.0018430331	-0.2007416	0.0
-0.001696243	-0.15331751	0.0
-0.0015330974	-0.10402199	0.0
-0.0013613646	-0.053496934	0.0
-0.001179354	-0.0023326168	0.0
-0.00098935678	0.048827723	0.0
-0.00079435849	0.099421531	0.0
-0.00059150998	0.14895013	0.0
-0.00038439667	0.19647983	0.0
-0.00017569614	0.24163318	0.0
4.1479077e-05	0.28379935	0.0
0.00025852679	0.32246754	0.0
0.00047662441	0.35702306	0.0
0.00069898443	0.38714781	0.0
0.00091275224	0.4125303	0.0
0.0011290004	0.43285656	0.0
0.0013315399	0.44797146	0.0
0.0015271547	0.45772374	0.0
0.0017142155	0.46204418	0.0
0.0018830913	0.46088621	0.0
0.0020428114	0.45427188	0.0
0.0021771458	0.44223434	0.0
0.0022947593	0.42486566	0.0
0.0023910936	0.40235722	0.0
0.0024552746	0.37489349	0.0
0.0024982453	0.3428092	0.0
0.0025046906	0.30641717	0.0
0.0024851097	0.2662718	0.0
0.0024319799	0.22277546	0.0
0.0023488302	0.1764008	0.0
0.0022371453	0.12805668	0.0
0.0020923864	0.078060798	0.0
0.0019219193	0.02721327	0.0
0.0017270007	-0.023989836	0.0
0.001511983	-0.074941367	0.0
0.0012748318	-0.12498988	0.0
0.0010211981	-0.173575	0.0
0.00075046188	-0.22007127	0.0
0.000470906	-0.26380405	0.0
0.00018598429	-0.30425856	0.0
-0.00010562438	-0.3409687	0.0
-0.00038993757	-0.37350774	0.0
-0.00067375874	-0.40137225	0.0
-0.00094046723	-0.42436877	0.0
-0.0011928284	-0.44222161	0.0
-0.0014264083	-0.45477954	0.0
-0.0016331607	-0.46193355	0.0
-0.0018171418	-0.46362352	0.0
-0.0019692332	-0.45983496	0.0
-0.0020954139	-0.45059577	0.0
-0.0021877654	-0.43597057	0.0
-0.0022490167	-0.41609308	0.0
-0.0022762085	-0.39111122	0.0
-0.0022742681	-0.36137208	0.0
-0.0022375463	-0.32710436	0.0
-0.0021692929	-0.28880021	0.0
-0.0020719257	-0.24688606	0.0
-0.0019468338	-0.20191444	0.0
-0.0018004152	-0.15443225	0.0
-0.0016301615	-0.10521062	0.0
-0.00143994	-0.054652438	0.0
-0.0012342979	-0.0035225349	0.0
-0.0010167097	0.047681827	0.0
-0.00079051586	0.098287202	0.0
-0.00055611535	0.14772885	0.0
-0.0003174803	0.19536203	0.0
-7.7265482e-05	0.24062017	0.0
0.00016014771	0.28290066	0.0
0.00039790408	0.32167765	0.0
0.00062334357	0.3564581	0.0
0.00084424962	0.3868112	0.0
0.001044891	0.41247544	0.0
0.0012338981	0.43301606	0.0
0.0013978478	0.4483681	0.0
0.0015414938	0.45837149	0.0
0.0016643201	0.46292886	0.0
0.0017543928	0.46201858	0.0
0.001821914	0.45563877	0.0
0.0018631122	0.44384119	0.0
0.0018727407	0.4267084	0.0
0.0018623917	0.40439653	0.0
0.0018179582	0.37713045	0.0
0.001755679	0.34507847	0.0
0.0016668552	0.30893525	0.0
0.0015551444	0.26881117	0.0
0.0014318946	0.22516711	0.0
0.001286781	0.17893928	0.0
0.0011348663	0.13045916	0.0
0.00097262429	0.080561355	0.0
0.00080521603	0.029578127	0.0
0.00063884858	-0.021846006	0.0
0.00046953626	-0.072990842	0.0
0.00030316639	-0.1231175	0.0
0.00014159005	-0.17186007	0.0
-1.5635345e-05	-0.21849942	0.0
-0.00016857275	-0.26245791	0.0
-0.0003147551	-0.30314603	0.0
-0.00045658331	-0.34003058	0.0
-0.00059002824	-0.37269133	0.0
-0.00072281033	-0.40075076	0.0
-0.00084158697	-0.42388347	0.0
-0.00096442603	-0.44184959	0.0
-0.0010748473	-0.45449764	0.0
-0.0011818332	-0.46169743	0.0
-0.001285794	-0.46343103	0.0
-0.0013742362	-0.45967269	0.0
-0.0014660101	-0.45044401	0.0
-0.0015393054	-0.43582076	0.0
-0.0016066423	-0.41592184	0.0
-0.0016605573	-0.39091188	0.0
-0.0016925622	-0.36110032	0.0
-0.0017154327	-0.32676718	0.0
-0.0017080763	-0.28837582	0.0
-0.0016889813	-0.24637887	0.0
-0.0016426521	-0.20130497	0.0
-0.001573172	-0.15373446	0.0
-0.0014881573	-0.10432391	0.0
-0.0013760261	-0.053665441	0.0
-0.001251542	-0.0025019611	0.0
-0.0011049215	0.048801422	0.0
-0.00094552827	0.099581107	0.0
-0.00077242736	0.14912212	0.0
-0.0005883142	0.19697782	0.0
-0.00039356895	0.24228285	0.0
-0.00019703055	0.28467155	0.0
8.235379e-06	0.32352066	0.0
0.00021599309	0.35838401	0.0
0.00041715978	0.38875988	0.0
0.0006160725	0.41440558	0.0
0.00080535212	0.4349291	0.0
0.00098834478	0.45025107	0.0
0.0011525062	0.46019727	0.0
0.0013041735	0.46468121	0.0
0.0014432485	0.46366453	0.0
0.0015574999	0.4571518	0.0
0.0016596359	0.44519308	0.0
0.0017377858	0.42789394	0.0
0.0018005047	0.40539896	0.0
0.0018431811	0.37792969	0.0
0.0018637548	0.34578055	0.0
0.0018692616	0.30933219	0.0
0.0018516608	0.26909664	0.0
0.0018183662	0.22548661	0.0
0.0017637735	0.17909487	0.0
0.0016952313	0.13052727	0.0
0.0016109423	0.080421254	0.0
0.0015096563	0.029341668	0.0
0.0013949011	-0.022037743	0.0
0.0012654024	-0.073009543	0.0
0.0011244874	-0.12316728	0.0
0.00097043428	-0.17184478	0.0
0.00080535182	-0.21845241	0.0
0.00062880979	-0.26226503	0.0
0.00044268899	-0.3028723	0.0
0.00024951278	-0.33970183	0.0
5.2152031e-05	-0.37228733	0.0
-0.00014383211	-0.40027422	0.0
-0.00034217656	-0.42334339	0.0
-0.00053350313	-0.44126213	0.0
-0.00072023825	-0.45387363	0.0
-0.00089496269	-0.46105084	0.0
-0.0010587466	-0.46275371	0.0
-0.0012046444	-0.45897633	0.0
-0.0013325113	-0.44973606	0.0
-0.0014485037	-0.43511325	0.0
-0.0015357336	-0.4152115	0.0
-0.0016058494	-0.39022532	0.0
-0.0016457498	-0.36041692	0.0
-0.0016613008	-0.32610658	0.0
-0.0016508041	-0.28768283	0.0
-0.0016118715	-0.24565665	0.0
-0.001545268	-0.20066407	0.0
-0.0014524367	-0.15310605	0.0
-0.0013386997	-0.10369625	0.0
-0.0012031093	-0.053079195	0.0
-0.0010479542	-0.001838538	0.0
-0.00087900634	0.049396869	0.0
-0.00069718959	0.10010913	0.0
-0.0005074261	0.14968808	0.0
-0.00031196908	0.19739549	0.0
-0.00011501525	0.24276337	0.0
8.4918574e-05	0.28510246	0.0
0.00028355245	0.32392991	0.0
0.00047129157	0.35875124	0.0
0.00065903622	0.38914406	0.0
0.00082756893	0.41477871	0.0
0.00099188427	0.43536493	0.0
0.0011425428	0.45069885	0.0
0.0012725707	0.46069977	0.0
0.0013936611	0.46522942	0.0
0.0014910722	0.46429026	0.0
0.0015781599	0.45789343	0.0
0.0016472412	0.44606763	0.0
0.0016972042	0.42892259	0.0
0.0017344494	0.40658554	0.0
0.0017522896	0.37928459	0.0
0.0017553075	0.34733331	0.0
0.0017435957	0.31110182	0.0
0.0017175253	0.27102101	0.0
0.0016787784	0.2275698	0.0
0.0016233285	0.18134098	0.0
0.001555651	0.13303284	0.0
0.0014764126	0.08313287	0.0
0.0013816829	0.03229475	0.0
0.0012737104	-0.018847948	0.0
0.0011504001	-0.069773808	0.0
0.0010134714	-0.11985571	0.0
0.00086225069	-0.16842459	0.0
0.00069771952	-0.21492523	0.0
0.00051697862	-0.25874233	0.0
0.0003285803	-0.29928824	0.0
0.00012592625	-0.33604398	0.0
-7.6786688e-05	-0.36861712	0.0
-0.00028218114	-0.39657938	0.0
-0.00048906653	-0.41960603	0.0
-0.00068011438	-0.43756142	0.0
-0.00087322394	-0.45008034	0.0
-0.0010419601	-0.45727083	0.0
-0.0012003597	-0.45893568	0.0
-0.0013429618	-0.45513082	0.0
-0.0014554976	-0.44584712	0.0
-0.0015621685	-0.43116269	0.0
-0.0016291486	-0.41119277	0.0
-0.0016841397	-0.38613394	0.0
-0.0017057479	-0.35614827	0.0
-0.0017073052	-0.32171047	0.0
-0.0016848242	-0.28319377	0.0
-0.0016363027	-0.24110575	0.0
-0.0015655113	-0.19592105	0.0
-0.0014727543	-0.1482235	0.0
-0.0013616339	-0.098667108	0.0
-0.0012313881	-0.047928985	0.0
-0.0010865531	0.0034994697	0.0
-0.00092771254	0.054956533	0.0
-0.00075707148	0.10586917	0.0
-0.00057554734	0.15564501	0.0
-0.0003861427	0.20367652	0.0
-0.00018842245	0.24927533	0.0
1.3397554e-05	0.29199222	0.0
0.00021889624	0.33109501	0.0
0.00042281282	0.366294	0.0
0.00062385976	0.39709595	0.0
0.00082083308	0.42316473	0.0
0.001005584	0.44425356	0.0
0.0011839932	0.46014366	0.0
0.0013457376	0.4707104	0.0
0.0014917133	0.47586566	0.0
0.0016238708	0.4755733	0.0
0.0017363095	0.46983546	0.0
0.0018277284	0.45870265	0.0
0.0018967483	0.44228867	0.0
0.0019420999	0.42073947	0.0
0.0019716895	0.39427194	0.0
0.0019677626	0.36316615	0.0
0.0019471738	0.32787734	0.0
0.0018957707	0.28870964	0.0
0.0018223777	0.24623017	0.0
0.0017305118	0.20097542	0.0
0.0016077897	0.15352432	0.0
0.0014743679	0.10451462	0.0
0.0013168934	0.05456847	0.0
0.0011453666	0.004353838	0.0
0.0009577173	-0.045520898	0.0
0.00075774675	-0.094747975	0.0
0.0005462527	-0.14244215	0.0
0.00032807954	-0.18821689	0.0
0.00010054543	-0.23135912	0.0
-0.00012824571	-0.27143979	0.0
-0.00035532619	-0.3079116	0.0
-0.0005823879	-0.3403959	0.0
-0.00079234916	-0.36847726	0.0
-0.0010005659	-0.39199969	0.0
-0.0011847519	-0.41072717	0.0
-0.0013516279	-0.42460984	0.0
-0.00150347	-0.43363279	0.0
-0.0016194724	-0.43782067	0.0
-0.0017278661	-0.43724427	0.0
-0.0017987187	-0.43202838	0.0
-0.0018521631	-0.4223263	0.0
-0.0018792412	-0.40830314	0.0
-0.0018774841	-0.39016831	0.0
-0.0018617793	-0.36817124	0.0
-0.0018130488	-0.34266719	0.0
-0.0017528831	-0.31391022	0.0
-0.0016722634	-0.28226414	0.0
-0.0015748946	-0.24814923	0.0
-0.0014715905	-0.2120433	0.0
-0.0013517007	-0.17442702	0.0
-0.0012324336	-0.13595952	0.0
-0.001102666	-0.09702947	0.0
-0.00097499759	-0.058284737	0.0
-0.00085051579	-0.020261701	0.0
-0.00072818872	0.016534444	0.0
-0.00061129878	0.0515626	0.0
-0.00050238322	0.084462412	0.0
-0.00039726906	0.1145914	0.0
-0.00030397307	0.14182934	0.0
-0.00022221694	0.16579783	0.0
-0.00014761311	0.18621664	0.0
-8.5692744e-05	0.20296523	0.0
-3.0738145e-05	0.21586384	0.0
1.3057012e-05	0.2249368	0.0
4.9685568e-05	0.23021288	0.0
7.8478093e-05	0.23183118	0.0
0.00010067364	0.22998421	0.0
0.00011878324	0.224971	0.0
0.00012734836	0.21710899	0.0
0.00013621141	0.20676897	0.0
0.00014009736	0.19435157	0.0
0.00013810214	0.18028927	0.0
0.000138326	0.16499813	0.0
0.00013052023	0.1488943	0.0
0.00012397027	0.13241446	0.0
0.00011720541	0.11596421	0.0
0.00010715273	0.099902742	0.0
9.9144621e-05	0.08459387	0.0
8.9383466e-05	0.070313051	0.0
8.0952246e-05	0.057223037	0.0
7.1798728e-05	0.045445323	0.0
6.0845112e-05	0.035035327	0.0
4.9349459e-05	0.025978964	0.0
3.7302805e-05	0.018208396	0.0
2.4701505e-05	0.011630247	0.0
1.0968148e-05	0.0061236331	0.0
-4.8369147e-06	0.001570339	0.0
-2.1459115e-05	-0.0021620945	0.0
-3.6235113e-05	-0.0051885382	0.0
-5.0540992e-05	-0.0076198052	0.0
-6.370277e-05	-0.009558321	0.0
-7.456707e-05	-0.011081258	0.0
-8.2317594e-05	-0.01226359	0.0
-8.6488144e-05	-0.013168933	0.0
-8.7769906e-05	-0.01384326	0.0
-8.6962158e-05	-0.014327664	0.0
-8.6042921e-05	-0.014655174	0.0
-8.3384388e-05	-0.014848463	0.0
-8.2913335e-05	-0.014926224	0.0
-8.3128805e-05	-0.014902837	0.0
-8.7846791e-05	-0.014791615	0.0
-9.2921728e-05	-0.014601828	0.0
-9.9950666e-05	-0.014345299	0.0
-0.00010883511	-0.014031394	0.0
-0.00011738238	-0.013670878	0.0
-0.00012477412	-0.0132748	0.0
-0.00013055511	-0.012855798	0.0
-0.00013149303	-0.012422099	0.0
-0.00012838935	-0.01198184	0.0
-0.00012032312	-0.011541208	0.0
-0.00010810234	-0.011106652	0.0
-9.137702e-05	-0.010682989	0.0
-7.221807e-05	-0.010268245	0.0
-5.3640128e-05	-0.0098656407	0.0
-3.3103403e-05	-0.0094776554	0.0
-1.1627787e-05	-0.0091004344	0.0
5.5792252e-06	-0.0087377466	0.0
2.1281761e-05	-0.0083857309	0.0
3.5135996e-05	-0.0080444794	0.0
4.6565779e-05	-0.0077158939	0.0
5.5108892e-05	-0.0073996321	0.0
6.2615261e-05	-0.0070956778	0.0
6.67735e-05	-0.0068013207	0.0
7.0930138e-05	-0.0065190597	0.0
7.2319694e-05	-0.0062488294	0.0
7.2320072e-05	-0.0059894715	0.0
7.3245959e-05	-0.0057385345	0.0
7.0939765e-05	-0.00550259	0.0
7.0017188e-05	-0.005273466	0.0
6.7479777e-05	-0.0050557544	0.0
6.4365267e-05	-0.0048472574	0.0
6.1597013e-05	-0.0046483572	0.0
5.8944817e-05	-0.0044595003	0.0
5.5945322e-05	-0.0042774328	0.0
5.3524094e-05	-0.004102834	0.0
5.0063798e-05	-0.0039373958	0.0
4.7526621e-05	-0.0037807145	0.0
4.3835102e-05	-0.0036300668	0.0
4.2105097e-05	-0.0034865299	0.0
3.9106817e-05	-0.0033489172	0.0
3.6914767e-05	-0.0032190823	0.0
3.5531739e-05	-0.0030931032	0.0
3.1955678e-05	-0.0029747968	0.0
3.0226191e-05	-0.0028593824	0.0
2.7573786e-05	-0.0027515085	0.0
2.561333e-05	-0.0026484346	0.0
2.4576599e-05	-0.002547275	0.0
2.1693228e-05	-0.0024518694	0.0
2.0771093e-05	-0.0023616883	0.0
2.0426789e-05	-0.0022747729	0.0
1.846626e-05	-0.0021911336	0.0
1.662139e-05	-0.0021125863	0.0
1.5468921e-05	-0.0020365079	0.0
1.3739449e-05	-0.0019613847	0.0
1.2932907e-05	-0.0018926975	0.0
1.1319201e-05	-0.0018259326	0.0
1.1320409e-05	-0.0017631578	0.0
9.0140984e-06	-0.0017012041	0.0
9.3629815e-06	-0.0016404757	0.0
8.7863473e-06	-0.0015857853	0.0
7.2876455e-06	-0.0015316507	0.0
5.7896509e-06	-0.001478877	0.0
5.6763097e-06	-0.0014285666	0.0
5.4473421e-06	-0.0013818148	0.0
5.6793151e-06	-0.0013356109	0.0
4.5246629e-06	-0.0012907912	0.0
2.7962292e-06	-0.0012498075	0.0
2.5697225e-06	-0.0012086702	0.0
2.7997605e-06	-0.0011693324	0.0
1.531905e-06	-0.0011324595	0.0
1.4187607e-06	-0.0010946357	0.0
4.972635e-07	-0.0010602379	0.0
4.9877463e-07	-0.0010274772	0.0
-3.0635246e-07	-0.00099499268	0.0
2.7216259e-07	-0.00096347189	0.0
-6.5095361e-07	-0.00093440752	0.0
-6.4753675e-07	-0.00090588804	0.0
-8.7671611e-07	-0.00087709737	0.0
-7.6051413e-07	-0.00084887334	0.0
-1.6852977e-06	-0.00082420686	0.0
-2.4866481e-06	-0.00080021948	0.0
-2.025944e-06	-0.00077718485	0.0
-3.1771542e-06	-0.00075252343	0.0
-2.3656621e-06	-0.00073100918	0.0
-3.060879e-06	-0.00070840184	0.0
-3.4011118e-06	-0.00068989705	0.0
-3.0553545e-06	-0.00066864956	0.0
-3.5126845e-06	-0.00064987695	0.0
-2.5895235e-06	-0.00063109567	0.0
-3.3957137e-06	-0.00061259494	0.0
-2.7023173e-06	-0.00059478724	0.0
-3.7394939e-06	-0.00057929906	0.0
-3.0435933e-06	-0.00056135363	0.0
-3.6209346e-06	-0.00054750754	0.0
-3.5044229e-06	-0.0005299623	0.0
-4.4258295e-06	-0.00051613472	0.0
-3.9584006e-06	-0.00050188613	0.0
-3.7303839e-06	-0.00048900279	0.0
-4.1861622e-06	-0.00047488426	0.0
-3.032435e-06	-0.00046214514	0.0
-3.8389526e-06	-0.00045035977	0.0
-3.0297144e-06	-0.00043775121	0.0
-4.0680416e-06	-0.00042610685	0.0
-3.6025981e-06	-0.00041459972	0.0
-3.947282e-06	-0.00040418826	0.0
-3.3689714e-06	-0.00039363769	0.0
-4.1780045e-06	-0.0003829491	0.0
-4.5190927e-06	-0.00037281073	0.0
-4.2879492e-06	-0.00036363173	0.0
-4.8636566e-06	-0.00035376236	0.0
-4.9776477e-06	-0.00034362634	0.0
-5.3186891e-06	-0.00033595815	0.0
-3.9321876e-06	-0.00032828006	0.0
-4.6294936e-06	-0.0003192375	0.0
-5.6618496e-06	-0.00031129649	0.0
-4.5028337e-06	-0.00030417167	0.0
-3.929646e-06	-0.00029554032	0.0
-5.3119088e-06	-0.00028800662	0.0
-4.3830455e-06	-0.00028102085	0.0
-3.6920901e-06	-0.00027554118	0.0
-4.153108e-06	-0.00026882373	0.0
-4.4974395e-06	-0.00026170103	0.0
-5.0730869e-06	-0.00025540031	0.0
-5.3002273e-06	-0.00024909826	0.0
-4.6056639e-06	-0.00024320936	0.0
-4.7225335e-06	-0.00023759258	0.0
-5.6413769e-06	-0.00023101697	0.0
-4.4868621e-06	-0.00022512997	0.0
-5.9854683e-06	-0.00022047279	0.0
-4.9443611e-06	-0.00021513035	0.0
-6.0991974e-06	-0.00021019683	0.0
-6.6714479e-06	-0.00020430586	0.0
-5.6320432e-06	-0.00020019757	0.0
-6.2071849e-06	-0.00019540281	0.0
-5.0510725e-06	-0.00019088393	0.0
-5.3967069e-06	-0.00018718562	0.0
-5.1640131e-06	-0.00018211652	0.0
-5.7400352e-06	-0.00017732369	0.0
-5.9683621e-06	-0.00017417525	0.0
-5.7356551e-06	-0.00016965321	0.0
-5.3876602e-06	-0.00016513435	0.0
-5.3874683e-06	-0.00016266854	0.0
-6.3082261e-06	-0.0001575989	0.0
-5.6128056e-06	-0.00015486211	0.0
-5.4972079e-06	-0.00015102522	0.0
-5.4945349e-06	-0.0001477395	0.0
-4.9160358e-06	-0.00014404206	0.0
-5.2624946e-06	-0.00014116739	0.0
-5.8354144e-06	-0.00013788167	0.0
-4.6809701e-06	-0.00013582941	0.0
-6.0649359e-06	-0.00013295318	0.0
-5.7157304e-06	-0.0001302147	0.0
-6.1764658e-06	-0.00012788872	0.0
-5.9428885e-06	-0.00012542144	0.0
-5.7108987e-06	-0.0001207649	0.0
-5.7095549e-06	-0.00011885216	0.0
-5.5913006e-06	-0.00011638572	0.0
-4.8987595e-06	-0.00011337511	0.0
-5.5881183e-06	-0.00011187045	0.0
-3.8558487e-06	-0.00010872073	0.0
-5.0097096e-06	-0.00010708006	0.0
-4.3125365e-06	-0.00010502578	0.0
-3.3904064e-06	-0.00010242375	0.0
-4.6585087e-06	-9.9686767e-05	0.0
-4.540901e-06	-9.8180237e-05	0.0
-5.3471354e-06	-9.4756877e-05	0.0
-4.9983532e-06	-9.3941984e-05	0.0
-4.764448e-06	-9.3256385e-05	0.0
-3.4956904e-06	-9.0243273e-05	0.0
-4.8787274e-06	-8.8465029e-05	0.0
-3.9536003e-06	-8.5863947e-05	0.0
-5.4538532e-06	-8.4497362e-05	0.0
-5.1020861e-06	-8.258078e-05	0.0
-4.2950787e-06	-8.1214559e-05	0.0
-5.3334152e-06	-7.9982608e-05	0.0
-5.5598034e-06	-7.7793447e-05	0.0
-4.9824671e-06	-7.6975331e-05	0.0
-5.5569503e-06	-7.5470016e-05	0.0
-4.1696617e-06	-7.3415766e-05	0.0
-3.9385995e-06	-7.0542636e-05	0.0
-4.0526966e-06	-7.0683891e-05	0.0
-4.6279442e-06	-6.9314949e-05	0.0
-4.5102893e-06	-6.8222122e-05	0.0
-4.1621424e-06	-6.6167879e-05	0.0
-3.9310326e-06	-6.3980056e-05	0.0
-5.1978659e-06	-6.4806001e-05	0.0
-3.9266633e-06	-6.316357e-05	0.0
-4.5022293e-06	-6.1659455e-05	0.0
-3.8081473e-06	-5.974387e-05	0.0
-4.4988469e-06	-5.9473052e-05	0.0
-4.3819323e-06	-5.7968584e-05	0.0
-3.6877689e-06	-5.6738209e-05	0.0
-4.3783512e-06	-5.5918899e-05	0.0
-4.8382171e-06	-5.5099885e-05	0.0
-5.0681065e-06	-5.3732729e-05	0.0
-3.2198188e-06	-5.222761e-05	0.0
-4.1403778e-06	-5.2231018e-05	0.0
-3.9097154e-06	-5.0590359e-05	0.0
-2.6370442e-06	-4.9222006e-05	0.0
-4.3659325e-06	-4.9087608e-05	0.0
-3.6736374e-06	-4.8680689e-05	0.0
-3.6713657e-06	-4.745055e-05	0.0
-3.2078353e-06	-4.6219982e-05	0.0
-3.8979942e-06	-4.5125656e-05	0.0
-4.0125256e-06	-4.499231e-05	0.0
-3.8952353e-06	-4.3624215e-05	0.0
-4.2393435e-06	-4.3902492e-05	0.0
-4.6996788e-06	-4.1438427e-05	0.0
-4.5826946e-06	-4.157795e-05	0.0
-4.4664744e-06	-3.979991e-05	0.0
-3.4248835e-06	-3.9664548e-05	0.0
-4.9232917e-06	-3.9395465e-05	0.0
-4.230209e-06	-3.7344114e-05	0.0
-4.9199334e-06	-3.5699541e-05	0.0
-4.4588014e-06	-3.6934416e-05	0.0
-3.647634e-06	-3.7215759e-05	0.0
-4.2237393e-06	-3.5025114e-05	0.0
-2.9531832e-06	-3.5301211e-05	0.0
-3.4110037e-06	-3.4619283e-05	0.0
-3.8705643e-06	-3.4761506e-05	0.0
-4.6779624e-06	-3.2708904e-05	0.0
-3.985796e-06	-3.2709762e-05	0.0
-3.2918322e-06	-3.1756517e-05	0.0
-2.7103115e-06	-3.0660471e-05	0.0
-3.7470272e-06	-3.0530551e-05	0.0
-3.1722652e-06	-2.8202297e-05	0.0
-2.9352209e-06	-2.847727e-05	0.0
-4.2017014e-06	-2.7384071e-05	0.0
-4.2076908e-06	-2.7799111e-05	0.0
-2.5853133e-06	-2.6295647e-05	0.0
-4.1982566e-06	-2.6433645e-05	0.0
-3.1620368e-06	-2.5752446e-05	0.0
-3.7319726e-06	-2.575568e-05	0.0
-4.3101586e-06	-2.4664892e-05	0.0
-4.0788022e-06	-2.4250267e-05	0.0
-4.0749787e-06	-2.5626556e-05	0.0
-4.6505438e-06	-2.4265555e-05	0.0
-4.6497162e-06	-2.3304003e-05	0.0
-4.6502873e-06	-2.3172252e-05	0.0
-3.6111887e-06	-2.1941873e-05	0.0
-3.1458605e-06	-2.1941289e-05	0.0
-3.0260555e-06	-2.1811324e-05	0.0
-3.7172608e-06	-2.0989755e-05	0.0
-3.4869986e-06	-2.1132548e-05	0.0
-3.8263111e-06	-1.9763669e-05	0.0
-4.7534277e-06	-2.0449084e-05	0.0
-3.5978182e-06	-1.9908815e-05	0.0
-4.1715848e-06	-1.9498082e-05	0.0
-3.4781499e-06	-1.9501005e-05	0.0
-4.0528571e-06	-1.9097863e-05	0.0
-3.3606552e-06	-1.8136539e-05	0.0
-3.8157027e-06	-1.8689576e-05	0.0
-4.1627959e-06	-1.7326873e-05	0.0
-3.9350361e-06	-1.6777212e-05	0.0
-3.121213e-06	-1.6639029e-05	0.0
-3.6974006e-06	-1.7466391e-05	0.0
-3.0024141e-06	-1.6790196e-05	0.0
-3.9218326e-06	-1.597037e-05	0.0
-3.4644377e-06	-1.528467e-05	0.0
-3.3419178e-06	-1.5560598e-05	0.0
-3.4627126e-06	-1.5292902e-05	0.0
-2.187491e-06	-1.4884714e-05	0.0
-3.3326787e-06	-1.4746273e-05	0.0
-3.4560244e-06	-1.5435638e-05	0.0
-2.5339052e-06	-1.5033729e-05	0.0
-2.1729122e-06	-1.3944305e-05	0.0
-4.1360677e-06	-1.2570997e-05	0.0
-3.3350302e-06	-1.338505e-05	0.0
-3.2144142e-06	-1.463334e-05	0.0
-2.8653383e-06	-1.3130119e-05	0.0
-3.666225e-06	-1.3540259e-05	0.0
-4.2500751e-06	-1.2861881e-05	0.0
-3.0944668e-06	-1.2860558e-05	0.0
-3.4342377e-06	-1.2733146e-05	0.0
-3.3202027e-06	-1.1500568e-05	0.0
-3.3165084e-06	-1.1503754e-05	0.0
-3.318173e-06	-1.0545183e-05	0.0
-2.8502943e-06	-1.1233042e-05	0.0
-4.001382e-06	-1.0552058e-05	0.0
-3.8889921e-06	-1.1101928e-05	0.0
-3.8859325e-06	-1.0695681e-05	0.0
-3.5423675e-06	-1.0836207e-05	0.0
-2.614373e-06	-1.0155488e-05	0.0
-3.1854247e-06	-1.029038e-05	0.0
-3.5317778e-06	-1.0438949e-05	0.0
-3.6493409e-06	-8.7958042e-06	0.0
-2.8397242e-06	-9.3392091e-06	0.0
-2.9504945e-06	-9.4869047e-06	0.0
-2.9490093e-06	-8.6659929e-06	0.0
-3.0649273e-06	-8.6707305e-06	0.0
-2.3713985e-06	-7.7119639e-06	0.0
-2.4809228e-06	-8.670133e-06	0.0
-2.5996383e-06	-8.680664e-06	0.0
-1.7872951e-06	-7.9970459e-06	0.0
-2.7044341e-06	-7.9992133e-06	0.0
-3.0533483e-06	-8.1340886e-06	0.0
-3.0514047e-06	-9.1064603e-06	0.0
-3.1652892e-06	-6.6417579e-06	0.0
-3.2776227e-06	-7.5972362e-06	0.0
-3.2825542e-06	-7.3315523e-06	0.0
-1.4298363e-06	-7.1955205e-06	0.0
-2.8109823e-06	-7.335293e-06	0.0
-1.6607436e-06	-7.4772715e-06	0.0
-1.53974e-06	-6.9333169e-06	0.0
-1.5362331e-06	-6.6608045e-06	0.0
-2.2299066e-06	-6.6634489e-06	0.0
-1.3044504e-06	-6.9393582e-06	0.0
-2.4522465e-06	-7.4924537e-06	0.0
-3.147306e-06	-6.5421368e-06	0.0
-2.5707693e-06	-4.8930988e-06	0.0
-1.8750541e-06	-6.6800208e-06	0.0
-2.2168697e-06	-4.7666799e-06	0.0
-2.7947617e-06	-5.8606356e-06	0.0
-2.3304922e-06	-6.0060488e-06	0.0
-3.136691e-06	-5.4585635e-06	0.0
-2.4447249e-06	-5.7393895e-06	0.0
-2.2104427e-06	-3.6842746e-06	0.0
-2.3245864e-06	-5.3299827e-06	0.0
-1.8621138e-06	-5.1982893e-06	0.0
-1.3975385e-06	-5.3392587e-06	0.0
-2.0884854e-06	-4.1082062e-06	0.0
-1.9710189e-06	-4.9333667e-06	0.0
-3.2391092e-06	-4.7995995e-06	0.0
-2.199999e-06	-5.3521348e-06	0.0
-2.0813454e-06	-3.7101108e-06	0.0
-2.8880975e-06	-4.94599e-06	0.0
-2.1943094e-06	-4.8134234e-06	0.0
-2.0769839e-06	-3.5823653e-06	0.0
-1.8446171e-06	-4.6822638e-06	0.0
-1.2658703e-06	-4.2743422e-06	0.0
-1.7258774e-06	-5.3741737e-06	0.0
-2.301113e-06	-3.5953908e-06	0.0
-7.9893516e-07	-4.5587835e-06	0.0
-1.1442304e-06	-4.4232006e-06	0.0
-1.2573862e-06	-2.7832411e-06	0.0
-1.2563595e-06	-5.2544669e-06	0.0
-2.1777641e-06	-4.9820728e-06	0.0
-1.5975839e-06	-4.9850391e-06	0.0
-7.8907237e-07	-3.4792317e-06	0.0
-1.1345313e-06	-2.7996732e-06	0.0
-1.4785687e-06	-3.7619907e-06	0.0
-1.7083172e-06	-3.0789979e-06	0.0
-2.398441e-06	-3.0825588e-06	0.0
-1.9344413e-06	-2.8127495e-06	0.0
-2.0492544e-06	-3.9131119e-06	0.0
-2.278357e-06	-3.7769364e-06	0.0
-2.6235696e-06	-3.369586e-06	0.0
-2.8503557e-06	-3.3735216e-06	0.0
-1.8095529e-06	-3.2380156e-06	0.0
-1.6947666e-06	-2.5573147e-06	0.0
-1.9239039e-06	-3.2474441e-06	0.0
-2.0368595e-06	-3.3859051e-06	0.0
-1.6879249e-06	-3.2523126e-06	0.0
-1.2253005e-06	-3.1173502e-06	0.0
-1.3412066e-06	-2.5729807e-06	0.0
-1.6834341e-06	-2.4370561e-06	0.0
-9.886121e-07	-1.484349e-06	0.0
-1.1053758e-06	-2.9998068e-06	0.0
-1.2161114e-06	-3.1305333e-06	0.0
-6.3877434e-07	-1.7657414e-06	0.0
-1.1003557e-06	-2.4592616e-06	0.0
-8.636062e-07	-2.4551227e-06	0.0
-5.2211016e-07	-1.0888584e-06	0.0
-1.9029033e-06	-1.3721409e-06	0.0
-9.7421469e-07	-2.3375853e-06	0.0
-1.2074656e-06	-3.4309649e-06	0.0
-1.2046991e-06	-2.6131902e-06	0.0
-1.200088e-06	-3.4366735e-06	0.0
-6.2673547e-07	-1.9301658e-06	0.0
-1.7764469e-06	-2.0711607e-06	0.0
-5.0049687e-07	-9.8253952e-07	0.0
-1.5325421e-07	-2.354258e-06	0.0
8.8148465e-07	-5.6933231e-07	0.0
-5.0466724e-07	-8.5812633e-07	0.0
-3.8348722e-07	-1.543621e-06	0.0
-9.6066265e-07	-1.4046971e-06	0.0
-4.887296e-07	-8.6400735e-07	0.0
3.1002719e-07	-1.2748692e-06	0.0
-1.3052196e-06	-3.2117433e-07	0.0
-9.4879783e-07	-1.4270348e-06	0.0
-8.3344764e-07	-1.7005448e-06	0.0
-6.0510001e-07	-1.9722102e-06	0.0
-1.2938723e-06	-1.0181425e-06	0.0
-1.0653846e-06	-1.4322339e-06	0.0
-2.2150141e-06	-1.9343892e-07	0.0
-1.5169717e-06	-2.2144627e-07	0.0
-1.7432304e-06	-2.2694378e-06	0.0
-7.0950159e-07	-8.8764915e-07	0.0
-1.980907e-06	-7.6865575e-07	0.0
-1.6292565e-06	-9.0222181e-07	0.0
-2.3169482e-06	-4.9815367e-07	0.0
-1.3915503e-06	-9.1180408e-07	0.0
-1.6133307e-06	-7.8488443e-07	0.0
1.1405112e-07	-2.0196449e-06	0.0
-1.1717149e-06	-1.4638484e-06	0.0
-1.5010621e-06	-1.4755485e-06	0.0
-1.0262969e-06	-1.4726149e-06	0.0
-3.2163896e-09	-7.8423784e-07	0.0
-1.2708257e-06	-1.1097018e-07	0.0
-5.6986909e-07	-2.4903002e-07	0.0
-1.5091126e-06	1.5034146e-07	0.0
-2.301339e-06	-9.5061131e-07	0.0
-1.7089834e-06	-5.2861526e-07	0.0
-1.0318483e-06	1.8472727e-08	0.0
-2.0728769e-06	8.3015635e-07	0.0
-1.941778e-06	1.2475009e-07	0.0
-1.5964392e-06	-6.8528357e-07	0.0
-1.4835674e-06	1.923909e-09	0.0
-1.4751956e-06	1.3484073e-07	0.0
-1.1409746e-06	5.3140099e-07	0.0
-2.0514844e-06	-4.2832093e-07	0.0
-1.0124451e-06	1.2283158e-07	0.0
-1.9424044e-06	-2.9849676e-07	0.0
-1.1050773e-06	-1.5949814e-07	0.0
3.3302932e-08	-3.0276757e-07	0.0
-6.806419e-07	-1.6195543e-07	0.0
-1.9406241e-06	1.0135201e-07	0.0
-1.9163163e-06	-3.1390726e-07	0.0
-1.2356559e-06	-3.1775389e-07	0.0
-1.6858959e-06	-5.8643263e-07	0.0
-1.6956916e-07	9.3304244e-08	0.0
1.4617773e-07	-1.8443579e-07	0.0
-2.9117066e-07	3.5951169e-07	0.0
1.0888087e-06	-3.4534162e-07	0.0
-2.1748816e-07	-5.9451713e-07	0.0
-1.4489596e-06	7.7513511e-07	0.0
-4.0324448e-07	8.8976293e-07	0.0
-6.4354583e-07	4.6496942e-07	0.0
-1.6692434e-07	-2.0275013e-07	0.0
2.8810848e-07	8.9295594e-07	0.0
-1.9918662e-07	6.0338522e-07	0.0
-1.557874e-06	1.0247846e-06	0.0
-3.8789199e-07	1.2812009e-06	0.0
-4.0053317e-07	5.8065223e-07	0.0
7.1375794e-08	1.9435669e-07	0.0
5.1742418e-08	1.4220068e-06	0.0
-7.415058e-07	8.4403621e-07	0.0
7.9803748e-08	3.1377951e-07	0.0
5.9371381e-08	7.1128107e-07	0.0
-5.081198e-07	-1.0928996e-07	0.0
-2.723452e-07	4.3458203e-07	0.0
-3.8503171e-07	-1.0575185e-07	0.0
8.2905018e-08	1.2615967e-06	0.0
-5.1510678e-08	2.6443996e-07	0.0
-6.0008114e-07	-6.7386156e-07	0.0
7.7535032e-07	-1.1725934e-07	0.0
-8.752699e-07	1.4165525e-07	0.0
-1.6261989e-06	2.9226629e-07	0.0
3.2679947e-07	1.2273201e-06	0.0
-6.1847351e-07	-2.9748719e-07	0.0
-3.6079376e-07	-1.2416243e-07	0.0
2.1293539e-07	6.6291756e-07	0.0
3.1814426e-07	-8.4147342e-07	0.0
-1.8806361e-08	4.1800899e-07	0.0
2.0157273e-07	6.4933226e-07	0.0
-7.0824404e-07	-5.7749099e-07	0.0
2.1735315e-07	1.2606101e-07	0.0
-3.5844715e-07	5.1619838e-07	0.0
6.9114645e-07	-1.9012101e-07	0.0
5.6111452e-07	-1.2749484e-06	0.0
-3.7907437e-08	-5.6567757e-07	0.0
-1.6165234e-06	5.1263078e-07	0.0
4.8316457e-07	-6.975359e-08	0.0
4.4362329e-07	-1.2870617e-06	0.0
3.6250353e-07	-4.4229336e-07	0.0
1.733986e-06	5.0503957e-07	0.0
3.0669034e-07	1.0461231e-06	0.0
