#Bx [T], By [T], Bz [T] on 3D mesh: inmost loop vs X (horizontal transverse position), outmost loop vs Z (longitudinal position)
#0.0 #initial X position [m]
#0.0 #step of X [m]
#1 #number of points vs X
#0.0 #initial Y position [m]
#0.0 #step of Y [m]
#1 #number of points vs Y
#-1.1855 #initial Z position [m]
#0.001 #step of Z [m]
#2371 #number of points vs Z
-7.8451194e-08	-6.5802175e-07	0.0
1.5381252e-07	1.6140528e-07	0.0
-4.2186701e-07	-5.2689529e-07	0.0
5.0262884e-07	-8.0423882e-07	0.0
9.6580891e-07	-6.7021062e-07	0.0
3.9028242e-07	-1.2529095e-07	0.0
1.6081889e-07	1.3799805e-06	0.0
4.6749065e-08	-6.7901215e-07	0.0
7.4012866e-07	2.4990783e-09	0.0
1.3196072e-06	5.4836829e-07	0.0
-2.9480213e-07	2.710411e-07	0.0
6.2853002e-07	4.0559314e-07	0.0
4.016874e-07	-4.20454e-07	0.0
-8.6818648e-07	5.3502617e-07	0.0
2.8662615e-07	2.6041653e-07	0.0
-2.8764299e-07	-5.660599e-07	0.0
-5.5802399e-08	-4.33054e-07	0.0
-4.0145866e-07	-1.6183219e-07	0.0
4.0895992e-07	-2.729287e-08	0.0
-8.5815248e-07	-3.1364184e-08	0.0
-3.9773408e-07	6.5117297e-07	0.0
-5.0919499e-07	5.1212902e-07	0.0
-1.1996329e-06	3.7306503e-07	0.0
-1.0892854e-06	-4.5242189e-07	0.0
8.7837083e-07	-4.5762462e-07	0.0
-1.0765431e-06	-1.8680298e-07	0.0
-1.3138922e-06	-5.0504696e-08	0.0
-3.8796256e-07	-6.0350516e-07	0.0
-2.71445e-07	7.8309839e-08	0.0
8.137134e-08	-1.9759671e-07	0.0
-1.6517694e-06	2.0825942e-07	0.0
7.6050867e-08	3.4618569e-07	0.0
-2.6141404e-07	-7.2824385e-08	0.0
-1.5171268e-07	1.2961193e-06	0.0
7.792467e-07	6.8915888e-08	0.0
-8.325656e-07	-1.0401551e-06	0.0
-7.2177147e-07	1.8838082e-07	0.0
-7.1843778e-07	-2.1648115e-07	0.0
-8.3140304e-07	-1.3236149e-06	0.0
-1.0641101e-06	4.3062325e-08	0.0
8.769419e-08	-2.3284969e-07	0.0
3.3155715e-07	5.8935132e-07	0.0
-1.403511e-06	-7.8289838e-07	0.0
9.1606594e-08	-6.4895568e-07	0.0
1.0145066e-07	-1.7533955e-06	0.0
-1.3197328e-07	1.5801631e-07	0.0
4.4587182e-07	2.7457929e-08	0.0
4.5029802e-07	-5.2295229e-07	0.0
1.0683956e-07	-1.487481e-06	0.0
-4.6933314e-07	-9.50161e-07	0.0
-4.7189937e-07	1.5007433e-07	0.0
-6.0869536e-09	-1.0823205e-06	0.0
-9.2251776e-07	-1.5000046e-06	0.0
-1.7353301e-06	-1.9162644e-06	0.0
-1.0439131e-06	-1.2378617e-06	0.0
-1.3792157e-06	-1.0937437e-06	0.0
-2.654813e-06	-2.3397554e-06	0.0
-1.500071e-06	-4.2264833e-07	0.0
-2.1896158e-06	-1.9246975e-06	0.0
-1.3799964e-06	-1.5292968e-06	0.0
-2.3015748e-06	-4.3362172e-07	0.0
-1.2662215e-06	-2.1384563e-08	0.0
-1.601912e-06	-2.9559763e-07	0.0
-2.1832911e-06	-8.475613e-07	0.0
-1.4924381e-06	-1.125014e-06	0.0
-1.4833932e-06	-1.0005664e-06	0.0
-2.1782032e-06	5.1244308e-07	0.0
-1.82876e-06	-8.5923904e-07	0.0
-2.6370362e-06	9.0256627e-08	0.0
-1.7163952e-06	-1.7987281e-07	0.0
-1.5986203e-06	-3.2192722e-07	0.0
-7.8740248e-07	-5.9857592e-07	0.0
-1.3595093e-06	-7.3885133e-07	0.0
-1.3587731e-06	-6.1230099e-07	0.0
-1.8221261e-06	4.8841088e-07	0.0
-1.2409905e-06	-6.0966977e-07	0.0
-1.9356949e-06	-6.7200261e-08	0.0
-8.9178656e-07	-6.1947861e-07	0.0
-2.2746328e-06	3.3606887e-07	0.0
-1.013699e-06	-4.7997207e-07	0.0
-8.8679275e-07	-1.0394153e-06	0.0
-1.1180305e-06	-6.3179118e-07	0.0
-1.34304e-06	-5.0130279e-07	0.0
-2.0397185e-06	3.2403415e-07	0.0
-1.233919e-06	-6.3576329e-07	0.0
-1.4541687e-06	-3.6955097e-07	0.0
-1.8070523e-06	-5.1085232e-07	0.0
-1.2228961e-06	4.4068972e-07	0.0
-2.4859544e-06	5.8983187e-07	0.0
-2.4965941e-06	-7.8785837e-07	0.0
-1.9173974e-06	-2.5087493e-07	0.0
-1.6816201e-06	-2.4946743e-07	0.0
-1.6816125e-06	1.8725755e-08	0.0
-1.4474568e-06	-1.1077397e-07	0.0
-1.6775667e-06	-1.2146718e-06	0.0
-1.5565126e-06	-5.4716674e-07	0.0
-2.0268938e-06	1.6255715e-08	0.0
-7.5164547e-07	-1.4906665e-06	0.0
-1.6688282e-06	-1.5108777e-06	0.0
-8.6801134e-07	-9.6197982e-07	0.0
-1.0905056e-06	-9.6242411e-07	0.0
-7.4756122e-07	-5.6409857e-07	0.0
-9.6548399e-07	-2.6477338e-07	0.0
-1.3292852e-06	-2.6149335e-06	0.0
-4.1168757e-08	-5.7738026e-07	0.0
-2.1137794e-06	-1.2409625e-06	0.0
-1.2056546e-06	-9.9620524e-07	0.0
-1.8809089e-06	-1.4724147e-07	0.0
-1.7816905e-06	-2.3517025e-06	0.0
-1.1927282e-06	-9.9718329e-07	0.0
-1.7693596e-06	-1.9436984e-06	0.0
-1.1965327e-06	-1.683236e-06	0.0
-1.0817664e-06	-1.8271239e-06	0.0
-2.6656454e-07	-1.2654205e-06	0.0
-6.1767366e-07	-3.0548244e-06	0.0
6.5698646e-07	-1.9777813e-06	0.0
-6.9968843e-07	-2.2403744e-06	0.0
-1.9848637e-06	-2.112911e-06	0.0
-1.8799099e-06	-2.1148724e-06	0.0
-1.6394905e-06	-1.7147515e-06	0.0
-1.9876852e-06	-1.2916659e-06	0.0
-1.9713539e-06	-2.2527113e-06	0.0
-3.3708179e-06	-2.1277651e-06	0.0
-1.5447505e-06	-2.2663871e-06	0.0
-1.0552928e-06	-1.8655678e-06	0.0
-1.0633001e-06	-1.5832538e-06	0.0
-4.7781617e-07	-2.2654226e-06	0.0
-1.2715318e-06	-2.5559175e-06	0.0
-1.8576703e-06	-2.1450444e-06	0.0
-1.6375704e-06	-2.288896e-06	0.0
-1.046951e-06	-1.4733162e-06	0.0
-1.8485756e-06	-1.3326833e-06	0.0
-1.6323297e-06	-1.3240088e-06	0.0
-1.4951402e-06	-2.6893283e-06	0.0
-2.6560613e-06	-3.5248395e-06	0.0
-1.8610615e-06	-3.8162566e-06	0.0
-1.6229685e-06	-2.8668301e-06	0.0
-1.1541359e-06	-2.4450687e-06	0.0
-1.7262073e-06	-2.5873742e-06	0.0
-1.8353768e-06	-2.3150319e-06	0.0
-2.655687e-06	-2.4583303e-06	0.0
-1.611191e-06	-1.7808537e-06	0.0
-2.6451301e-06	-1.8992721e-06	0.0
-1.9520212e-06	-3.1371658e-06	0.0
-2.770651e-06	-3.0300041e-06	0.0
-9.2087936e-07	-2.0602267e-06	0.0
-2.1678491e-06	-2.7403289e-06	0.0
-1.9478427e-06	-2.8774812e-06	0.0
-2.6380692e-06	-3.9802403e-06	0.0
-1.9539621e-06	-3.4540544e-06	0.0
-1.8358228e-06	-3.0337264e-06	0.0
-1.1372136e-06	-3.0425581e-06	0.0
-2.0352288e-06	-2.4919575e-06	0.0
-3.2056098e-06	-3.166683e-06	0.0
-2.7549456e-06	-3.597853e-06	0.0
-2.6282978e-06	-2.9217315e-06	0.0
-2.7435426e-06	-2.6402415e-06	0.0
-2.6313267e-06	-2.7789818e-06	0.0
-2.2847742e-06	-2.9163941e-06	0.0
-2.048879e-06	-3.5932676e-06	0.0
-1.9354525e-06	-4.3060863e-06	0.0
-1.9139975e-06	-2.9416465e-06	0.0
-3.3091133e-06	-3.3329334e-06	0.0
-2.3958526e-06	-4.0186401e-06	0.0
-2.6210262e-06	-4.7289341e-06	0.0
-1.7004912e-06	-3.3653307e-06	0.0
-2.4710198e-06	-3.493479e-06	0.0
-3.8907324e-06	-3.2167093e-06	0.0
-2.2698446e-06	-4.1785802e-06	0.0
-3.6363442e-06	-3.9144397e-06	0.0
-3.1904158e-06	-4.3271161e-06	0.0
-3.642099e-06	-4.0544719e-06	0.0
-3.0846913e-06	-4.4774492e-06	0.0
-2.0378093e-06	-3.5173671e-06	0.0
-2.0177881e-06	-4.2010165e-06	0.0
-2.7107296e-06	-3.9193101e-06	0.0
-2.7187841e-06	-5.7028078e-06	0.0
-2.3794003e-06	-5.1843799e-06	0.0
-1.6749386e-06	-5.1651355e-06	0.0
-2.1336846e-06	-5.5976152e-06	0.0
-1.6751702e-06	-4.6342675e-06	0.0
-2.1201079e-06	-5.1904003e-06	0.0
-2.3730047e-06	-3.9580427e-06	0.0
-1.2143963e-06	-5.0369913e-06	0.0
-1.9846898e-06	-5.0634326e-06	0.0
-3.6127667e-06	-5.3079543e-06	0.0
-3.629001e-06	-7.11545e-06	0.0
-3.291944e-06	-5.7660695e-06	0.0
-2.2412426e-06	-6.0228786e-06	0.0
-2.5870631e-06	-5.8919118e-06	0.0
-1.771697e-06	-6.4391406e-06	0.0
-2.9113112e-06	-6.1870201e-06	0.0
-2.816347e-06	-5.6235372e-06	0.0
-2.3582204e-06	-6.4507667e-06	0.0
-1.5413151e-06	-6.1756723e-06	0.0
-1.7641736e-06	-7.2780094e-06	0.0
-1.866139e-06	-6.3455013e-06	0.0
-3.139186e-06	-6.0447173e-06	0.0
-2.9137034e-06	-7.1395821e-06	0.0
-3.7127072e-06	-7.3067386e-06	0.0
-3.5018791e-06	-6.3462635e-06	0.0
-2.9125172e-06	-6.3464004e-06	0.0
-3.3630959e-06	-5.7957236e-06	0.0
-3.4924901e-06	-6.4773358e-06	0.0
-3.0208137e-06	-6.4858073e-06	0.0
-3.5952942e-06	-6.8989871e-06	0.0
-3.4743111e-06	-6.900601e-06	0.0
-4.1789226e-06	-7.3223177e-06	0.0
-2.6890343e-06	-6.6423108e-06	0.0
-2.6615155e-06	-7.1724339e-06	0.0
-3.1240459e-06	-8.1425414e-06	0.0
-3.469502e-06	-8.4227713e-06	0.0
-3.814594e-06	-8.7114913e-06	0.0
-3.9369138e-06	-8.0222417e-06	0.0
-3.5862831e-06	-8.7100752e-06	0.0
-3.9255933e-06	-7.9038155e-06	0.0
-4.1546805e-06	-7.8854027e-06	0.0
-4.6166942e-06	-8.8443794e-06	0.0
-4.3966756e-06	-9.5388177e-06	0.0
-3.5908174e-06	-9.6937811e-06	0.0
-2.8907862e-06	-8.8723955e-06	0.0
-2.9881683e-06	-9.0067006e-06	0.0
-3.9159509e-06	-9.0003859e-06	0.0
-3.3573208e-06	-1.0105007e-05	0.0
-2.7555839e-06	-9.5699206e-06	0.0
-3.9124848e-06	-9.9677873e-06	0.0
-2.8946311e-06	-1.0530037e-05	0.0
-2.737381e-06	-1.0390687e-05	0.0
-4.8335896e-06	-1.1481366e-05	0.0
-3.0070403e-06	-1.1783146e-05	0.0
-3.2043267e-06	-1.0683623e-05	0.0
-3.6827223e-06	-1.1357103e-05	0.0
-2.8714464e-06	-1.1515048e-05	0.0
-3.4341044e-06	-1.0827996e-05	0.0
-3.5661899e-06	-1.1365724e-05	0.0
-2.9720568e-06	-1.1796881e-05	0.0
-4.0202162e-06	-1.097481e-05	0.0
-2.633923e-06	-1.1648274e-05	0.0
-3.774054e-06	-1.2343204e-05	0.0
-3.4368561e-06	-1.2492268e-05	0.0
-4.116624e-06	-1.2213824e-05	0.0
-4.2483571e-06	-1.3036118e-05	0.0
-3.5435073e-06	-1.2784274e-05	0.0
-4.4640747e-06	-1.1949625e-05	0.0
-4.1190024e-06	-1.3042983e-05	0.0
-4.810076e-06	-1.3187489e-05	0.0
-3.9022566e-06	-1.4144309e-05	0.0
-3.0811434e-06	-1.4434698e-05	0.0
-3.4112513e-06	-1.4425943e-05	0.0
-4.2296811e-06	-1.5663021e-05	0.0
-3.538805e-06	-1.5411259e-05	0.0
-3.9888082e-06	-1.4720274e-05	0.0
-3.9995775e-06	-1.4993564e-05	0.0
-3.3084657e-06	-1.4995822e-05	0.0
-3.3957995e-06	-1.580927e-05	0.0
-4.9205755e-06	-1.6653898e-05	0.0
-2.6194309e-06	-1.5696362e-05	0.0
-3.3950248e-06	-1.6376109e-05	0.0
-3.7555942e-06	-1.6246528e-05	0.0
-3.863142e-06	-1.6926831e-05	0.0
-4.6640375e-06	-1.7746353e-05	0.0
-5.2519385e-06	-1.9129278e-05	0.0
-4.5665624e-06	-1.8600776e-05	0.0
-4.3173059e-06	-1.7914959e-05	0.0
-4.9082983e-06	-1.7896156e-05	0.0
-3.7399468e-06	-1.9685604e-05	0.0
-5.3558133e-06	-1.9427218e-05	0.0
-3.9815895e-06	-1.9835392e-05	0.0
-4.7689359e-06	-1.9839807e-05	0.0
-4.558166e-06	-2.0651532e-05	0.0
-3.7408731e-06	-2.1500799e-05	0.0
-4.0765394e-06	-2.0262227e-05	0.0
-4.5350512e-06	-2.1626143e-05	0.0
-5.1183338e-06	-2.1234033e-05	0.0
-4.8814754e-06	-2.1365093e-05	0.0
-5.9133463e-06	-2.1901256e-05	0.0
-6.0393331e-06	-2.3828028e-05	0.0
-5.9226859e-06	-2.3715125e-05	0.0
-5.8018786e-06	-2.3567705e-05	0.0
-6.0347384e-06	-2.4391335e-05	0.0
-5.4629222e-06	-2.5069989e-05	0.0
-5.1074035e-06	-2.6728279e-05	0.0
-5.4431407e-06	-2.5931433e-05	0.0
-6.0279867e-06	-2.5501266e-05	0.0
-5.7892471e-06	-2.6595073e-05	0.0
-6.9385683e-06	-2.7023241e-05	0.0
-6.613358e-06	-2.7017175e-05	0.0
-5.6795316e-06	-2.7982689e-05	0.0
-5.9032363e-06	-2.7717821e-05	0.0
-5.7878588e-06	-2.8389799e-05	0.0
-6.2400113e-06	-2.9631228e-05	0.0
-6.2650247e-06	-3.0052741e-05	0.0
-4.2922325e-06	-3.0463412e-05	0.0
-5.1939373e-06	-3.128131e-05	0.0
-5.2091141e-06	-3.2125798e-05	0.0
-5.0841813e-06	-3.1165004e-05	0.0
-5.321413e-06	-3.2387383e-05	0.0
-4.846881e-06	-3.2946751e-05	0.0
-6.4527821e-06	-3.3769607e-05	0.0
-6.5899212e-06	-3.4323421e-05	0.0
-5.8914529e-06	-3.4877368e-05	0.0
-6.0016091e-06	-3.4886296e-05	0.0
-5.5498749e-06	-3.5014782e-05	0.0
-4.841218e-06	-3.6517074e-05	0.0
-5.766216e-06	-3.7629579e-05	0.0
-5.0734475e-06	-3.7772272e-05	0.0
-5.9891968e-06	-3.8319529e-05	0.0
-5.4290854e-06	-3.8738544e-05	0.0
-4.7219205e-06	-3.9009974e-05	0.0
-5.518621e-06	-4.0106363e-05	0.0
-6.2163108e-06	-4.1065687e-05	0.0
-6.33534e-06	-4.2580054e-05	0.0
-6.1060373e-06	-4.3001208e-05	0.0
-6.0921152e-06	-4.3552795e-05	0.0
-7.3605324e-06	-4.3826883e-05	0.0
-7.0335118e-06	-4.5055509e-05	0.0
-6.093891e-06	-4.6032819e-05	0.0
-6.905364e-06	-4.588961e-05	0.0
-5.8625483e-06	-4.7938724e-05	0.0
-7.0121041e-06	-4.8651858e-05	0.0
-6.0978214e-06	-4.7962571e-05	0.0
-6.2051809e-06	-4.9320275e-05	0.0
-5.8562186e-06	-5.1103005e-05	0.0
-6.5425443e-06	-5.2901571e-05	0.0
-6.4382953e-06	-5.2638839e-05	0.0
-5.9644449e-06	-5.3979151e-05	0.0
-6.7746951e-06	-5.7159679e-05	0.0
-6.0822322e-06	-5.5939192e-05	0.0
-6.8801201e-06	-5.7700861e-05	0.0
-6.890572e-06	-5.8681671e-05	0.0
-6.5380609e-06	-5.9352707e-05	0.0
-6.6566199e-06	-6.1697159e-05	0.0
-6.1833684e-06	-6.1559716e-05	0.0
-7.6785409e-06	-6.4030173e-05	0.0
-7.1270092e-06	-6.4030377e-05	0.0
-5.8352612e-06	-6.6912013e-05	0.0
-7.105617e-06	-6.6250614e-05	0.0
-5.9569743e-06	-6.7189023e-05	0.0
-6.637224e-06	-6.910877e-05	0.0
-6.5247132e-06	-7.090297e-05	0.0
-7.0977012e-06	-7.1593837e-05	0.0
-7.0984224e-06	-7.3226525e-05	0.0
-7.4444547e-06	-7.5300843e-05	0.0
-6.9881735e-06	-7.5441138e-05	0.0
-6.7459905e-06	-7.7485958e-05	0.0
-7.3227393e-06	-7.887782e-05	0.0
-7.0953411e-06	-7.941838e-05	0.0
-7.0917376e-06	-8.2014594e-05	0.0
-7.0872402e-06	-8.4082698e-05	0.0
-7.3241313e-06	-8.5737192e-05	0.0
-6.5118088e-06	-8.6832923e-05	0.0
-7.0827878e-06	-8.9290297e-05	0.0
-7.0785959e-06	-9.1775903e-05	0.0
-8.2303386e-06	-9.2601222e-05	0.0
-8.4588492e-06	-9.4659546e-05	0.0
-9.5046817e-06	-9.5622396e-05	0.0
-8.2427496e-06	-9.8082644e-05	0.0
-8.3400837e-06	-0.00010041678	0.0
-8.6959408e-06	-0.00010289357	0.0
-7.6613169e-06	-0.00010413516	0.0
-7.4137629e-06	-0.00010631474	0.0
-8.2231909e-06	-0.00010961143	0.0
-7.9935244e-06	-0.00011140896	0.0
-8.3387577e-06	-0.00011305106	0.0
-7.7656141e-06	-0.0001155129	0.0
-7.8653457e-06	-0.00011826568	0.0
-8.796078e-06	-0.00012004723	0.0
-8.1030048e-06	-0.00012333208	0.0
-8.6772498e-06	-0.00012608626	0.0
-8.4359599e-06	-0.00012828213	0.0
-9.9465169e-06	-0.0001308831	0.0
-8.2181095e-06	-0.00013390371	0.0
-9.0179819e-06	-0.00013677988	0.0
-7.6423121e-06	-0.00014062315	0.0
-7.8526436e-06	-0.00014336965	0.0
-9.1134334e-06	-0.00014680209	0.0
-1.0625506e-05	-0.00014900221	0.0
-9.7141137e-06	-0.0001520153	0.0
-9.2390046e-06	-0.00015529702	0.0
-9.4722755e-06	-0.00015983287	0.0
-9.0055464e-06	-0.0001620335	0.0
-9.6955018e-06	-0.00016626813	0.0
-9.2397495e-06	-0.00017053164	0.0
-9.117156e-06	-0.00017382545	0.0
-9.3441276e-06	-0.00017793388	0.0
-9.9175386e-06	-0.00018232853	0.0
-1.0495804e-05	-0.00018603312	0.0
-1.0387747e-05	-0.00019068402	0.0
-9.6881631e-06	-0.00019590829	0.0
-1.0148484e-05	-0.00019933617	0.0
-9.5719188e-06	-0.00020481824	0.0
-9.9123217e-06	-0.0002089367	0.0
-9.7999527e-06	-0.00021414658	0.0
-1.001905e-05	-0.00021866905	0.0
-1.1178642e-05	-0.00022470651	0.0
-1.0375663e-05	-0.00022868953	0.0
-1.0595642e-05	-0.00023429924	0.0
-1.0944341e-05	-0.00024047075	0.0
-1.0941983e-05	-0.00024664472	0.0
-1.1286853e-05	-0.00025254014	0.0
-1.1173213e-05	-0.00025885212	0.0
-1.1167247e-05	-0.00026473956	0.0
-1.18549e-05	-0.00027256031	0.0
-1.2096902e-05	-0.00027777883	0.0
-1.0712053e-05	-0.00028488805	0.0
-1.0811539e-05	-0.00029298349	0.0
-1.1508875e-05	-0.00030011695	0.0
-1.1161204e-05	-0.00030752382	0.0
-1.207136e-05	-0.00031437294	0.0
-1.2557663e-05	-0.00032314053	0.0
-9.7856127e-06	-0.00033137391	0.0
-1.067519e-05	-0.00034000346	0.0
-1.2646832e-05	-0.00034933171	0.0
-1.2542248e-05	-0.0003575577	0.0
-1.2418114e-05	-0.00036727957	0.0
-1.2880408e-05	-0.00037715878	0.0
-1.2312962e-05	-0.00038620655	0.0
-1.1828863e-05	-0.00039660628	0.0
-1.3681739e-05	-0.00040840349	0.0
-1.2197039e-05	-0.00041882656	0.0
-1.2171657e-05	-0.00043047062	0.0
-1.344297e-05	-0.00044226399	0.0
-1.3451857e-05	-0.000454464	0.0
-1.3215867e-05	-0.0004668117	0.0
-1.3444307e-05	-0.00047872172	0.0
-1.3781153e-05	-0.0004936583	0.0
-1.5166295e-05	-0.00050696434	0.0
-1.5062069e-05	-0.0005214868	0.0
-1.4821906e-05	-0.00053655863	0.0
-1.56228e-05	-0.0005524751	0.0
-1.6093578e-05	-0.0005659085	0.0
-1.5403784e-05	-0.00058301224	0.0
-1.5276595e-05	-0.00060098723	0.0
-1.5967289e-05	-0.000617438	0.0
-1.6310851e-05	-0.00063592894	0.0
-1.6782609e-05	-0.0006548423	0.0
-1.5511006e-05	-0.00067430991	0.0
-1.6075777e-05	-0.00069389067	0.0
-1.6305932e-05	-0.00071637001	0.0
-1.7113352e-05	-0.00073665951	0.0
-1.7113223e-05	-0.00075981114	0.0
-1.7914195e-05	-0.00078284869	0.0
-1.8381101e-05	-0.0008064115	0.0
-1.8605459e-05	-0.00083174382	0.0
-1.9750256e-05	-0.00085889234	0.0
-2.0686355e-05	-0.00088411494	0.0
-1.9999237e-05	-0.00091192283	0.0
-2.0209533e-05	-0.00094028737	0.0
-2.1374537e-05	-0.00097097352	0.0
-2.0677988e-05	-0.001002363	0.0
-2.1942044e-05	-0.0010348369	0.0
-2.1489142e-05	-0.0010688211	0.0
-2.1939037e-05	-0.0011033526	0.0
-2.2512386e-05	-0.0011400826	0.0
-2.343893e-05	-0.0011773455	0.0
-2.3661954e-05	-0.0012181735	0.0
-2.4939836e-05	-0.0012586137	0.0
-2.4017778e-05	-0.0013012207	0.0
-2.5603375e-05	-0.0013461887	0.0
-2.7474216e-05	-0.0013919588	0.0
-2.6663758e-05	-0.001441156	0.0
-2.7930209e-05	-0.0014905027	0.0
-2.7687502e-05	-0.0015428482	0.0
-3.0456913e-05	-0.0015975223	0.0
-2.9779954e-05	-0.0016544012	0.0
-3.1024945e-05	-0.0017137439	0.0
-3.2984455e-05	-0.0017749876	0.0
-3.4838635e-05	-0.0018399394	0.0
-3.4969147e-05	-0.0019069633	0.0
-3.4946042e-05	-0.0019766006	0.0
-3.7712038e-05	-0.0020481171	0.0
-3.8637139e-05	-0.0021249901	0.0
-4.0946499e-05	-0.0022042014	0.0
-4.1404743e-05	-0.0022884714	0.0
-4.4053431e-05	-0.0023739799	0.0
-4.5203062e-05	-0.0024642581	0.0
-4.8432714e-05	-0.0025590966	0.0
-4.9139187e-05	-0.0026574645	0.0
-5.0736133e-05	-0.0027610434	0.0
-5.3273347e-05	-0.0028691413	0.0
-5.5351396e-05	-0.0029813659	0.0
-5.7768117e-05	-0.0030987028	0.0
-6.0538339e-05	-0.0032217207	0.0
-6.3180036e-05	-0.0033508048	0.0
-6.7447378e-05	-0.0034843923	0.0
-7.0112954e-05	-0.0036251163	0.0
-7.2985909e-05	-0.0037713281	0.0
-7.6901e-05	-0.0039250324	0.0
-8.049178e-05	-0.0040847957	0.0
-8.3240273e-05	-0.0042536212	0.0
-8.9572735e-05	-0.0044294391	0.0
-9.4092102e-05	-0.0046128426	0.0
-9.812061e-05	-0.0048040967	0.0
-0.00010374973	-0.0050046816	0.0
-0.00011102496	-0.0052147522	0.0
-0.00011667475	-0.0054326039	0.0
-0.00012461861	-0.0056621623	0.0
-0.00013189706	-0.0058993665	0.0
-0.0001390511	-0.0061476384	0.0
-0.00014641738	-0.0064075245	0.0
-0.00015587092	-0.0066775982	0.0
-0.00016475287	-0.0069594351	0.0
-0.00017501276	-0.0072525977	0.0
-0.00018550233	-0.0075553423	0.0
-0.00019737404	-0.0078724939	0.0
-0.00020960043	-0.0082019065	0.0
-0.00022240647	-0.0085419565	0.0
-0.0002354427	-0.0088944919	0.0
-0.00024995412	-0.0092606079	0.0
-0.00026645375	-0.0096359784	0.0
-0.00028213693	-0.010023352	0.0
-0.00030012717	-0.010422072	0.0
-0.00031834433	-0.010833549	0.0
-0.0003389958	-0.011251784	0.0
-0.00035780252	-0.011680478	0.0
-0.00037958001	-0.012117211	0.0
-0.00040196648	-0.01256288	0.0
-0.00042400594	-0.013010903	0.0
-0.00044626248	-0.013463019	0.0
-0.00047003967	-0.013916223	0.0
-0.00049150613	-0.014364064	0.0
-0.00051411835	-0.014804202	0.0
-0.00053523917	-0.015228753	0.0
-0.00055590906	-0.015634993	0.0
-0.00057383213	-0.016007289	0.0
-0.00058828801	-0.016339565	0.0
-0.00060052774	-0.016610047	0.0
-0.00061118515	-0.016803566	0.0
-0.00061608088	-0.016895566	0.0
-0.00061796379	-0.016856177	0.0
-0.00061512442	-0.016648542	0.0
-0.00060847931	-0.016231142	0.0
-0.00059619162	-0.015554285	0.0
-0.00057903561	-0.014553429	0.0
-0.00055876328	-0.013153229	0.0
-0.00053434045	-0.011272451	0.0
-0.00050610473	-0.008805709	0.0
-0.00047484561	-0.005637438	0.0
-0.0004416442	-0.0016352624	0.0
-0.00040404478	0.0033494544	0.0
-0.00036585322	0.0094652008	0.0
-0.00032452424	0.016881585	0.0
-0.00028282555	0.025748061	0.0
-0.00023812131	0.036183819	0.0
-0.00019011248	0.048278548	0.0
-0.0001411423	0.062042277	0.0
-8.6582004e-05	0.077410482	0.0
-2.8434919e-05	0.094233163	0.0
3.3919619e-05	0.11223926	0.0
0.00010469813	0.13106745	0.0
0.00017961417	0.15037268	0.0
0.00026347599	0.16953903	0.0
0.00035194916	0.18819849	0.0
0.00044687968	0.20578036	0.0
0.00055086095	0.22183239	0.0
0.00065556815	0.23584521	0.0
0.00077006803	0.2473726	0.0
0.00088542292	0.2559202	0.0
0.001003988	0.2610907	0.0
0.0011230969	0.26251346	0.0
0.0012359195	0.25987726	0.0
0.0013467004	0.25296479	0.0
0.0014437907	0.24166094	0.0
0.0015268057	0.22600268	0.0
0.0015930122	0.20600258	0.0
0.0016347998	0.18185531	0.0
0.0016527129	0.15377472	0.0
0.0016409808	0.12207942	0.0
0.0015987112	0.087157346	0.0
0.0015278885	0.049517129	0.0
0.0014233392	0.009481255	0.0
0.0012921507	-0.032356244	0.0
0.001134309	-0.075386405	0.0
0.00095309474	-0.11903163	0.0
0.00075381697	-0.16259688	0.0
0.00054381345	-0.20548242	0.0
0.00032334306	-0.2469762	0.0
0.00010202795	-0.28657347	0.0
-0.00011798808	-0.32369608	0.0
-0.00033577502	-0.35786441	0.0
-0.00054168102	-0.38871089	0.0
-0.00074496825	-0.41573146	0.0
-0.000925884	-0.43871498	0.0
-0.0010998875	-0.45729768	0.0
-0.0012620488	-0.47130105	0.0
-0.0014022531	-0.48044819	0.0
-0.0015361398	-0.48457226	0.0
-0.0016463972	-0.48351261	0.0
-0.0017497332	-0.47714162	0.0
-0.0018313692	-0.46537024	0.0
-0.001901772	-0.44814506	0.0
-0.0019596803	-0.42547604	0.0
-0.0019911223	-0.39748448	0.0
-0.0020159876	-0.36439306	0.0
-0.0020184286	-0.32647929	0.0
-0.0020080528	-0.28415498	0.0
-0.0019806959	-0.23806615	0.0
-0.0019349358	-0.18865043	0.0
-0.0018741445	-0.1366089	0.0
-0.0017955271	-0.082588896	0.0
-0.0017058215	-0.027349355	0.0
-0.0015989966	0.028521933	0.0
-0.0014777884	0.084237143	0.0
-0.0013410689	0.13946439	0.0
-0.0011918185	0.19336215	0.0
-0.0010269523	0.24521732	0.0
-0.00085082109	0.29446712	0.0
-0.00065742404	0.34025255	0.0
-0.00046342408	0.38216102	0.0
-0.00024987853	0.41955531	0.0
-4.5880468e-05	0.4520478	0.0
0.00017309141	0.47916779	0.0
0.00038411541	0.50073844	0.0
0.00058682042	0.51646513	0.0
0.00079417578	0.5262993	0.0
0.00098094775	0.53013015	0.0
0.0011668772	0.52793652	0.0
0.0013382676	0.51972508	0.0
0.0014890028	0.50553578	0.0
0.0016377699	0.48545638	0.0
0.0017521075	0.45961252	0.0
0.0018593243	0.42828667	0.0
0.0019383448	0.39175576	0.0
0.001994381	0.35039321	0.0
0.0020310441	0.30485117	0.0
0.0020344469	0.25554717	0.0
0.0020213006	0.20326394	0.0
0.0019771869	0.14857681	0.0
0.0019118453	0.09232913	0.0
0.0018251765	0.035146255	0.0
0.0017154532	-0.022358876	0.0
0.0015904362	-0.07949914	0.0
0.0014463334	-0.1355844	0.0
0.0012903776	-0.18994065	0.0
0.0011242568	-0.24191344	0.0
0.0009506325	-0.29081705	0.0
0.00076897838	-0.33598381	0.0
0.00058985152	-0.37692511	0.0
0.00040838632	-0.41298157	0.0
0.00023452623	-0.44388863	0.0
6.3732165e-05	-0.46916553	0.0
-9.7466123e-05	-0.48873231	0.0
-0.00024515419	-0.5023787	0.0
-0.00038879144	-0.51002663	0.0
-0.00051829906	-0.51162231	0.0
-0.00063213467	-0.50716299	0.0
-0.00074305345	-0.49667785	0.0
-0.00083419087	-0.48022056	0.0
-0.00091720594	-0.45792514	0.0
-0.00099185237	-0.42995539	0.0
-0.0010475544	-0.39657643	0.0
-0.0011024181	-0.3582007	0.0
-0.0011368941	-0.31524611	0.0
-0.0011673741	-0.268347	0.0
-0.0011848041	-0.21812399	0.0
-0.0011933279	-0.16514751	0.0
-0.0011942531	-0.11018025	0.0
-0.0011823437	-0.053898126	0.0
-0.0011621565	0.0030053849	0.0
-0.0011290022	0.059921779	0.0
-0.0010832828	0.11600823	0.0
-0.0010259445	0.17084512	0.0
-0.00095199601	0.22373366	0.0
-0.00086176267	0.27382344	0.0
-0.00075267319	0.32055965	0.0
-0.00063138426	0.36333153	0.0
-0.00048841827	0.40154701	0.0
-0.0003416283	0.434798	0.0
-0.00017911028	0.46268278	0.0
-1.7902115e-05	0.48489615	0.0
0.00014485029	0.50130099	0.0
0.00030680673	0.51174659	0.0
0.00045592367	0.51618356	0.0
0.00060454907	0.51456648	0.0
0.00073492574	0.50691664	0.0
0.00085319241	0.49325645	0.0
0.00095646374	0.4736864	0.0
0.0010366275	0.44833589	0.0
0.0011036276	0.41745722	0.0
0.0011424982	0.38135365	0.0
0.0011670893	0.34045663	0.0
0.0011692406	0.29527837	0.0
0.0011469935	0.24639049	0.0
0.0011154255	0.19449326	0.0
0.0010596099	0.14017799	0.0
0.0009980757	0.084095791	0.0
0.00092570268	0.027147023	0.0
0.00084902719	-0.030083194	0.0
0.00077010179	-0.086824529	0.0
0.00069191004	-0.14259917	0.0
0.00061358558	-0.19685492	0.0
0.0005378584	-0.24864535	0.0
0.00046340964	-0.29730132	0.0
0.00039085658	-0.34224534	0.0
0.00032374021	-0.38291794	0.0
0.00024771559	-0.41868418	0.0
0.00017747201	-0.44929633	0.0
0.00010333553	-0.47437209	0.0
3.1106705e-05	-0.49365035	0.0
-4.3215841e-05	-0.50701797	0.0
-0.00012413954	-0.51438063	0.0
-0.00019252572	-0.51568419	0.0
-0.00027232108	-0.51092112	0.0
-0.00033535171	-0.50010681	0.0
-0.00040605624	-0.48331532	0.0
-0.00045730165	-0.46067685	0.0
-0.00049841014	-0.43238941	0.0
-0.00052684091	-0.39869788	0.0
-0.00052917522	-0.35996872	0.0
-0.00051647116	-0.31675869	0.0
-0.00046821241	-0.26949245	0.0
-0.00039965444	-0.21886441	0.0
-0.00029940749	-0.16550633	0.0
-0.00017432838	-0.11014665	0.0
-2.0988346e-05	-0.053581581	0.0
0.00015444266	0.0035205765	0.0
0.00035135049	0.06066883	0.0
0.00056590873	0.11712888	0.0
0.00079550984	0.17223558	0.0
0.0010324938	0.22525406	0.0
0.0012765403	0.2755141	0.0
0.0015193488	0.32243633	0.0
0.0017580673	0.36528206	0.0
0.0019851937	0.40363288	0.0
0.0021931033	0.43680018	0.0
0.0023876196	0.46467227	0.0
0.0025476175	0.48681137	0.0
0.0026891564	0.50315195	0.0
0.0027936841	0.51348269	0.0
0.0028713425	0.51779944	0.0
0.0029207189	0.51606381	0.0
0.0029343215	0.50828457	0.0
0.0029238064	0.4945085	0.0
0.0028837519	0.47480997	0.0
0.0028128724	0.44934624	0.0
0.0027284925	0.41834313	0.0
0.0026046678	0.38212007	0.0
0.0024669757	0.34112203	0.0
0.0023079927	0.29581991	0.0
0.0021290909	0.24684867	0.0
0.0019393169	0.19483873	0.0
0.0017291318	0.14044461	0.0
0.0015136597	0.084454775	0.0
0.0012882539	0.027475949	0.0
0.0010560807	-0.029802363	0.0
0.00081932609	-0.08671362	0.0
0.00058034214	-0.14273837	0.0
0.00033979205	-0.1969039	0.0
0.00010066707	-0.24880323	0.0
-0.00013411022	-0.29768255	0.0
-0.0003671427	-0.34273732	0.0
-0.00058827444	-0.3835865	0.0
-0.00080638146	-0.4195767	0.0
-0.0010067482	-0.45037538	0.0
-0.0011960929	-0.47557411	0.0
-0.0013719265	-0.4950141	0.0
-0.0015247646	-0.50851333	0.0
-0.0016726698	-0.51598346	0.0
-0.0017903587	-0.51736438	0.0
-0.0018994069	-0.51264697	0.0
-0.0019921572	-0.50186288	0.0
-0.0020542503	-0.48507369	0.0
-0.0021153153	-0.46239495	0.0
-0.0021381343	-0.43401763	0.0
-0.0021498648	-0.40027186	0.0
-0.0021388545	-0.36146131	0.0
-0.0020956774	-0.31810838	0.0
-0.0020449273	-0.27074918	0.0
-0.0019563213	-0.22009155	0.0
-0.001859538	-0.16672808	0.0
-0.0017349117	-0.11137212	0.0
-0.0015966451	-0.054710217	0.0
-0.001445504	0.002499023	0.0
-0.0012781164	0.059714135	0.0
-0.0011035217	0.11609462	0.0
-0.0009205963	0.17128207	0.0
-0.00073266617	0.22421749	0.0
-0.00053918612	0.2745325	0.0
-0.0003477986	0.32140499	0.0
-0.000154419	0.36423194	0.0
3.6775709e-05	0.40249458	0.0
0.00021465211	0.4357447	0.0
0.00038879126	0.46358338	0.0
0.0005513028	0.48578438	0.0
0.00069761468	0.50213265	0.0
0.00083687337	0.51251203	0.0
0.00095082592	0.51688242	0.0
0.0010614748	0.51518434	0.0
0.0011454129	0.50743991	0.0
0.0012171431	0.49369377	0.0
0.0012719635	0.47403824	0.0
0.0013002782	0.44862807	0.0
0.0013165997	0.41769513	0.0
0.0013013466	0.38152444	0.0
0.0012694058	0.34062099	0.0
0.0012113724	0.29541805	0.0
0.001129713	0.24653047	0.0
0.0010302702	0.19462982	0.0
0.00090890471	0.14034756	0.0
0.00077095372	0.084449962	0.0
0.00061614398	0.027456062	0.0
0.00044849224	-0.02968758	0.0
0.00026942935	-0.086530387	0.0
8.0436039e-05	-0.14241318	0.0
-0.00011529325	-0.19659665	0.0
-0.00031737014	-0.24855986	0.0
-0.00052606862	-0.29723853	0.0
-0.0007367761	-0.34238055	0.0
-0.00094763364	-0.38325292	0.0
-0.0011555591	-0.41928345	0.0
-0.0013536103	-0.4501476	0.0
-0.0015507733	-0.4754774	0.0
-0.001728543	-0.4950625	0.0
-0.0018928269	-0.50871044	0.0
-0.0020474137	-0.51635122	0.0
-0.0021695958	-0.51792914	0.0
-0.0022874726	-0.51343542	0.0
-0.0023697466	-0.50289011	0.0
-0.0024341906	-0.48629981	0.0
-0.0024782941	-0.46393573	0.0
-0.0024812957	-0.43581632	0.0
-0.0024739727	-0.40229046	0.0
-0.0024277798	-0.36358634	0.0
-0.0023572238	-0.32039434	0.0
-0.0022649148	-0.27317289	0.0
-0.0021434119	-0.22249179	0.0
-0.0020082053	-0.1691958	0.0
-0.0018505792	-0.11380292	0.0
-0.0016823469	-0.057128813	0.0
-0.001501905	0.00020624732	0.0
-0.0013136197	0.057420671	0.0
-0.0011223974	0.11404194	0.0
-0.00092743314	0.16931647	0.0
-0.00073305808	0.22259489	0.0
-0.00054175564	0.27303925	0.0
-0.00035234593	0.32015741	0.0
-0.00017374533	0.36322078	0.0
9.9441058e-07	0.40174016	0.0
0.00016726524	0.43518576	0.0
0.00031721767	0.46324596	0.0
0.00046436751	0.48563153	0.0
0.00059172884	0.50214356	0.0
0.00070858141	0.51268762	0.0
0.00081922242	0.51719141	0.0
0.00090253778	0.51563388	0.0
0.00099343422	0.50802988	0.0
0.0010557722	0.49440289	0.0
0.0011180176	0.47486582	0.0
0.0011636171	0.44956547	0.0
0.0011943574	0.41868797	0.0
0.0012215597	0.38261628	0.0
0.0012285939	0.34177783	0.0
0.0012311981	0.29664242	0.0
0.001213939	0.24780856	0.0
0.0011852636	0.19595513	0.0
0.0011448575	0.14169526	0.0
0.0010873341	0.085783646	0.0
0.001017972	0.028992515	0.0
0.00093081745	-0.028190376	0.0
0.00082968164	-0.085115694	0.0
0.00070910773	-0.14090487	0.0
0.00057117559	-0.19524062	0.0
0.0004111944	-0.24697067	0.0
0.00023176605	-0.2958023	0.0
3.0657033e-05	-0.34096456	0.0
-0.00019363689	-0.3817752	0.0
-0.00042791979	-0.41785061	0.0
-0.0006817673	-0.44870108	0.0
-0.00093667052	-0.47405484	0.0
-0.0012015647	-0.49363747	0.0
-0.0014576574	-0.50732231	0.0
-0.0017135374	-0.51499683	0.0
-0.0019494762	-0.51662236	0.0
-0.0021763423	-0.51216894	0.0
-0.0023783753	-0.50167668	0.0
-0.0025540008	-0.4852086	0.0
-0.0027124141	-0.46283811	0.0
-0.0028192173	-0.43480369	0.0
-0.0029111102	-0.40138662	0.0
-0.0029536115	-0.36294815	0.0
-0.0029654494	-0.31993717	0.0
-0.0029405819	-0.27290544	0.0
-0.0028741083	-0.22250818	0.0
-0.0027840761	-0.16934045	0.0
-0.0026516179	-0.11412608	0.0
-0.0025007466	-0.057806246	0.0
-0.0023162076	-0.00069955149	0.0
-0.0021123691	0.056355931	0.0
-0.0018870737	0.11271646	0.0
-0.0016450117	0.16780633	0.0
-0.0013839505	0.22082941	0.0
-0.0011121914	0.27114671	0.0
-0.00083090848	0.31813413	0.0
-0.00054388924	0.36102965	0.0
-0.00026086185	0.39950749	0.0
2.2862496e-05	0.43284962	0.0
0.00028343388	0.4609116	0.0
0.00053832034	0.48331276	0.0
0.00076937547	0.499879	0.0
0.00097116467	0.51049423	0.0
0.0011647604	0.51506418	0.0
0.0013168774	0.51359439	0.0
0.0014511257	0.50608593	0.0
0.0015623096	0.49257523	0.0
0.0016429382	0.47313416	0.0
0.00171382	0.44792879	0.0
0.0017495522	0.41720149	0.0
0.0017799194	0.38123101	0.0
0.001788776	0.34041166	0.0
0.0017808257	0.29535398	0.0
0.0017720183	0.24659704	0.0
0.0017410052	0.1947411	0.0
0.0017157394	0.14056417	0.0
0.0016743337	0.084610105	0.0
0.0016288003	0.027754577	0.0
0.0015784134	-0.029259516	0.0
0.0015158885	-0.086159661	0.0
0.0014438373	-0.14186265	0.0
0.0013572203	-0.19597602	0.0
0.0012561785	-0.24776083	0.0
0.0011381359	-0.29641783	0.0
0.0010046685	-0.34139159	0.0
0.00085523166	-0.38205925	0.0
0.00069197651	-0.41794285	0.0
0.00051715039	-0.4485895	0.0
0.00034000643	-0.47372743	0.0
0.000153097	-0.49306235	0.0
-2.6368281e-05	-0.50649369	0.0
-0.00020744748	-0.51389706	0.0
-0.00037916226	-0.51524669	0.0
-0.00054387789	-0.51054931	0.0
-0.00069199566	-0.49981746	0.0
-0.00083502434	-0.48312113	0.0
-0.00095858134	-0.46056601	0.0
-0.0010622889	-0.4323521	0.0
-0.0011566253	-0.39879155	0.0
-0.0012240203	-0.36017945	0.0
-0.0012729259	-0.31705379	0.0
-0.0013030753	-0.26992351	0.0
-0.0013101342	-0.21941912	0.0
-0.0012971739	-0.166354	0.0
-0.0012660528	-0.11122221	0.0
-0.0012151937	-0.054850735	0.0
-0.001147964	0.0021698426	0.0
-0.0010640317	0.059163935	0.0
-0.00096673059	0.11558594	0.0
-0.00085590273	0.170588	0.0
-0.00073441566	0.2237269	0.0
-0.00060389069	0.27393073	0.0
-0.00046795391	0.32086849	0.0
-0.00032283188	0.36383346	0.0
-0.00017857293	0.40223822	0.0
-3.5108133e-05	0.43562832	0.0
0.00011429406	0.46363455	0.0
0.00024643805	0.48602009	0.0
0.00038817275	0.50252777	0.0
0.00051171152	0.51309526	0.0
0.00063256372	0.51762372	0.0
0.00075012533	0.51607531	0.0
0.00084648147	0.5084644	0.0
0.0009471933	0.49483964	0.0
0.001025595	0.47527951	0.0
0.001097764	0.44993979	0.0
0.0011587172	0.41907364	0.0
0.0011965716	0.38298517	0.0
0.0012237175	0.34214708	0.0
0.0012319426	0.29696202	0.0
0.0012169924	0.24806958	0.0
0.0011912881	0.19613673	0.0
0.001141128	0.14177829	0.0
0.0010729629	0.085943297	0.0
0.00098881824	0.029023437	0.0
0.00088586012	-0.02823361	0.0
0.00077015418	-0.085126169	0.0
0.0006410121	-0.14109106	0.0
0.00049890613	-0.19535461	0.0
0.00034834849	-0.24726488	0.0
0.00019306259	-0.29609275	0.0
2.6891277e-05	-0.34127855	0.0
-0.00013247227	-0.38209188	0.0
-0.00030003229	-0.41818503	0.0
-0.00045550824	-0.44900352	0.0
-0.0006072988	-0.4743644	0.0
-0.00075487467	-0.49390686	0.0
-0.00087901333	-0.50758457	0.0
-0.0010098241	-0.51522487	0.0
-0.0011078928	-0.5168336	0.0
-0.0012135017	-0.51237971	0.0
-0.0012906991	-0.50188249	0.0
-0.0013628252	-0.48541749	0.0
-0.0014195151	-0.46310207	0.0
-0.0014499332	-0.43509954	0.0
-0.0014814353	-0.40171286	0.0
-0.0014776969	-0.3632769	0.0
-0.0014724057	-0.32022178	0.0
-0.0014415267	-0.27314457	0.0
-0.0013961195	-0.22279577	0.0
-0.0013370018	-0.16962859	0.0
-0.0012556562	-0.11438588	0.0
-0.0011655134	-0.057863124	0.0
-0.0010547744	-0.00063422299	0.0
-0.00093131623	0.056568488	0.0
-0.00079588429	0.11324283	0.0
-0.0006475398	0.1684047	0.0
-0.00048272253	0.22159335	0.0
-0.00031026028	0.27217141	0.0
-0.00012629012	0.31928676	0.0
6.9961592e-05	0.36252943	0.0
0.00026461837	0.4011054	0.0
0.00047054733	0.43471131	0.0
0.00066635001	0.46295932	0.0
0.00086565368	0.48551345	0.0
0.0010577557	0.50220656	0.0
0.0012359309	0.51293874	0.0
0.0014049822	0.51760519	0.0
0.001558975	0.51619017	0.0
0.001694436	0.50869751	0.0
0.0018115008	0.49518564	0.0
0.0019091852	0.4757269	0.0
0.00197964	0.45043528	0.0
0.002032869	0.41959074	0.0
0.0020549139	0.38347909	0.0
0.0020573514	0.3425962	0.0
0.0020328991	0.29735339	0.0
0.001988963	0.24839845	0.0
0.0019240988	0.19635001	0.0
0.0018433841	0.14187078	0.0
0.0017482424	0.085751362	0.0
0.0016407931	0.028686738	0.0
0.0015264822	-0.028538959	0.0
0.0014071878	-0.085607968	0.0
0.0012849397	-0.14158709	0.0
0.0011606752	-0.19602202	0.0
0.0010410993	-0.24795333	0.0
0.00092452683	-0.29687363	0.0
0.00081175927	-0.34212962	0.0
0.00071006233	-0.38304329	0.0
0.00061093096	-0.4191716	0.0
0.00052541873	-0.45010832	0.0
0.00045161176	-0.47548825	0.0
0.00038152392	-0.49508423	0.0
0.00033785799	-0.50876397	0.0
0.00029155376	-0.51641703	0.0
0.00026816866	-0.51802635	0.0
0.00025132656	-0.5135476	0.0
0.00024497558	-0.50302124	0.0
0.00026285325	-0.48650426	0.0
0.00026915417	-0.4641068	0.0
0.0003151845	-0.43604225	0.0
0.00035349611	-0.40257308	0.0
0.00040762321	-0.36403027	0.0
0.00048019699	-0.32093093	0.0
0.00055116491	-0.2738471	0.0
0.0006431361	-0.22332297	0.0
0.00073269429	-0.17020237	0.0
0.00083673472	-0.1149665	0.0
0.00094469794	-0.058370821	0.0
0.0010587099	-0.0013434921	0.0
0.0011771331	0.055827867	0.0
0.0012943681	0.11217676	0.0
0.0014110695	0.16728501	0.0
0.0015253719	0.22033142	0.0
0.0016346141	0.27063525	0.0
0.0017310474	0.31759855	0.0
0.0018217509	0.36056125	0.0
0.0018870757	0.39896747	0.0
0.0019433668	0.43235239	0.0
0.0019771764	0.46039793	0.0
0.0019797073	0.4828032	0.0
0.0019787082	0.49936527	0.0
0.0019326902	0.51000935	0.0
0.0018879083	0.51459569	0.0
0.0018077247	0.51314735	0.0
0.0017162187	0.50565231	0.0
0.001618807	0.49215445	0.0
0.001493174	0.47270373	0.0
0.0013727361	0.44751814	0.0
0.001239365	0.41678295	0.0
0.0011036576	0.38082603	0.0
0.00096601335	0.34011248	0.0
0.00082153647	0.29509193	0.0
0.00068519422	0.24638069	0.0
0.00053969392	0.19461356	0.0
0.00040188318	0.1405035	0.0
0.00025570721	0.084711105	0.0
0.00011103875	0.028031731	0.0
-3.6492907e-05	-0.02895684	0.0
-0.00018899443	-0.085631043	0.0
-0.00034646638	-0.14126804	0.0
-0.00050633634	-0.19528191	0.0
-0.00067372469	-0.24684925	0.0
-0.00083925051	-0.29544055	0.0
-0.0010063031	-0.34045389	0.0
-0.0011765939	-0.3810972	0.0
-0.001330581	-0.41707125	0.0
-0.0014890913	-0.44770172	0.0
-0.0016174722	-0.4728905	0.0
-0.0017423976	-0.49234298	0.0
-0.0018355823	-0.50588179	0.0
-0.001911627	-0.51342738	0.0
-0.0019659929	-0.51494968	0.0
-0.0019790863	-0.51042783	0.0
-0.001988377	-0.49985948	0.0
-0.0019493654	-0.48337591	0.0
-0.0019017955	-0.46102566	0.0
-0.0018265237	-0.43302992	0.0
-0.0017164041	-0.3996619	0.0
-0.0016060737	-0.36129725	0.0
-0.0014514441	-0.31829745	0.0
-0.0013078003	-0.27147567	0.0
-0.0011320612	-0.22114173	0.0
-0.00095118891	-0.16817065	0.0
-0.00076565874	-0.11317362	0.0
-0.0005698328	-0.056726392	0.0
-0.00037978994	8.8740511e-05	0.0
-0.00018404401	0.05713458	0.0
3.3075773e-06	0.11336648	0.0
0.00018818998	0.16839115	0.0
0.00036133069	0.22144103	0.0
0.00052976952	0.27171662	0.0
0.00068406662	0.31871063	0.0
0.00082736928	0.3617354	0.0
0.00095642556	0.40024391	0.0
0.0010706782	0.43374088	0.0
0.0011723429	0.46188259	0.0
0.0012548449	0.48440343	0.0
0.001334904	0.501073	0.0
0.0013866087	0.51182276	0.0
0.0014370676	0.51651907	0.0
0.0014716616	0.51518607	0.0
0.0014884369	0.50780404	0.0
0.0015044333	0.49442044	0.0
0.0014902224	0.47509953	0.0
0.0014767433	0.44995072	0.0
0.0014388823	0.41935977	0.0
0.0013806942	0.38346115	0.0
0.0013132248	0.34278694	0.0
0.0012153718	0.29775834	0.0
0.0011086996	0.24905114	0.0
0.00097795972	0.19716182	0.0
0.00083267619	0.14299048	0.0
0.00067380018	0.087084375	0.0
0.00050044834	0.030201387	0.0
0.00031612691	-0.027036443	0.0
0.00012647193	-0.084015518	0.0
-6.8476031e-05	-0.14007905	0.0
-0.00026864605	-0.19436596	0.0
-0.00046653117	-0.246355	0.0
-0.00066597783	-0.29530409	0.0
-0.00085827371	-0.34057626	0.0
-0.0010470785	-0.38154808	0.0
-0.0012297278	-0.41774276	0.0
-0.0013966109	-0.44873849	0.0
-0.0015545775	-0.47420108	0.0
-0.0016974058	-0.49388418	0.0
-0.0018279817	-0.50765401	0.0
-0.0019387039	-0.51540267	0.0
-0.0020380809	-0.51708841	0.0
-0.0021158212	-0.51270109	0.0
-0.0021802373	-0.5022648	0.0
-0.0022226875	-0.48584476	0.0
-0.0022546262	-0.46355709	0.0
-0.0022657902	-0.43560702	0.0
-0.0022609443	-0.40220848	0.0
-0.0022397179	-0.36384654	0.0
-0.0021990417	-0.32086873	0.0
-0.0021454876	-0.2739189	0.0
-0.0020721045	-0.22355339	0.0
-0.0019845744	-0.17047425	0.0
-0.0018817529	-0.11530536	0.0
-0.0017658812	-0.058966469	0.0
-0.0016336677	-0.0019284749	0.0
-0.0014871213	0.055154901	0.0
-0.0013269921	0.11163434	0.0
-0.0011548076	0.16665243	0.0
-0.00096638064	0.21968001	0.0
-0.00076812581	0.27008128	0.0
-0.00055799168	0.31707343	0.0
-0.000336269	0.36008397	0.0
-0.00011270901	0.39857125	0.0
0.0001153925	0.43206313	0.0
0.00034115594	0.46021703	0.0
0.00056120771	0.48274836	0.0
0.00077260047	0.49945557	0.0
0.00096617214	0.51023728	0.0
0.0011450839	0.51500374	0.0
0.0013063829	0.5137428	0.0
0.0014367856	0.50645715	0.0
0.0015558797	0.49315634	0.0
0.0016356634	0.47398728	0.0
0.0016970825	0.44905338	0.0
0.0017261006	0.41855752	0.0
0.001724216	0.38288465	0.0
0.0017002216	0.34236532	0.0
0.0016397737	0.29748833	0.0
0.0015626575	0.24885096	0.0
0.0014563438	0.19713725	0.0
0.0013341733	0.14298894	0.0
0.001198084	0.08714503	0.0
0.0010465895	0.030259416	0.0
0.0008938245	-0.027074793	0.0
0.00073287578	-0.083985895	0.0
0.00057169312	-0.13995001	0.0
0.0004100829	-0.19431153	0.0
0.00025533731	-0.24647625	0.0
0.00010013604	-0.29545045	0.0
-4.3417138e-05	-0.3407647	0.0
-0.00018277603	-0.38178921	0.0
-0.00031268163	-0.4180994	0.0
-0.00042867759	-0.44917455	0.0
-0.00054347509	-0.4746742	0.0
-0.00063759182	-0.4944151	0.0
-0.00072844769	-0.50821155	0.0
-0.00080580194	-0.51598167	0.0
-0.00087594538	-0.51766717	0.0
-0.00093819719	-0.51327336	0.0
-0.00098741439	-0.50281847	0.0
-0.0010376412	-0.48636428	0.0
-0.0010701062	-0.46403083	0.0
-0.0011032595	-0.4359557	0.0
-0.0011184057	-0.40256476	0.0
-0.0011260998	-0.36408332	0.0
-0.0011202552	-0.32103842	0.0
-0.0010952653	-0.27396223	0.0
-0.0010649087	-0.22351338	0.0
-0.0010111354	-0.1701248	0.0
-0.00094949082	-0.11514737	0.0
-0.00086952292	-0.058634374	0.0
-0.00078105589	-0.001308247	0.0
-0.00068164751	0.05575962	0.0
-0.00057773356	0.11228476	0.0
-0.00046912249	0.16746452	0.0
-0.00036190721	0.22069818	0.0
-0.00025688703	0.27116752	0.0
-0.00015360708	0.31841892	0.0
-6.0711511e-05	0.36157438	0.0
2.5134816e-05	0.4002054	0.0
0.00010046452	0.43382952	0.0
0.00016502637	0.46211112	0.0
0.0002208739	0.48477829	0.0
0.00026235334	0.50155932	0.0
0.00029741021	0.51239139	0.0
0.00031718772	0.51720554	0.0
0.00033197273	0.51594251	0.0
0.00033753744	0.50862706	0.0
0.00033451355	0.49526128	0.0
0.00032367409	0.47600254	0.0
0.00030698566	0.45092997	0.0
0.0002817018	0.42027932	0.0
0.00024941724	0.38437897	0.0
0.00021154466	0.34361058	0.0
0.00016372505	0.29869017	0.0
0.00011184394	0.24994488	0.0
5.3512296e-05	0.19814487	0.0
-1.3170044e-05	0.14389712	0.0
-8.3431158e-05	0.088016592	0.0
-0.00016266353	0.031130234	0.0
-0.00024150088	-0.026023138	0.0
-0.00032544334	-0.082998134	0.0
-0.0004076272	-0.13885951	0.0
-0.00048940181	-0.19313221	0.0
-0.00056619581	-0.24504721	0.0
-0.00064102781	-0.29387629	0.0
-0.00070078502	-0.33909139	0.0
-0.00076017639	-0.37997609	0.0
-0.00080617319	-0.41614884	0.0
-0.0008388409	-0.44711056	0.0
-0.00087344722	-0.47261378	0.0
-0.00088116853	-0.49234101	0.0
-0.00089740584	-0.5061729	0.0
-0.00089327362	-0.51405942	0.0
-0.0008824055	-0.51589799	0.0
-0.00087170815	-0.51168668	0.0
-0.00084474927	-0.50145346	0.0
-0.00081933697	-0.48523468	0.0
-0.0007835431	-0.46313578	0.0
-0.00073943718	-0.43539605	0.0
-0.00070003711	-0.40222254	0.0
-0.00064133445	-0.36397183	0.0
-0.00058481976	-0.32115713	0.0
-0.00052443612	-0.27424699	0.0
-0.00045039604	-0.2239188	0.0
-0.00037620452	-0.17087539	0.0
-0.00029024575	-0.115724	0.0
-0.00019763474	-0.059185274	0.0
-9.3889772e-05	-0.0021343499	0.0
2.0802854e-05	0.055056687	0.0
0.00014834595	0.1115052	0.0
0.00029055632	0.16676958	0.0
0.00044623425	0.21992451	0.0
0.00061372301	0.27038559	0.0
0.0007944699	0.31746987	0.0
0.00098437874	0.36058012	0.0
0.0011769678	0.39916408	0.0
0.0013713015	0.43272841	0.0
0.001561675	0.46092895	0.0
0.0017439651	0.4834806	0.0
0.0019149686	0.50021178	0.0
0.0020692823	0.51095462	0.0
0.0022071896	0.51568675	0.0
0.0023206607	0.51437587	0.0
0.0024179802	0.5070309	0.0
0.0024832182	0.49369028	0.0
0.0025297946	0.47441378	0.0
0.0025458736	0.44940567	0.0
0.0025362507	0.41883871	0.0
0.0024968502	0.38302079	0.0
0.002428581	0.34241596	0.0
0.0023373461	0.2974866	0.0
0.002217036	0.24880549	0.0
0.0020765986	0.19707187	0.0
0.0019137374	0.14288504	0.0
0.0017327057	0.087027095	0.0
0.0015381097	0.030293828	0.0
0.0013261636	-0.026875757	0.0
0.0011040788	-0.083800584	0.0
0.00087065418	-0.13958523	0.0
0.0006301984	-0.1937817	0.0
0.00038388916	-0.24561137	0.0
0.00013731305	-0.29444438	0.0
-0.00010623831	-0.33952627	0.0
-0.00034618864	-0.3803719	0.0
-0.00057001784	-0.41645876	0.0
-0.00078764738	-0.44731584	0.0
-0.00097790861	-0.47267577	0.0
-0.0011474018	-0.49225789	0.0
-0.0013014586	-0.50594944	0.0
-0.0014208853	-0.51367104	0.0
-0.0015242889	-0.51532829	0.0
-0.0015988004	-0.51094949	0.0
-0.0016525362	-0.50054479	0.0
-0.0016830817	-0.48417199	0.0
-0.00169066	-0.46197349	0.0
-0.0016780583	-0.43410867	0.0
-0.0016428197	-0.40084481	0.0
-0.0015883668	-0.36255401	0.0
-0.0015113085	-0.31974429	0.0
-0.0014198552	-0.27294648	0.0
-0.0013105086	-0.22268981	0.0
-0.0011854036	-0.16984876	0.0
-0.0010497384	-0.11491825	0.0
-0.00090425124	-0.058660276	0.0
-0.00075211306	-0.0017168225	0.0
-0.00059500127	0.055248905	0.0
-0.0004392378	0.11158865	0.0
-0.0002798388	0.1666538	0.0
-0.00013043213	0.21975441	0.0
2.0783133e-05	0.27027532	0.0
0.00016205142	0.31733605	0.0
0.00030213702	0.36050373	0.0
0.00043321753	0.39923066	0.0
0.0005611488	0.43291688	0.0
0.00067685114	0.4612532	0.0
0.00079313462	0.48398182	0.0
0.00089477608	0.50090992	0.0
0.00099597825	0.51188213	0.0
0.0010839596	0.51683056	0.0
0.0011730251	0.51569301	0.0
0.0012435816	0.50854737	0.0
0.001315271	0.49534351	0.0
0.0013736506	0.4762224	0.0
0.0014147323	0.45128116	0.0
0.0014472025	0.42077541	0.0
0.0014550847	0.38501039	0.0
0.0014440265	0.34425342	0.0
0.0014158062	0.29949999	0.0
0.0013516807	0.2505779	0.0
0.0012729758	0.19875039	0.0
0.0011625502	0.14445332	0.0
0.0010322523	0.088392846	0.0
0.00088346162	0.031549852	0.0
0.00071369164	-0.02589304	0.0
0.00053335447	-0.082829207	0.0
0.00034252115	-0.13888322	0.0
0.00014695192	-0.1932988	0.0
-4.9026228e-05	-0.24536209	0.0
-0.0002397908	-0.29435977	0.0
-0.00042909017	-0.33967632	0.0
-0.00059923978	-0.38075826	0.0
-0.00076543569	-0.41703975	0.0
-0.00090602343	-0.44818091	0.0
-0.0010332755	-0.47368246	0.0
-0.0011395143	-0.49345139	0.0
-0.0012163362	-0.50731558	0.0
-0.0012888213	-0.51516294	0.0
-0.001321872	-0.51694798	0.0
-0.0013515179	-0.51266307	0.0
-0.0013479025	-0.50232244	0.0
-0.001335313	-0.48600578	0.0
-0.001310586	-0.46379018	0.0
-0.0012555952	-0.43593413	0.0
-0.0012063695	-0.40265015	0.0
-0.0011282621	-0.36430472	0.0
-0.0010520922	-0.32139876	0.0
-0.00095592981	-0.27438548	0.0
-0.00086042105	-0.22410674	0.0
-0.00074908155	-0.17096053	0.0
-0.00063467911	-0.11590743	0.0
-0.00051267841	-0.059492297	0.0
-0.00037936066	-0.0024085243	0.0
-0.00024651541	0.054614909	0.0
-0.00010298623	0.1110862	0.0
4.4230586e-05	0.16616198	0.0
0.0001992601	0.21928458	0.0
0.00035406931	0.26970351	0.0
0.00052058103	0.31675887	0.0
0.00067572796	0.35985944	0.0
0.00084079843	0.39841777	0.0
0.00099411549	0.43201277	0.0
0.0011367319	0.46029443	0.0
0.0012726388	0.48282698	0.0
0.0013826934	0.49959296	0.0
0.0014800654	0.51041484	0.0
0.0015560245	0.51521999	0.0
0.0015970179	0.51398087	0.0
0.0016282828	0.50670117	0.0
0.0016182351	0.49343124	0.0
0.0015923865	0.47423679	0.0
0.0015363859	0.44926929	0.0
0.0014515461	0.41877711	0.0
0.0013445263	0.38306311	0.0
0.0012090756	0.34250227	0.0
0.001058143	0.29766399	0.0
0.00088141713	0.24901183	0.0
0.00069900166	0.19747297	0.0
0.00049749733	0.14340067	0.0
0.00028923561	0.087725453	0.0
7.7928875e-05	0.030955171	0.0
-0.00013859234	-0.02615176	0.0
-0.00035230504	-0.083008111	0.0
-0.00056428061	-0.13884619	0.0
-0.0007676353	-0.19311334	0.0
-0.00096325536	-0.24509495	0.0
-0.001147893	-0.29407957	0.0
-0.0013202258	-0.33939132	0.0
-0.0014731697	-0.38048181	0.0
-0.0016158824	-0.41679418	0.0
-0.0017332467	-0.44793665	0.0
-0.0018326924	-0.47357091	0.0
-0.0019115491	-0.49348882	0.0
-0.0019698138	-0.50743461	0.0
-0.0020077846	-0.51538837	0.0
-0.0020256112	-0.51728576	0.0
-0.0020277076	-0.51311344	0.0
-0.0020074516	-0.50287938	0.0
-0.0019735731	-0.48663503	0.0
-0.0019177963	-0.46455067	0.0
-0.0018476285	-0.43677136	0.0
-0.0017547642	-0.40355191	0.0
-0.0016476427	-0.36532533	0.0
-0.0015189492	-0.32242143	0.0
-0.0013743639	-0.27556136	0.0
-0.0012151443	-0.22521541	0.0
-0.0010368386	-0.17217156	0.0
-0.00084958604	-0.11710378	0.0
-0.00064869097	-0.060555577	0.0
-0.00044362328	-0.003556476	0.0
-0.00023330592	0.0536099	0.0
-2.1676515e-05	0.11005107	0.0
0.00018776063	0.1652928	0.0
0.00039129704	0.21850114	0.0
0.00058863132	0.26905882	0.0
0.00077816658	0.31626189	0.0
0.00095509045	0.35955456	0.0
0.0011214181	0.39832768	0.0
0.0012729233	0.43213838	0.0
0.0014109855	0.46060058	0.0
0.0015329181	0.48343912	0.0
0.0016364438	0.5004577	0.0
0.0017314752	0.51149011	0.0
0.0018046524	0.51651627	0.0
0.0018710601	0.5154838	0.0
0.001918069	0.50840157	0.0
0.0019529174	0.49530131	0.0
0.0019716844	0.47625414	0.0
0.0019759599	0.45139274	0.0
0.0019612443	0.42104036	0.0
0.0019311765	0.38538188	0.0
0.0018767627	0.34489739	0.0
0.0018081655	0.30001035	0.0
0.0017108724	0.25143811	0.0
0.0015986055	0.1997349	0.0
0.0014641582	0.14561547	0.0
0.0013078937	0.08975824	0.0
0.0011378281	0.032781277	0.0
0.00095202011	-0.024334438	0.0
0.00075610552	-0.081332974	0.0
0.00054936152	-0.13734312	0.0
0.00033554848	-0.19171049	0.0
0.000115635	-0.24380325	0.0
-0.00010744772	-0.2927846	0.0
-0.0003302132	-0.33811107	0.0
-0.00054931792	-0.37918365	0.0
-0.00076897669	-0.41544697	0.0
-0.00097291404	-0.44652501	0.0
-0.0011723352	-0.47203025	0.0
-0.0013557285	-0.49177805	0.0
-0.001519696	-0.50557566	0.0
-0.0016756533	-0.51336634	0.0
-0.0018022568	-0.51505756	0.0
-0.0019192474	-0.51066893	0.0
-0.0020120773	-0.50025767	0.0
-0.0020828489	-0.48385817	0.0
-0.0021374603	-0.46159595	0.0
-0.0021622234	-0.43364698	0.0
-0.0021671595	-0.40034804	0.0
-0.0021484757	-0.3620171	0.0
-0.0021016218	-0.31906313	0.0
-0.0020308066	-0.2722849	0.0
-0.0019322744	-0.22200562	0.0
-0.0018135756	-0.16912171	0.0
-0.0016707641	-0.11412663	0.0
-0.0015062125	-0.057953652	0.0
-0.0013232122	-0.0010793745	0.0
-0.0011249868	0.055781145	0.0
-0.00091211591	0.1119968	0.0
-0.00068584841	0.16689847	0.0
-0.00044956343	0.21981502	0.0
-0.00020573025	0.27000815	0.0
4.8524642e-05	0.31694978	0.0
0.00030183693	0.35982022	0.0
0.00056350318	0.39817747	0.0
0.00081331807	0.43162137	0.0
0.0010636776	0.45975038	0.0
0.0012995952	0.48225972	0.0
0.0015226	0.49899682	0.0
0.0017253767	0.50982392	0.0
0.0019104064	0.51466924	0.0
0.002066497	0.51351124	0.0
0.002197708	0.50633925	0.0
0.0022990159	0.49319363	0.0
0.0023643873	0.47415271	0.0
0.0023974569	0.4493311	0.0
0.0023945409	0.41894752	0.0
0.0023512796	0.38342059	0.0
0.0022738732	0.34303689	0.0
0.0021595305	0.29831526	0.0
0.0020120889	0.2498363	0.0
0.0018372303	0.19829215	0.0
0.0016334158	0.14427088	0.0
0.0014064845	0.088601939	0.0
0.0011614616	0.031855524	0.0
0.00089797971	-0.02533664	0.0
0.0006232186	-0.082034104	0.0
0.00033996929	-0.13788454	0.0
5.1031911e-05	-0.19211759	0.0
-0.00024010899	-0.24400866	0.0
-0.00053009915	-0.29288432	0.0
-0.00081282598	-0.33812833	0.0
-0.0010877734	-0.37910876	0.0
-0.0013458048	-0.41535822	0.0
-0.0015882791	-0.4464716	0.0
-0.0018087823	-0.4720113	0.0
-0.0019996401	-0.49184051	0.0
-0.0021753151	-0.50578517	0.0
-0.0023128767	-0.51374125	0.0
-0.0024277088	-0.51565343	0.0
-0.0025153111	-0.5115096	0.0
-0.0025654298	-0.50134641	0.0
-0.0025989211	-0.48520857	0.0
-0.0025955334	-0.46316954	0.0
-0.0025635874	-0.43550444	0.0
-0.0025094184	-0.40240616	0.0
-0.0024256425	-0.36422962	0.0
-0.0023196591	-0.32146081	0.0
-0.0021903864	-0.274654	0.0
-0.0020453825	-0.22439283	0.0
-0.0018837472	-0.17135178	0.0
-0.0017080423	-0.11624952	0.0
-0.0015225731	-0.059706628	0.0
-0.001328219	-0.0026578354	0.0
-0.0011273538	0.054460395	0.0
-0.00091956992	0.11094583	0.0
-0.00070615107	0.16617265	0.0
-0.00048838503	0.21929431	0.0
-0.00026189873	0.26979518	0.0
-3.0371113e-05	0.31690353	0.0
0.00020794394	0.36005098	0.0
0.0004458387	0.39862972	0.0
0.0006919828	0.43219939	0.0
0.00092965399	0.46043655	0.0
0.0011715626	0.48301733	0.0
0.0014035971	0.4998033	0.0
0.0016232929	0.51058841	0.0
0.0018423664	0.51536655	0.0
0.0020351349	0.51410753	0.0
0.0022257904	0.50681454	0.0
0.002389245	0.49351093	0.0
0.0025329231	0.47427371	0.0
0.0026514209	0.44925016	0.0
0.0027403024	0.41876245	0.0
0.0027993186	0.38300747	0.0
0.0028194378	0.34240961	0.0
0.0028103378	0.29749122	0.0
0.0027598753	0.248889	0.0
0.0026741039	0.1971581	0.0
0.0025547626	0.14308819	0.0
0.002398347	0.087289743	0.0
0.0022147961	0.030441497	0.0
0.0019997237	-0.026615014	0.0
0.0017603046	-0.083453536	0.0
0.0014975575	-0.13933906	0.0
0.0012141218	-0.19365244	0.0
0.00091154326	-0.24554956	0.0
0.0005964099	-0.29443777	0.0
0.00026862841	-0.33965155	0.0
-6.2850464e-05	-0.38064417	0.0
-0.0003904984	-0.41688162	0.0
-0.00071573094	-0.44792885	0.0
-0.0010230666	-0.47348741	0.0
-0.0013153184	-0.49331006	0.0
-0.001583108	-0.50723302	0.0
-0.0018168893	-0.51517874	0.0
-0.0020345747	-0.51706403	0.0
-0.0022056659	-0.51290804	0.0
-0.0023560503	-0.50271374	0.0
-0.0024624567	-0.48653206	0.0
-0.0025350703	-0.46450746	0.0
-0.0025742212	-0.43674639	0.0
-0.0025685248	-0.40363526	0.0
-0.0025361434	-0.3654725	0.0
-0.0024564741	-0.3226468	0.0
-0.0023512777	-0.27589259	0.0
-0.0022153105	-0.22564587	0.0
-0.0020464968	-0.17264576	0.0
-0.0018597828	-0.11761219	0.0
-0.0016481081	-0.061185464	0.0
-0.0014222941	-0.0039056765	0.0
-0.0011839307	0.053041738	0.0
-0.00093169103	0.10975571	0.0
-0.00067347498	0.16480397	0.0
-0.00041110517	0.21801266	0.0
-0.00014437674	0.26859334	0.0
0.00012531654	0.31594849	0.0
0.00038630128	0.35912663	0.0
0.00064732082	0.39790606	0.0
0.00089518738	0.43181273	0.0
0.0011269941	0.46031174	0.0
0.0013404721	0.4831472	0.0
0.0015297278	0.50017583	0.0
0.0016956716	0.51124895	0.0
0.0018348233	0.51631701	0.0
0.001943916	0.51532698	0.0
0.0020257686	0.50829536	0.0
0.0020706228	0.49525803	0.0
0.0020955887	0.47627518	0.0
0.0020791879	0.45153978	0.0
0.0020391024	0.42123201	0.0
0.0019676203	0.38565996	0.0
0.0018709546	0.34523389	0.0
0.0017509322	0.30047935	0.0
0.0016095259	0.25188679	0.0
0.0014538934	0.20022388	0.0
0.0012839253	0.14607573	0.0
0.001107437	0.090208106	0.0
0.00092543726	0.033251669	0.0
0.00074196805	-0.024117216	0.0
0.00056124909	-0.081074499	0.0
0.00038577776	-0.1371686	0.0
0.00021248733	-0.19159873	0.0
4.7959657e-05	-0.2437513	0.0
-0.00011058168	-0.29289523	0.0
-0.00026549207	-0.33837718	0.0
-0.00041081361	-0.37960109	0.0
-0.00055562926	-0.41609374	0.0
-0.00069115387	-0.44729826	0.0
-0.00082329579	-0.47299346	0.0
-0.00095406914	-0.49294913	0.0
-0.0010735412	-0.506984	0.0
-0.0011974357	-0.51499563	0.0
-0.0013097757	-0.51694429	0.0
-0.001422344	-0.51281667	0.0
-0.0015293572	-0.50262135	0.0
-0.0016228313	-0.48646212	0.0
-0.0017117362	-0.46439952	0.0
-0.001783752	-0.43663129	0.0
-0.0018400637	-0.40345562	0.0
-0.0018736143	-0.36518258	0.0
-0.0018883594	-0.32234994	0.0
-0.0018767753	-0.2754229	0.0
-0.0018374871	-0.22507118	0.0
-0.0017746136	-0.17192242	0.0
-0.0016863174	-0.11677533	0.0
-0.0015728037	-0.060198434	0.0
-0.0014391476	-0.0028712342	0.0
-0.0012859185	0.054274153	0.0
-0.0011161931	0.11089777	0.0
-0.00093014626	0.16627143	0.0
-0.00073071558	0.21964858	0.0
-0.00052038801	0.27039316	0.0
-0.00030156996	0.3177368	0.0
-7.3805495e-05	0.36121589	0.0
0.00015218731	0.40005872	0.0
0.00038410278	0.43389907	0.0
0.00060194172	0.46241477	0.0
0.00082315627	0.48524979	0.0
0.0010221985	0.50226468	0.0
0.00120813	0.51328313	0.0
0.0013910211	0.51826179	0.0
0.0015343213	0.51716846	0.0
0.0016816058	0.5099895	0.0
0.0017889285	0.49678004	0.0
0.0018869677	0.47762334	0.0
0.0019678362	0.45265943	0.0
0.00201481	0.42204165	0.0
0.002056249	0.38629955	0.0
0.0020613987	0.34563097	0.0
0.002056137	0.3006494	0.0
0.0020264497	0.25183633	0.0
0.0019749228	0.20005459	0.0
0.0019122389	0.14579161	0.0
0.0018247056	0.089827336	0.0
0.0017271457	0.032880183	0.0
0.0016096461	-0.024518114	0.0
0.0014791687	-0.081392467	0.0
0.0013326399	-0.13742431	0.0
0.0011710636	-0.19186606	0.0
0.00099353993	-0.24390037	0.0
0.00080389	-0.29296291	0.0
0.0006017203	-0.33832312	0.0
0.00038760839	-0.3794114	0.0
0.00016937802	-0.41580871	0.0
-5.8677535e-05	-0.44690856	0.0
-0.00027783675	-0.47254011	0.0
-0.00049948256	-0.4924286	0.0
-0.00071516307	-0.50641209	0.0
-0.00090822566	-0.51438105	0.0
-0.0011057911	-0.51629919	0.0
-0.0012735446	-0.51215011	0.0
-0.0014323358	-0.50193715	0.0
-0.0015651225	-0.4857741	0.0
-0.0016791645	-0.46372005	0.0
-0.0017670449	-0.43596897	0.0
-0.0018202122	-0.40276217	0.0
-0.0018544659	-0.36455792	0.0
-0.0018453714	-0.32170108	0.0
-0.0018114545	-0.27470019	0.0
-0.0017415961	-0.22444263	0.0
-0.0016425266	-0.17127381	0.0
-0.0015193078	-0.11615996	0.0
-0.0013673406	-0.059607651	0.0
-0.0011972252	-0.0024354931	0.0
-0.0010103784	0.054809276	0.0
-0.00081093766	0.11144511	0.0
-0.00060083752	0.16675177	0.0
-0.0003852316	0.2201077	0.0
-0.00016458236	0.27077305	0.0
5.2024501e-05	0.31808275	0.0
0.00027399111	0.36144608	0.0
0.00048410927	0.40031764	0.0
0.00069091498	0.43417662	0.0
0.0008835888	0.46266317	0.0
0.0010632663	0.48554465	0.0
0.0012305517	0.50254273	0.0
0.0013776562	0.51361179	0.0
0.0015140366	0.51865673	0.0
0.0016255579	0.5176543	0.0
0.0017211239	0.51059628	0.0
0.0018019876	0.49753135	0.0
0.001859596	0.47854123	0.0
0.0019115631	0.45374298	0.0
0.0019291603	0.42338142	0.0
0.0019460216	0.38775814	0.0
0.0019415867	0.34719682	0.0
0.0019186754	0.30263424	0.0
0.0018879562	0.25411421	0.0
0.0018383805	0.20252803	0.0
0.0017795336	0.14849013	0.0
0.0017024751	0.092741422	0.0
0.0016143683	0.035971612	0.0
0.0015066514	-0.021144908	0.0
0.0013851278	-0.078144766	0.0
0.0012457215	-0.13400522	0.0
0.0010857255	-0.18828273	0.0
0.00090783049	-0.24025145	0.0
0.00071088248	-0.28922123	0.0
0.00050170382	-0.33448634	0.0
0.00027284943	-0.37552604	0.0
4.0320956e-05	-0.41183147	0.0
-0.00019675649	-0.44296518	0.0
-0.00043722702	-0.46857476	0.0
-0.00065914571	-0.48845622	0.0
-0.00088419352	-0.5024184	0.0
-0.0010839027	-0.51038367	0.0
-0.0012726733	-0.51228803	0.0
-0.0014395425	-0.50812125	0.0
-0.0015793408	-0.49789891	0.0
-0.0017019765	-0.4816792	0.0
-0.0017923431	-0.45956561	0.0
-0.0018610003	-0.43169862	0.0
-0.0019007559	-0.3984901	0.0
-0.0019098861	-0.36014721	0.0
-0.0018890583	-0.3171998	0.0
-0.0018467335	-0.270197	0.0
-0.0017737115	-0.21972397	0.0
-0.0016805844	-0.16640882	0.0
-0.0015656359	-0.11115403	0.0
-0.0014285858	-0.054424364	0.0
-0.0012758541	0.002900033	0.0
-0.0011060419	0.060327608	0.0
-0.00092503661	0.11715691	0.0
-0.00073174504	0.17271543	0.0
-0.00052691594	0.22632878	0.0
-0.00031429832	0.27730155	0.0
-9.3911563e-05	0.32491937	0.0
0.00013311271	0.36861771	0.0
0.00035908114	0.40787956	0.0
0.00058779289	0.44219959	0.0
0.00080347352	0.47116557	0.0
0.0010166663	0.49454379	0.0
0.0012173193	0.51216352	0.0
0.0014037206	0.523844	0.0
0.0015724328	0.52954692	0.0
0.0017232249	0.52923131	0.0
0.0018621201	0.52290457	0.0
0.0019626489	0.51058412	0.0
0.0020592434	0.49242935	0.0
0.002118285	0.46850485	0.0
0.0021565584	0.43905753	0.0
0.0021671946	0.40439478	0.0
0.0021470268	0.36491007	0.0
0.0021046624	0.32125005	0.0
0.0020296222	0.27378449	0.0
0.0019319106	0.22326684	0.0
0.0018108971	0.17032619	0.0
0.0016641036	0.11567953	0.0
0.0015005318	0.059991125	0.0
0.001314257	0.0040231184	0.0
0.0011142961	-0.051677346	0.0
0.00089702534	-0.10650044	0.0
0.00066736958	-0.15972848	0.0
0.00042492771	-0.21072738	0.0
0.00017572158	-0.25878486	0.0
-8.2922117e-05	-0.3033478	0.0
-0.00033599196	-0.34381849	0.0
-0.00059069687	-0.37969777	0.0
-0.00083278283	-0.41069925	0.0
-0.0010644261	-0.43641084	0.0
-0.0012736211	-0.45677352	0.0
-0.0014641408	-0.47171271	0.0
-0.0016329258	-0.48122904	0.0
-0.0017680165	-0.48537228	0.0
-0.0018861308	-0.48425287	0.0
-0.0019642161	-0.47801077	0.0
-0.0020252427	-0.46684095	0.0
-0.0020499593	-0.4508985	0.0
-0.0020506985	-0.43039635	0.0
-0.0020289044	-0.40568191	0.0
-0.0019735659	-0.37699369	0.0
-0.0019047674	-0.34469831	0.0
-0.0018115466	-0.30915904	0.0
-0.0017018166	-0.27088869	0.0
-0.0015812297	-0.23035146	0.0
-0.0014500472	-0.18808247	0.0
-0.0013140136	-0.14482726	0.0
-0.0011750364	-0.10107058	0.0
-0.0010331004	-0.057585537	0.0
-0.00089641626	-0.014929578	0.0
-0.00076534244	0.026267026	0.0
-0.00063993083	0.065423563	0.0
-0.00052266708	0.10200549	0.0
-0.00041461419	0.13558926	0.0
-0.0003177555	0.16575898	0.0
-0.00023109969	0.19219415	0.0
-0.00015744878	0.21454433	0.0
-9.0568727e-05	0.23265609	0.0
-4.2113683e-05	0.2464267	0.0
3.1444133e-06	0.25574532	0.0
3.8057751e-05	0.26071474	0.0
6.5503576e-05	0.26148286	0.0
8.7284498e-05	0.25830737	0.0
0.00010331631	0.25152338	0.0
0.00011336725	0.24153623	0.0
0.00012190291	0.22878945	0.0
0.00012564119	0.21374956	0.0
0.00012666899	0.19695017	0.0
0.00012598856	0.17880306	0.0
0.0001220025	0.15983588	0.0
0.00011682233	0.14054398	0.0
0.00010929271	0.12142237	0.0
0.00010360793	0.10293771	0.0
9.5020892e-05	0.085462838	0.0
8.8834808e-05	0.069318995	0.0
7.9516889e-05	0.054735988	0.0
7.116561e-05	0.041845612	0.0
6.195921e-05	0.030637681	0.0
5.1652045e-05	0.021069709	0.0
3.7784626e-05	0.013032734	0.0
2.2899985e-05	0.00637733	0.0
3.9879665e-06	0.00093889586	0.0
-1.52877e-05	-0.0034448542	0.0
-3.5472167e-05	-0.0069322814	0.0
-5.5436591e-05	-0.0096794004	0.0
-7.3565301e-05	-0.011807443	0.0
-8.8920729e-05	-0.01343693	0.0
-0.00010187831	-0.014665469	0.0
-0.00010848044	-0.015566492	0.0
-0.00011288442	-0.016210901	0.0
-0.00011186732	-0.016651172	0.0
-0.00010876129	-0.016922534	0.0
-0.00010265319	-0.017059226	0.0
-9.652858e-05	-0.017078601	0.0
-9.2014554e-05	-0.016998053	0.0
-9.0607369e-05	-0.016830234	0.0
-9.4048417e-05	-0.01658104	0.0
-0.00010153085	-0.016259914	0.0
-0.00011305774	-0.015874485	0.0
-0.0001275901	-0.015438123	0.0
-0.00014410041	-0.014955819	0.0
-0.00015842631	-0.014445069	0.0
-0.00016929112	-0.013917619	0.0
-0.00017358238	-0.013381489	0.0
-0.00017164054	-0.012849604	0.0
-0.0001620831	-0.012326826	0.0
-0.00014559657	-0.011819743	0.0
-0.00012471531	-0.011327372	0.0
-0.00010071481	-0.010855844	0.0
-7.4640076e-05	-0.010400736	0.0
-4.7748006e-05	-0.0099651664	0.0
-2.2579845e-05	-0.0095463898	0.0
3.9896446e-07	-0.009145028	0.0
1.8989653e-05	-0.0087595461	0.0
3.7227925e-05	-0.008388266	0.0
5.166126e-05	-0.0080321245	0.0
6.1819483e-05	-0.0076889945	0.0
7.1634604e-05	-0.0073598106	0.0
7.625611e-05	-0.0070432401	0.0
8.0298123e-05	-0.0067412369	0.0
8.1108454e-05	-0.0064520868	0.0
8.2725579e-05	-0.0061757276	0.0
8.1919956e-05	-0.0059098452	0.0
8.1113663e-05	-0.0056570359	0.0
7.7883524e-05	-0.0054169414	0.0
7.4421965e-05	-0.0051873028	0.0
7.165342e-05	-0.0049681123	0.0
6.8654204e-05	-0.0047568758	0.0
6.554016e-05	-0.0045586987	0.0
6.2194318e-05	-0.004367582	0.0
5.838805e-05	-0.0041890079	0.0
5.5158405e-05	-0.0040157586	0.0
5.1582043e-05	-0.0038514	0.0
4.9044342e-05	-0.0036958172	0.0
4.592969e-05	-0.0035461108	0.0
4.2700165e-05	-0.0034034257	0.0
3.9354054e-05	-0.0032697518	0.0
3.7047215e-05	-0.0031396607	0.0
3.4163244e-05	-0.0030161443	0.0
3.2433618e-05	-0.002898125	0.0
2.9780847e-05	-0.0027860019	0.0
2.8166556e-05	-0.0026805969	0.0
2.5860285e-05	-0.0025764217	0.0
2.2860928e-05	-0.0024795081	0.0
2.2054184e-05	-0.0023864494	0.0
2.1017244e-05	-0.0022963793	0.0
1.8825491e-05	-0.0022117801	0.0
1.6980357e-05	-0.0021306276	0.0
1.5365991e-05	-0.0020524934	0.0
1.3521087e-05	-0.0019776444	0.0
1.3868593e-05	-0.0019084081	0.0
1.2253436e-05	-0.0018401342	0.0
1.0985685e-05	-0.0017746174	0.0
9.8337869e-06	-0.0017112945	0.0
9.9498911e-06	-0.001651113	0.0
7.6424749e-06	-0.0015934058	0.0
6.8376689e-06	-0.0015388625	0.0
6.9542612e-06	-0.0014874585	0.0
6.1469782e-06	-0.0014361877	0.0
4.8787092e-06	-0.0013888866	0.0
3.957045e-06	-0.0013410375	0.0
3.26651e-06	-0.0012956681	0.0
3.1534378e-06	-0.0012523563	0.0
3.0372407e-06	-0.0012127276	0.0
1.6541122e-06	-0.0011717401	0.0
1.7731105e-06	-0.0011345985	0.0
1.5418392e-06	-0.001097733	0.0
8.510155e-07	-0.0010626451	0.0
3.9033367e-07	-0.0010285175	0.0
-5.3154605e-07	-0.0009972672	0.0
-9.9107547e-07	-0.0009649198	0.0
-1.3346232e-06	-0.00093503372	0.0
-1.1035294e-06	-0.00090596691	0.0
-2.0278865e-06	-0.0008775919	0.0
-2.7165443e-06	-0.00085059844	0.0
-2.8295033e-06	-0.00082482683	0.0
-2.9446587e-06	-0.00079850975	0.0
-3.2883922e-06	-0.00077507534	0.0
-3.0556978e-06	-0.00075219193	0.0
-3.2869518e-06	-0.00072985265	0.0
-3.5141275e-06	-0.00070751645	0.0
-3.2843236e-06	-0.00068709458	0.0
-4.322967e-06	-0.00066694577	0.0
-4.3155828e-06	-0.00064721255	0.0
-3.9753081e-06	-0.00063008402	0.0
-5.4690145e-06	-0.00061239611	0.0
-3.732501e-06	-0.00059334922	0.0
-4.2016736e-06	-0.00057704851	0.0
-4.6561677e-06	-0.00056019268	0.0
-3.9630959e-06	-0.00054415455	0.0
-4.6595064e-06	-0.00052826141	0.0
-5.5780661e-06	-0.00051442877	0.0
-5.2257451e-06	-0.0005004502	0.0
-4.536515e-06	-0.00048606281	0.0
-5.3412559e-06	-0.0004737303	0.0
-4.5325669e-06	-0.00046098622	0.0
-5.5720539e-06	-0.00044961149	0.0
-5.3363242e-06	-0.00043631592	0.0
-5.5686687e-06	-0.00042453446	0.0
-5.911435e-06	-0.00041220395	0.0
-5.5629444e-06	-0.00040151976	0.0
-5.4470629e-06	-0.00039124803	0.0
-5.9121558e-06	-0.00038233935	0.0
-7.0558362e-06	-0.0003713709	0.0
-4.6346804e-06	-0.00036151457	0.0
-6.830348e-06	-0.00035370229	0.0
-6.0142188e-06	-0.0003434213	0.0
-6.2493946e-06	-0.00033465767	0.0
-6.8213603e-06	-0.00032712091	0.0
-6.0112484e-06	-0.00031876078	0.0
-5.7794446e-06	-0.00030985687	0.0
-5.0863237e-06	-0.00030232643	0.0
-5.7812285e-06	-0.00029492556	0.0
-7.0460369e-06	-0.0002860208	0.0
-6.4683454e-06	-0.00028013371	0.0
-7.2721209e-06	-0.00027396384	0.0
-5.4252532e-06	-0.00026656466	0.0
-6.8114846e-06	-0.00025998789	0.0
-6.4619121e-06	-0.00025245425	0.0
-6.8048776e-06	-0.00024738861	0.0
-5.3049785e-06	-0.00024149493	0.0
-6.9219018e-06	-0.00023492014	0.0
-6.9164535e-06	-0.00022930643	0.0
-6.2243207e-06	-0.00022451385	0.0
-6.915252e-06	-0.00021930684	0.0
-6.5677009e-06	-0.00021327924	0.0
-7.1426398e-06	-0.00020848481	0.0
-5.9867471e-06	-0.0002039627	0.0
-6.4491483e-06	-0.00019834405	0.0
-6.792231e-06	-0.00019341608	0.0
-6.3297439e-06	-0.00019012856	0.0
-6.9057055e-06	-0.00018519654	0.0
-7.0199171e-06	-0.00018177486	0.0
-7.5940452e-06	-0.00017807551	0.0
-6.0924758e-06	-0.00017369248	0.0
-6.4382734e-06	-0.00016931025	0.0
-6.3216976e-06	-0.00016643338	0.0
-7.1278464e-06	-0.00016204972	0.0
-6.5484974e-06	-0.00015931031	0.0
-6.7795595e-06	-0.00015410117	0.0
-7.2390453e-06	-0.00014999682	0.0
-7.0057713e-06	-0.00014835379	0.0
-6.5430968e-06	-0.0001441069	0.0
-6.7743827e-06	-0.00014178046	0.0
-7.3470414e-06	-0.00013739595	0.0
-5.7317834e-06	-0.00013438526	0.0
-7.5779662e-06	-0.00013151015	0.0
-6.8811082e-06	-0.00012904388	0.0
-6.5349091e-06	-0.00012534628	0.0
-5.9549243e-06	-0.00012315757	0.0
-5.0326157e-06	-0.00012041748	0.0
-5.9537347e-06	-0.00011726902	0.0
-5.0295803e-06	-0.00011535428	0.0
-6.4136843e-06	-0.00011343722	0.0
-6.0650514e-06	-0.00011083665	0.0
-6.7566184e-06	-0.00010878246	0.0
-6.4074916e-06	-0.00010508483	0.0
-6.0619145e-06	-0.00010371737	0.0
-7.2137509e-06	-0.00010070401	0.0
-6.5193963e-06	-9.9200566e-05	0.0
-6.8635718e-06	-9.7144941e-05	0.0
-5.4767265e-06	-9.4544404e-05	0.0
-5.5928181e-06	-9.3317118e-05	0.0
-5.2427517e-06	-9.2768358e-05	0.0
-4.3211003e-06	-8.9069363e-05	0.0
-5.9352969e-06	-8.7704677e-05	0.0
-5.2396617e-06	-8.6198917e-05	0.0
-5.8174919e-06	-8.4831896e-05	0.0
-6.1601622e-06	-8.3462728e-05	0.0
-5.4662546e-06	-8.1134771e-05	0.0
-5.8135088e-06	-7.9219099e-05	0.0
-6.5021254e-06	-7.7167329e-05	0.0
-5.1144457e-06	-7.6348682e-05	0.0
-4.6543337e-06	-7.4705706e-05	0.0
-5.5758637e-06	-7.2652954e-05	0.0
-5.2272558e-06	-7.1011833e-05	0.0
-5.2271184e-06	-6.9644273e-05	0.0
-5.9171093e-06	-6.8825662e-05	0.0
-5.4551169e-06	-6.8417037e-05	0.0
-6.7215819e-06	-6.649959e-05	0.0
-4.5282163e-06	-6.4035885e-05	0.0
-6.8362442e-06	-6.2668652e-05	0.0
-6.3712778e-06	-6.1164668e-05	0.0
-5.3319181e-06	-6.061935e-05	0.0
-5.5612991e-06	-5.7881112e-05	0.0
-4.6366977e-06	-5.8021342e-05	0.0
-5.6739036e-06	-5.6105302e-05	0.0
-4.2880461e-06	-5.6656758e-05	0.0
-4.1708113e-06	-5.4466811e-05	0.0
-4.5155034e-06	-5.3921183e-05	0.0
-5.3216058e-06	-5.3239219e-05	0.0
-6.1285532e-06	-5.1871761e-05	0.0
-5.4347865e-06	-5.0503651e-05	0.0
-5.8947307e-06	-5.0780072e-05	0.0
-5.3173453e-06	-5.0511011e-05	0.0
-4.6229779e-06	-4.7910609e-05	0.0
-4.9661894e-06	-4.6404897e-05	0.0
-5.8892829e-06	-4.5309207e-05	0.0
-5.0805816e-06	-4.6272318e-05	0.0
-5.3089166e-06	-4.4495169e-05	0.0
-5.5389446e-06	-4.3263219e-05	0.0
-5.3065987e-06	-4.2580526e-05	0.0
-5.5359797e-06	-4.2172796e-05	0.0
-5.0738336e-06	-4.066874e-05	0.0
-4.4943677e-06	-3.9300154e-05	0.0
-5.5309742e-06	-3.8890979e-05	0.0
-5.8767823e-06	-3.903254e-05	0.0
-5.4143788e-06	-3.7253612e-05	0.0
-4.8354646e-06	-3.725553e-05	0.0
-4.8338702e-06	-3.6164314e-05	0.0
-4.486742e-06	-3.4247649e-05	0.0
-4.2537376e-06	-3.3563563e-05	0.0
-4.5986299e-06	-3.3976423e-05	0.0
-4.3668369e-06	-3.4803692e-05	0.0
-4.4799899e-06	-3.3574266e-05	0.0
-4.5954353e-06	-3.2892851e-05	0.0
-3.9011506e-06	-3.111321e-05	0.0
-4.3596615e-06	-3.1386789e-05	0.0
-4.590876e-06	-3.1667212e-05	0.0
-4.1279068e-06	-3.0300749e-05	0.0
-4.1263479e-06	-2.9889939e-05	0.0
-3.7787738e-06	-2.9620418e-05	0.0
-3.6630552e-06	-2.9073002e-05	0.0
-2.7389124e-06	-2.8944662e-05	0.0
-2.7335336e-06	-2.6203792e-05	0.0
-3.7694708e-06	-2.7296901e-05	0.0
-4.348758e-06	-2.7033178e-05	0.0
-3.7711363e-06	-2.593655e-05	0.0
-3.9969568e-06	-2.6213605e-05	0.0
-4.8043162e-06	-2.4987528e-05	0.0
-4.6902555e-06	-2.3616154e-05	0.0
-3.997839e-06	-2.3889834e-05	0.0
-3.5295122e-06	-2.389886e-05	0.0
-4.912923e-06	-2.2391319e-05	0.0
-4.4553481e-06	-2.2942049e-05	0.0
-3.9900879e-06	-2.1713779e-05	0.0
-3.873065e-06	-2.198503e-05	0.0
-3.9839151e-06	-2.2403465e-05	0.0
-4.9069035e-06	-2.1720829e-05	0.0
-4.5628071e-06	-2.1454392e-05	0.0
-4.3285695e-06	-1.9533907e-05	0.0
-4.4419098e-06	-2.0766664e-05	0.0
-4.3285186e-06	-1.9954967e-05	0.0
-3.4034117e-06	-1.8998024e-05	0.0
-3.7412181e-06	-1.7902736e-05	0.0
-4.6673322e-06	-1.7901499e-05	0.0
-3.9773367e-06	-1.8043851e-05	0.0
-3.742135e-06	-1.7907407e-05	0.0
-3.8524558e-06	-1.8325172e-05	0.0
-4.6614841e-06	-1.7233891e-05	0.0
-4.0861664e-06	-1.6825581e-05	0.0
-4.4230324e-06	-1.5730377e-05	0.0
-5.1235061e-06	-1.6138978e-05	0.0
-3.6193983e-06	-1.641975e-05	0.0
-4.76577e-06	-1.5880409e-05	0.0
-4.4277726e-06	-1.478069e-05	0.0
-3.730868e-06	-1.5468901e-05	0.0
-3.7268528e-06	-1.4652099e-05	0.0
-4.0683017e-06	-1.4791142e-05	0.0
-4.6502919e-06	-1.3838408e-05	0.0
-3.6105914e-06	-1.342515e-05	0.0
-4.0652703e-06	-1.3294285e-05	0.0
-3.9549591e-06	-1.2608859e-05	0.0
-3.3729771e-06	-1.3023347e-05	0.0
-3.8320518e-06	-1.2072698e-05	0.0
-3.4885784e-06	-1.1383288e-05	0.0
-2.9099936e-06	-1.2069652e-05	0.0
-2.5591278e-06	-1.2077649e-05	0.0
-2.7899894e-06	-1.1667855e-05	0.0
-2.5534127e-06	-1.1807571e-05	0.0
-3.8216531e-06	-1.1402563e-05	0.0
-3.5927387e-06	-1.0855326e-05	0.0
-4.165704e-06	-1.0721677e-05	0.0
-3.9407028e-06	-1.0176604e-05	0.0
-3.0115766e-06	-1.031175e-05	0.0
-3.8143294e-06	-1.0731909e-05	0.0
-3.591374e-06	-9.636271e-06	0.0
-2.3142691e-06	-1.0323747e-05	0.0
-3.6921444e-06	-9.3715453e-06	0.0
-3.9282831e-06	-8.9634077e-06	0.0
-3.8120597e-06	-8.1374264e-06	0.0
-3.4639088e-06	-9.5113992e-06	0.0
-3.6898346e-06	-8.697627e-06	0.0
-3.8110377e-06	-8.8335282e-06	0.0
-2.3083987e-06	-8.8358202e-06	0.0
-2.9884015e-06	-9.1182774e-06	0.0
-4.2636461e-06	-7.8839894e-06	0.0
-3.3431229e-06	-8.9818268e-06	0.0
-3.4498594e-06	-7.6265269e-06	0.0
-3.9156098e-06	-6.245094e-06	0.0
-2.7626181e-06	-8.029152e-06	0.0
-2.7526219e-06	-7.3546821e-06	0.0
-3.7921318e-06	-7.0811011e-06	0.0
-3.2200096e-06	-6.8066506e-06	0.0
-2.4050314e-06	-7.4992276e-06	0.0
-3.5558689e-06	-6.1298474e-06	0.0
-3.1018556e-06	-7.363441e-06	0.0
-1.4795227e-06	-6.5521795e-06	0.0
-2.9700418e-06	-5.7244379e-06	0.0
-3.7894938e-06	-7.2364764e-06	0.0
-1.4765498e-06	-6.2849945e-06	0.0
-3.3118274e-06	-6.0114189e-06	0.0
-4.0142295e-06	-5.7381635e-06	0.0
-2.2804279e-06	-6.2923245e-06	0.0
-2.9663061e-06	-4.9250034e-06	0.0
-3.0860165e-06	-5.4718848e-06	0.0
-1.6981368e-06	-6.0254583e-06	0.0
-2.5002676e-06	-5.7562283e-06	0.0
-2.6210002e-06	-5.0737567e-06	0.0
-7.7087628e-07	-4.8010179e-06	0.0
-1.5746868e-06	-4.9414953e-06	0.0
-1.4581925e-06	-4.6704367e-06	0.0
-2.8401225e-06	-4.6736368e-06	0.0
-3.3034173e-06	-4.1288863e-06	0.0
-2.6094265e-06	-3.9932629e-06	0.0
-2.722697e-06	-4.4089006e-06	0.0
-2.8367322e-06	-3.1779073e-06	0.0
-2.9512485e-06	-3.5918661e-06	0.0
-2.1420994e-06	-3.3198748e-06	0.0
-2.1401877e-06	-5.2424107e-06	0.0
-2.254011e-06	-3.8763374e-06	0.0
-2.5991617e-06	-3.3299405e-06	0.0
-1.9056411e-06	-3.195725e-06	0.0
-1.5573729e-06	-3.4730958e-06	0.0
-2.5948264e-06	-3.0647823e-06	0.0
-2.247263e-06	-3.7532484e-06	0.0
-2.7074429e-06	-3.3450547e-06	0.0
-1.4365787e-06	-3.7593263e-06	0.0
-1.0893555e-06	-3.0768201e-06	0.0
-2.1266098e-06	-2.6677026e-06	0.0
-1.8936528e-06	-1.0275467e-06	0.0
-1.7775232e-06	-3.6352512e-06	0.0
-2.3530024e-06	-2.5398851e-06	0.0
-1.7730777e-06	-3.0939152e-06	0.0
-7.3416328e-07	-3.9166066e-06	0.0
-1.4267049e-06	-2.000447e-06	0.0
-2.0007863e-06	-2.5539623e-06	0.0
-1.6538223e-06	-2.8305474e-06	0.0
-2.5760473e-06	-2.9693601e-06	0.0
-2.2263448e-06	-2.1511555e-06	0.0
-1.6487467e-06	-2.9764969e-06	0.0
-1.5317712e-06	-2.0185012e-06	0.0
-1.0687784e-06	-2.298917e-06	0.0
-1.3002285e-06	-2.8485033e-06	0.0
-1.990667e-06	-2.0253583e-06	0.0
-1.9878266e-06	-7.9945067e-07	0.0
-1.5233187e-06	-2.1727881e-06	0.0
-7.1602625e-07	-1.2151388e-06	0.0
-1.6416004e-06	-2.3182681e-06	0.0
-2.3267266e-06	-2.3158129e-06	0.0
-5.9210197e-07	-1.3610985e-06	0.0
-5.9928658e-07	-1.9157942e-06	0.0
-1.6298765e-06	-2.3275338e-06	0.0
-1.4382961e-08	-1.7780685e-06	0.0
-1.2859258e-06	-6.8785494e-07	0.0
-9.3615324e-07	-1.2418703e-06	0.0
-1.9760623e-06	-1.242843e-06	0.0
-1.8528932e-06	-1.1067403e-06	0.0
-1.1623348e-06	-5.6550408e-07	0.0
-1.622773e-06	-1.5267776e-06	0.0
-1.0412967e-06	-7.0522697e-07	0.0
-6.9589572e-07	-1.1230575e-06	0.0
-5.7876741e-07	-1.1243802e-06	0.0
-4.6385966e-07	-9.8628573e-07	0.0
-1.3923828e-06	-3.5025611e-08	0.0
-2.8843126e-06	-1.4123166e-06	0.0
-1.8378418e-06	-1.4088009e-06	0.0
-1.3798567e-06	-1.1376565e-06	0.0
-1.1458537e-06	-7.3046419e-07	0.0
-5.6787951e-07	-4.5542072e-07	0.0
-3.3560374e-07	4.9449426e-07	0.0
-1.0822923e-07	-7.4281007e-07	0.0
-1.0290668e-06	-5.5397997e-08	0.0
-5.6093899e-07	-4.7673001e-07	0.0
-3.3079101e-07	-8.8651967e-07	0.0
-9.9479294e-08	-6.1398453e-07	0.0
-9.6298415e-08	-4.8019825e-07	0.0
1.1969118e-08	-6.9312627e-08	0.0
-1.2494669e-06	1.9406298e-07	0.0
-6.796372e-07	-6.2927569e-07	0.0
-2.6291914e-06	-7.8175084e-08	0.0
4.1332292e-08	5.215054e-08	0.0
-2.1836945e-07	3.2606991e-07	0.0
-1.3577018e-06	4.5267845e-07	0.0
-4.258722e-07	-6.5538302e-07	0.0
-3.1916761e-07	-1.1835361e-06	0.0
-6.6488258e-07	8.710411e-07	0.0
-7.7112571e-07	7.1217471e-07	0.0
-1.9667711e-07	4.4366507e-07	0.0
-5.402884e-07	8.5199957e-07	0.0
3.823839e-08	7.0616989e-07	0.0
-4.2779405e-07	5.7226549e-07	0.0
-4.2065324e-07	8.3713445e-07	0.0
-5.411045e-07	7.748544e-09	0.0
-9.9645399e-07	1.8217319e-08	0.0
-7.6556569e-07	5.5833578e-07	0.0
-1.3453582e-06	4.2024226e-07	0.0
-1.2135279e-06	9.6318377e-07	0.0
-4.1281658e-07	2.6228673e-07	0.0
-6.3576931e-07	-2.7492948e-07	0.0
2.7683353e-07	2.7038405e-07	0.0
-1.2272943e-06	-1.5440497e-07	0.0
-8.6553473e-07	-7.0325359e-07	0.0
-9.8113253e-07	-6.9038288e-07	0.0
-2.8138325e-07	5.4166554e-07	0.0
-5.8345218e-08	5.1595373e-07	0.0
-5.2661409e-08	-4.4260773e-07	0.0
4.1238727e-07	-9.8805835e-09	0.0
2.8073646e-07	1.2071084e-06	0.0
-6.2946543e-07	6.4506389e-07	0.0
3.1102473e-07	7.9169678e-07	0.0
8.7571902e-07	1.0572434e-06	0.0
6.3646632e-07	7.7176708e-07	0.0
3.0577036e-07	3.6681325e-07	0.0
9.9415547e-07	7.7657205e-07	0.0
2.9357523e-07	9.189821e-07	0.0
6.7073231e-08	1.4359566e-06	0.0
-5.0619684e-07	-1.9136715e-07	0.0
-2.6407304e-07	1.5954275e-06	0.0
-1.5718065e-07	8.9590202e-07	0.0
-3.7893466e-07	1.8529456e-06	0.0
4.4375281e-07	7.398246e-07	0.0
1.4824079e-06	1.034022e-06	0.0
1.5568182e-06	1.2908403e-06	0.0
-6.2096194e-07	7.3296758e-07	0.0
2.1474672e-07	3.2584185e-07	0.0
2.0284955e-07	6.1618942e-07	0.0
4.330212e-07	1.7019311e-06	0.0
-2.9967616e-08	8.3037554e-07	0.0
9.5152402e-08	-6.2033172e-07	0.0
8.9095998e-08	1.8212919e-06	0.0
1.0621443e-07	-3.8601215e-07	0.0
6.5847502e-07	1.4321247e-06	0.0
-1.0705518e-06	9.5557903e-07	0.0
-3.4336176e-07	-9.3982743e-07	0.0
3.3485745e-07	3.3205953e-07	0.0
3.3029352e-07	1.5259064e-06	0.0
3.3719922e-07	5.5764792e-07	0.0
3.2269318e-07	6.9908032e-07	0.0
-8.2985997e-07	2.8697696e-07	0.0
-3.2618235e-07	4.060594e-07	0.0
1.2634688e-06	-6.7097466e-07	0.0
9.7858944e-08	8.2785039e-07	0.0
1.0350773e-07	-5.6195165e-07	0.0
-9.3389838e-07	-2.7701827e-07	0.0
-8.1310344e-07	-6.860048e-07	0.0
-1.1415079e-06	7.0181727e-07	0.0
1.1731082e-07	1.0624542e-06	0.0
-8.039965e-07	-8.5029535e-07	0.0
2.3799606e-07	2.995779e-09	0.0
-6.9518103e-07	6.6400884e-07	0.0
2.8342367e-08	3.8474988e-07	0.0
1.0544583e-06	2.3526219e-07	0.0
6.8398191e-07	-5.7809569e-07	0.0
-3.3715969e-07	-3.7173233e-08	0.0
2.4962893e-07	-7.157995e-07	0.0
1.2951826e-07	6.6050114e-07	0.0
3.6160577e-07	3.5685318e-07	0.0
1.1025491e-08	-4.924026e-08	0.0
-2.1836735e-07	-1.8796045e-07	0.0
-3.1471521e-07	-4.725072e-07	0.0
7.2204818e-07	-8.7320916e-07	0.0
2.3637796e-07	1.0313845e-07	0.0
