#Bx [T], By [T], Bz [T] on 3D mesh: inmost loop vs X (horizontal transverse position), outmost loop vs Z (longitudinal position)
#0.0 #initial X position [m]
#0.0 #step of X [m]
#1 #number of points vs X
#0.0 #initial Y position [m]
#0.0 #step of Y [m]
#1 #number of points vs Y
#-1.1855 #initial Z position [m]
#0.001 #step of Z [m]
#2371 #number of points vs Z
3.2334189e-08	2.5769367e-07	0.0
-5.4333663e-07	3.9197928e-07	0.0
-7.7309704e-07	1.0747721e-06	0.0
3.8219429e-07	2.4967719e-07	0.0
2.6816821e-07	1.098302e-07	0.0
1.5409518e-07	-1.6699944e-07	0.0
-7.6783857e-07	-3.2742932e-08	0.0
-9.974932e-07	6.4977883e-07	0.0
-9.9644308e-07	1.0588865e-06	0.0
-7.2585131e-08	-4.513908e-07	0.0
6.2204867e-07	-4.5474266e-07	0.0
-1.8446811e-07	-5.9472427e-07	0.0
2.7766276e-07	-1.8549478e-07	0.0
4.9512366e-08	-1.0111154e-06	0.0
-6.7310637e-08	-5.5525085e-08	0.0
1.3201546e-06	-1.9321294e-07	0.0
3.9930197e-07	-4.7135043e-07	0.0
6.3081035e-07	2.1089483e-07	0.0
-6.0148373e-08	7.3627149e-08	0.0
4.0147719e-07	-7.5350863e-07	0.0
5.1809724e-07	6.6181286e-08	0.0
8.6776083e-07	-6.2017199e-07	0.0
-5.1419596e-07	-8.0089848e-08	0.0
-6.329463e-07	1.0205484e-06	0.0
6.1240854e-08	-9.0299773e-07	0.0
-1.6497049e-07	5.993025e-07	0.0
-8.5833813e-07	-3.5781645e-07	0.0
-1.6711257e-07	4.2687365e-08	0.0
1.8304459e-07	1.2811287e-06	0.0
-4.6739363e-08	-1.0490726e-06	0.0
-2.7238647e-07	-9.2292697e-07	0.0
-1.5453194e-06	-3.7507414e-07	0.0
-1.6068633e-07	-5.1240545e-07	0.0
-9.6176188e-07	-9.2794579e-07	0.0
-7.3709316e-07	-2.5095923e-07	0.0
4.1840966e-07	1.1197644e-06	0.0
6.5687516e-07	8.496396e-07	0.0
-2.6581071e-07	2.1545201e-08	0.0
-2.6500732e-07	2.9157653e-07	0.0
-1.0703135e-06	-1.1868143e-07	0.0
-1.0734002e-06	-6.7269229e-07	0.0
-6.1055232e-07	-4.0138769e-07	0.0
-2.6326268e-07	-8.1347008e-07	0.0
-2.7417961e-08	-8.1989424e-07	0.0
-8.3388773e-07	-4.090349e-07	0.0
-6.0574041e-07	-8.2306366e-07	0.0
-3.7251641e-07	-4.1644256e-07	0.0
-2.7412623e-08	-4.1722237e-07	0.0
5.5423675e-07	-5.5516671e-07	0.0
-2.0176572e-08	-1.1079825e-06	0.0
2.0777077e-07	-4.3094138e-07	0.0
4.4435598e-07	6.653222e-07	0.0
-5.8965725e-07	5.3255837e-07	0.0
-1.1717683e-06	-4.3156368e-07	0.0
-8.2172846e-07	-3.0033963e-08	0.0
-1.8565528e-06	3.8897807e-07	0.0
-1.8628123e-06	-1.3995318e-06	0.0
-1.3942296e-06	-3.104532e-07	0.0
-2.0903474e-06	-9.9203532e-07	0.0
-3.633296e-07	-7.2871967e-07	0.0
2.2112862e-07	-4.109927e-08	0.0
4.5658552e-07	-5.9125023e-07	0.0
-2.3470217e-07	-1.8675377e-07	0.0
-3.4584892e-07	8.6669985e-08	0.0
-1.5028122e-06	8.6852424e-08	0.0
-6.9473583e-07	-5.9856222e-07	0.0
-1.7261871e-06	-8.842722e-07	0.0
-1.5064192e-06	4.8157295e-07	0.0
-4.5854168e-07	4.9196171e-07	0.0
-1.3812511e-06	-8.8500906e-07	0.0
-5.7296302e-07	-3.4757358e-07	0.0
-1.3780694e-06	-2.0430032e-07	0.0
-4.6052244e-07	-1.1660304e-06	0.0
-3.3538223e-07	-1.3111288e-06	0.0
-5.7019594e-07	-1.176563e-06	0.0
-1.0103739e-07	-9.0826524e-07	0.0
-1.3701037e-06	-3.5788764e-07	0.0
-9.0960651e-07	-1.0442045e-06	0.0
-1.4882153e-06	-7.7922454e-07	0.0
-3.3188977e-07	-5.0190812e-07	0.0
-1.0227307e-06	-1.1887489e-06	0.0
1.7343229e-08	-1.1968174e-06	0.0
-1.2407465e-06	-9.2408305e-07	0.0
-1.3706145e-06	-1.1949155e-06	0.0
-2.1414796e-07	-1.753834e-06	0.0
-2.0488305e-07	-6.6342932e-07	0.0
-4.3775771e-07	-7.9069076e-07	0.0
-2.0540328e-07	-1.4865028e-06	0.0
-4.3294261e-07	-6.6895564e-07	0.0
-6.6023512e-07	-8.0484085e-07	0.0
-1.0132983e-06	-5.34202e-07	0.0
2.6916899e-08	-8.0876333e-07	0.0
-7.6223029e-07	-9.4670406e-07	0.0
-2.1553751e-06	-1.6340414e-06	0.0
-1.5904604e-06	-1.5110408e-06	0.0
-6.6471051e-07	-8.2003891e-07	0.0
-1.9112139e-07	-1.6409101e-06	0.0
-7.6944815e-07	-1.7822778e-06	0.0
-6.4240413e-07	-1.9401728e-06	0.0
-2.0409666e-06	3.8809418e-07	0.0
-8.2856054e-08	-4.0267636e-07	0.0
-9.856692e-07	-1.8008129e-06	0.0
-6.5883984e-07	-4.3483683e-07	0.0
1.5803884e-07	-1.2452997e-06	0.0
4.7608911e-08	-9.9456429e-07	0.0
-2.827374e-07	-2.9140062e-07	0.0
-1.7990909e-06	-1.8066601e-06	0.0
-1.9040461e-07	-5.9402299e-07	0.0
-7.4907013e-07	-7.0363473e-07	0.0
-1.0853396e-06	-1.6922222e-06	0.0
-2.7158053e-06	2.2890218e-07	0.0
-1.2214671e-06	-9.9313797e-07	0.0
-2.2369943e-06	-1.9431373e-07	0.0
-2.4834781e-06	-4.058494e-08	0.0
-2.4735664e-06	-9.9571935e-07	0.0
-2.8322709e-06	-1.701523e-06	0.0
-1.4488836e-06	-8.8148573e-07	0.0
-1.770886e-06	-1.1578861e-06	0.0
-2.2518821e-06	-4.7166452e-07	0.0
-1.4262832e-06	-1.4237139e-06	0.0
-3.1538095e-06	-1.3111471e-06	0.0
-2.1457247e-06	-6.1621074e-07	0.0
-1.313709e-06	-1.4314376e-06	0.0
-1.8861247e-06	-1.4576686e-06	0.0
-1.7770848e-06	-7.513691e-07	0.0
-2.1047047e-06	-2.2738536e-06	0.0
-3.1572858e-06	-3.7998495e-07	0.0
-2.0174605e-06	-3.4480334e-07	0.0
-1.9830461e-06	-1.5825651e-06	0.0
-3.1607988e-06	-1.7482345e-06	0.0
-1.3183641e-06	-6.4299411e-07	0.0
-1.6535289e-06	-1.5927625e-06	0.0
-8.3372367e-07	-1.7415426e-06	0.0
-2.6715902e-06	-1.6292995e-06	0.0
-2.2311417e-06	-9.4553911e-08	0.0
-2.3370826e-06	-2.5549457e-06	0.0
-2.2159495e-06	-1.7705879e-06	0.0
-2.4672636e-06	-1.3514831e-06	0.0
-6.072006e-07	-9.3326958e-07	0.0
-2.0845957e-06	-1.8889606e-06	0.0
-1.9918793e-06	-1.909129e-06	0.0
-1.8687958e-06	-1.6257518e-06	0.0
-2.0859461e-06	-2.4476906e-06	0.0
-3.0204549e-06	-2.0689238e-06	0.0
-2.2161389e-06	-9.4163551e-07	0.0
-2.8874715e-06	-3.1302829e-06	0.0
-3.5865862e-06	-2.4886176e-06	0.0
-3.7133984e-06	-1.3838793e-06	0.0
-3.1322425e-06	-1.2283497e-06	0.0
-3.1358227e-06	-2.3267805e-06	0.0
-2.5402471e-06	-2.2157469e-06	0.0
-4.0391842e-06	-1.5194919e-06	0.0
-3.2547173e-06	-2.4654878e-06	0.0
-3.2234993e-06	-3.1705929e-06	0.0
-4.0544605e-06	-2.6389637e-06	0.0
-2.5497686e-06	-2.0758368e-06	0.0
-3.1271902e-06	-2.7659462e-06	0.0
-1.5093374e-06	-2.228207e-06	0.0
-2.3110947e-06	-2.2292613e-06	0.0
-9.3159724e-07	-2.3369651e-06	0.0
-1.6090997e-06	-4.9605001e-06	0.0
-1.1515287e-06	-3.3592924e-06	0.0
-1.9469869e-06	-2.2508107e-06	0.0
-2.0734699e-06	-1.2809995e-06	0.0
-2.1803978e-06	-2.0892396e-06	0.0
-2.5320037e-06	-2.7846479e-06	0.0
-2.0744678e-06	-3.3350298e-06	0.0
-2.0614893e-06	-3.7557797e-06	0.0
-2.6327648e-06	-3.4937939e-06	0.0
-2.8811405e-06	-3.0774374e-06	0.0
-2.2829327e-06	-3.3523409e-06	0.0
-3.4572538e-06	-3.3516965e-06	0.0
-1.2663464e-06	-3.9062129e-06	0.0
-2.1700646e-06	-3.5044814e-06	0.0
-1.2544566e-06	-3.7642305e-06	0.0
-2.0516304e-06	-4.4636295e-06	0.0
-1.8144223e-06	-3.9262486e-06	0.0
-3.0934193e-06	-3.7864261e-06	0.0
-1.8294212e-06	-3.5156345e-06	0.0
-2.6230693e-06	-3.7768079e-06	0.0
-2.0550526e-06	-4.4820918e-06	0.0
-2.7255155e-06	-3.7898728e-06	0.0
-3.3187555e-06	-5.0238164e-06	0.0
-2.9701498e-06	-4.357451e-06	0.0
-3.3141519e-06	-4.3580053e-06	0.0
-2.5308605e-06	-3.5361124e-06	0.0
-1.2363777e-06	-4.0732684e-06	0.0
-2.2568408e-06	-4.3540217e-06	0.0
-2.7238639e-06	-4.9037217e-06	0.0
-3.7518835e-06	-4.7895305e-06	0.0
-4.2416232e-06	-3.8253274e-06	0.0
-2.9727832e-06	-4.2237707e-06	0.0
-3.1797449e-06	-4.7701546e-06	0.0
-3.6436181e-06	-5.870721e-06	0.0
-4.1009102e-06	-6.0289872e-06	0.0
-4.2401916e-06	-5.618801e-06	0.0
-2.7359579e-06	-5.7475158e-06	0.0
-3.1682885e-06	-6.0365342e-06	0.0
-3.976098e-06	-5.6164672e-06	0.0
-4.3489167e-06	-6.5810605e-06	0.0
-2.5154131e-06	-5.6502904e-06	0.0
-1.8999766e-06	-5.2031332e-06	0.0
-3.0438011e-06	-6.7248116e-06	0.0
-3.7461357e-06	-5.9156791e-06	0.0
-3.9835704e-06	-6.722797e-06	0.0
-3.7522145e-06	-6.6159e-06	0.0
-3.5312835e-06	-5.9116687e-06	0.0
-2.5932056e-06	-7.1451809e-06	0.0
-3.6171591e-06	-6.885145e-06	0.0
-3.8588478e-06	-6.9031325e-06	0.0
-3.8703838e-06	-5.3801214e-06	0.0
-2.713565e-06	-7.144024e-06	0.0
-3.1488571e-06	-7.0457213e-06	0.0
-3.7481145e-06	-6.6128432e-06	0.0
-2.4834583e-06	-7.8515131e-06	0.0
-2.6827572e-06	-7.5876078e-06	0.0
-3.7356208e-06	-8.3998548e-06	0.0
-3.1583431e-06	-8.5648826e-06	0.0
-4.0677846e-06	-7.4649897e-06	0.0
-3.9788879e-06	-8.2617416e-06	0.0
-2.923101e-06	-9.3875333e-06	0.0
-3.7289597e-06	-8.1630851e-06	0.0
-2.8160664e-06	-8.5551192e-06	0.0
-3.0250492e-06	-9.1137063e-06	0.0
-3.8318481e-06	-9.255642e-06	0.0
-4.30195e-06	-9.132812e-06	0.0
-3.9615352e-06	-8.30311e-06	0.0
-3.6086046e-06	-9.1196653e-06	0.0
-3.6086944e-06	-9.1337197e-06	0.0
-3.3719448e-06	-9.1313077e-06	0.0
-3.832633e-06	-9.4069183e-06	0.0
-3.7143207e-06	-9.8152877e-06	0.0
-4.2926949e-06	-1.0511482e-05	0.0
-3.7221862e-06	-1.0106547e-05	0.0
-3.8210169e-06	-1.0509208e-05	0.0
-4.2953029e-06	-1.0800994e-05	0.0
-3.257579e-06	-1.0110909e-05	0.0
-3.58581e-06	-1.1195889e-05	0.0
-4.2775914e-06	-1.1765261e-05	0.0
-4.5252737e-06	-1.1088173e-05	0.0
-3.5858561e-06	-1.1203416e-05	0.0
-4.8602578e-06	-1.246435e-05	0.0
-3.3669769e-06	-1.0809504e-05	0.0
-3.9304728e-06	-1.3529181e-05	0.0
-3.1364048e-06	-1.3582076e-05	0.0
-2.9979494e-06	-1.2053223e-05	0.0
-4.15154e-06	-1.3554884e-05	0.0
-4.1637813e-06	-1.3295872e-05	0.0
-3.8163976e-06	-1.384205e-05	0.0
-3.579072e-06	-1.3841364e-05	0.0
-3.8090673e-06	-1.4808031e-05	0.0
-3.8026819e-06	-1.4266563e-05	0.0
-4.6090104e-06	-1.4812417e-05	0.0
-4.7245994e-06	-1.4414496e-05	0.0
-5.4149941e-06	-1.4135396e-05	0.0
-5.1962252e-06	-1.4408027e-05	0.0
-4.7229296e-06	-1.4821521e-05	0.0
-5.2982123e-06	-1.5500329e-05	0.0
-5.1804409e-06	-1.647982e-05	0.0
-5.650355e-06	-1.5787222e-05	0.0
-4.2716802e-06	-1.7302398e-05	0.0
-4.2485945e-06	-1.6080319e-05	0.0
-5.0581789e-06	-1.6758891e-05	0.0
-5.0659191e-06	-1.6084898e-05	0.0
-4.8315196e-06	-1.6484222e-05	0.0
-5.1650863e-06	-1.7173388e-05	0.0
-5.8716987e-06	-1.7729944e-05	0.0
-4.6063728e-06	-1.7468681e-05	0.0
-4.7056383e-06	-1.7180162e-05	0.0
-4.8239772e-06	-1.8553321e-05	0.0
-4.82516e-06	-1.8695462e-05	0.0
-4.814191e-06	-1.9532043e-05	0.0
-5.7395914e-06	-1.8301393e-05	0.0
-5.2884488e-06	-1.9247642e-05	0.0
-5.1596421e-06	-1.9532392e-05	0.0
-5.7345605e-06	-2.0082813e-05	0.0
-5.8551796e-06	-2.0089372e-05	0.0
-6.1841979e-06	-2.0758562e-05	0.0
-7.3570386e-06	-2.2550868e-05	0.0
-5.5226537e-06	-2.216895e-05	0.0
-5.1585471e-06	-2.1462303e-05	0.0
-5.0316671e-06	-2.2840622e-05	0.0
-5.964554e-06	-2.2424665e-05	0.0
-4.92448e-06	-2.4352456e-05	0.0
-6.0606653e-06	-2.2869253e-05	0.0
-6.4196042e-06	-2.3247627e-05	0.0
-6.3104003e-06	-2.4766727e-05	0.0
-5.500091e-06	-2.504921e-05	0.0
-5.6044096e-06	-2.5869227e-05	0.0
-5.8357564e-06	-2.6425136e-05	0.0
-5.9523568e-06	-2.6840009e-05	0.0
-6.0590723e-06	-2.7118276e-05	0.0
-6.8677637e-06	-2.7129145e-05	0.0
-6.8690638e-06	-2.6843694e-05	0.0
-7.2190946e-06	-2.8480335e-05	0.0
-6.1929704e-06	-2.9190416e-05	0.0
-5.5883106e-06	-2.917621e-05	0.0
-7.0906317e-06	-3.1102507e-05	0.0
-6.523579e-06	-3.0970616e-05	0.0
-6.9728917e-06	-3.234989e-05	0.0
-6.8725594e-06	-3.1261749e-05	0.0
-5.7175735e-06	-3.2476139e-05	0.0
-5.6960162e-06	-3.3450866e-05	0.0
-6.6299135e-06	-3.3864599e-05	0.0
-5.3723556e-06	-3.4815224e-05	0.0
-5.0041353e-06	-3.6203008e-05	0.0
-5.6999361e-06	-3.566144e-05	0.0
-5.2421183e-06	-3.6343074e-05	0.0
-5.5745681e-06	-3.6614172e-05	0.0
-6.1611449e-06	-3.8393802e-05	0.0
-5.6931381e-06	-3.9094182e-05	0.0
-6.6147077e-06	-3.9375784e-05	0.0
-6.1576416e-06	-3.9634851e-05	0.0
-6.722712e-06	-4.1571115e-05	0.0
-6.7432511e-06	-4.0612333e-05	0.0
-5.3413892e-06	-4.2795866e-05	0.0
-6.9488915e-06	-4.2819473e-05	0.0
-6.4991468e-06	-4.3217409e-05	0.0
-6.7263577e-06	-4.4592332e-05	0.0
-6.3714169e-06	-4.5415938e-05	0.0
-7.6417064e-06	-4.6795292e-05	0.0
-6.8440768e-06	-4.6932648e-05	0.0
-6.7214869e-06	-4.8709651e-05	0.0
-6.7083088e-06	-4.9680206e-05	0.0
-8.213121e-06	-5.0774121e-05	0.0
-7.1913569e-06	-5.2015435e-05	0.0
-6.5974859e-06	-5.2435724e-05	0.0
-7.170489e-06	-5.2844411e-05	0.0
-7.2907083e-06	-5.3939064e-05	0.0
-7.1724426e-06	-5.4908243e-05	0.0
-7.0629676e-06	-5.5584773e-05	0.0
-6.3592147e-06	-5.7517602e-05	0.0
-7.2843332e-06	-5.7241137e-05	0.0
-6.3630841e-06	-5.9705471e-05	0.0
-7.0460751e-06	-6.0125083e-05	0.0
-6.9339912e-06	-6.2179657e-05	0.0
-7.6155238e-06	-6.2736341e-05	0.0
-8.2041697e-06	-6.4778156e-05	0.0
-7.1737436e-06	-6.6720793e-05	0.0
-6.6919984e-06	-6.6452441e-05	0.0
-7.8456478e-06	-6.7677138e-05	0.0
-7.7327541e-06	-6.9043585e-05	0.0
-8.1985654e-06	-7.1248709e-05	0.0
-7.1610179e-06	-7.1395123e-05	0.0
-7.4956542e-06	-7.3158255e-05	0.0
-7.8360372e-06	-7.5635078e-05	0.0
-8.7687004e-06	-7.6749442e-05	0.0
-7.7327868e-06	-7.7559838e-05	0.0
-8.2941669e-06	-8.0032718e-05	0.0
-8.6496984e-06	-8.0728554e-05	0.0
-8.0778382e-06	-8.2635954e-05	0.0
-7.6029914e-06	-8.457221e-05	0.0
-8.2988981e-06	-8.5252148e-05	0.0
-7.9404081e-06	-8.812367e-05	0.0
-9.7919883e-06	-9.0056266e-05	0.0
-8.6443479e-06	-9.1708076e-05	0.0
-9.6697822e-06	-9.3071103e-05	0.0
-9.3384051e-06	-9.6221418e-05	0.0
-8.7546041e-06	-9.8156786e-05	0.0
-8.5254233e-06	-9.953251e-05	0.0
-7.8289095e-06	-0.00010116606	0.0
-8.390477e-06	-0.00010445859	0.0
-9.2132477e-06	-0.00010665214	0.0
-8.0562168e-06	-0.00010995525	0.0
-8.9669275e-06	-0.0001106452	0.0
-9.2026348e-06	-0.00011365442	0.0
-9.5511487e-06	-0.00011544265	0.0
-8.9752466e-06	-0.00011872404	0.0
-9.1954644e-06	-0.00012161643	0.0
-9.6614413e-06	-0.00012367575	0.0
-9.428958e-06	-0.00012614221	0.0
-9.8856863e-06	-0.00012887978	0.0
-9.8923801e-06	-0.00013218193	0.0
-9.3149974e-06	-0.00013409859	0.0
-9.0782351e-06	-0.00013793743	0.0
-9.1913444e-06	-0.00014027173	0.0
-9.0802132e-06	-0.00014424456	0.0
-8.9489022e-06	-0.00014699633	0.0
-1.0345138e-05	-0.00015041631	0.0
-8.5072516e-06	-0.00015425797	0.0
-8.7175849e-06	-0.00015782827	0.0
-9.1820812e-06	-0.00016085387	0.0
-9.3018416e-06	-0.00016372168	0.0
-8.9496634e-06	-0.00016878983	0.0
-9.8642176e-06	-0.00017251268	0.0
-1.0225413e-05	-0.00017538782	0.0
-8.952401e-06	-0.00018017081	0.0
-9.2913624e-06	-0.00018566746	0.0
-9.284412e-06	-0.00018910413	0.0
-1.0558966e-05	-0.0001937535	0.0
-9.7493376e-06	-0.00019910964	0.0
-1.0901776e-05	-0.000203223	0.0
-9.7557577e-06	-0.00020816886	0.0
-9.7462571e-06	-0.00021131546	0.0
-9.6283329e-06	-0.0002177561	0.0
-1.0091161e-05	-0.00022174139	0.0
-9.5148343e-06	-0.00022762523	0.0
-1.0190892e-05	-0.00023365805	0.0
-1.1361391e-05	-0.00024024432	0.0
-9.516325e-06	-0.00024572949	0.0
-1.0416765e-05	-0.00025231179	0.0
-1.1470379e-05	-0.00025806751	0.0
-1.0431658e-05	-0.00026533895	0.0
-1.0885105e-05	-0.00027041699	0.0
-1.0435279e-05	-0.00027712449	0.0
-9.4993648e-06	-0.00028384209	0.0
-1.0758863e-05	-0.00029138362	0.0
-1.1118577e-05	-0.00029837264	0.0
-1.0422205e-05	-0.00030686404	0.0
-1.0763551e-05	-0.00031523407	0.0
-1.0761889e-05	-0.00032318709	0.0
-1.1112261e-05	-0.00033141405	0.0
-1.0639271e-05	-0.0003399025	0.0
-1.248219e-05	-0.00034991401	0.0
-1.2037275e-05	-0.00035841236	0.0
-1.1902074e-05	-0.00036882589	0.0
-1.3181048e-05	-0.00037815075	0.0
-1.2140174e-05	-0.00038869845	0.0
-1.3739367e-05	-0.00039912027	0.0
-1.3995134e-05	-0.00041008589	0.0
-1.2488608e-05	-0.00042131662	0.0
-1.3050059e-05	-0.0004340703	0.0
-1.3294026e-05	-0.00044572161	0.0
-1.2590778e-05	-0.00045916124	0.0
-1.3631643e-05	-0.00047040576	0.0
-1.2595633e-05	-0.00048395968	0.0
-1.3502607e-05	-0.00049793982	0.0
-1.3977668e-05	-0.00051274581	0.0
-1.317154e-05	-0.00052700692	0.0
-1.3269124e-05	-0.0005418043	0.0
-1.4656298e-05	-0.00055795885	0.0
-1.4547386e-05	-0.00057619892	0.0
-1.46622e-05	-0.00059237424	0.0
-1.4647409e-05	-0.00061128469	0.0
-1.6387314e-05	-0.00062870444	0.0
-1.5010565e-05	-0.00064705563	0.0
-1.5796322e-05	-0.0006669198	0.0
-1.6726543e-05	-0.00068802055	0.0
-1.6959651e-05	-0.0007092749	0.0
-1.7410344e-05	-0.000729825	0.0
-1.8458781e-05	-0.00075338158	0.0
-1.7651761e-05	-0.00077792705	0.0
-1.8334749e-05	-0.00080190261	0.0
-1.8451585e-05	-0.00082806818	0.0
-1.9140163e-05	-0.00085451512	0.0
-1.9373081e-05	-0.00088300352	0.0
-1.9605912e-05	-0.00091249129	0.0
-1.9259549e-05	-0.00094030635	0.0
-1.9369951e-05	-0.00097207288	0.0
-1.9259796e-05	-0.0010049685	0.0
-1.9128231e-05	-0.0010388237	0.0
-2.0741927e-05	-0.0010729424	0.0
-2.0864645e-05	-0.0011091065	0.0
-2.1663911e-05	-0.0011477475	0.0
-2.2357162e-05	-0.0011874924	0.0
-2.2938981e-05	-0.0012284586	0.0
-2.3379909e-05	-0.0012714767	0.0
-2.5926942e-05	-0.0013168416	0.0
-2.5361926e-05	-0.0013634439	0.0
-2.6498336e-05	-0.001412512	0.0
-2.7426833e-05	-0.0014623976	0.0
-2.8234086e-05	-0.0015150124	0.0
-2.869922e-05	-0.0015705185	0.0
-2.9038378e-05	-0.0016284713	0.0
-3.0301733e-05	-0.0016893328	0.0
-3.1232248e-05	-0.0017516778	0.0
-3.135005e-05	-0.0018182716	0.0
-3.2136995e-05	-0.0018859621	0.0
-3.4792451e-05	-0.0019591339	0.0
-3.5608693e-05	-0.0020347931	0.0
-3.6988291e-05	-0.0021148035	0.0
-3.8025206e-05	-0.0021981299	0.0
-3.9639384e-05	-0.0022841992	0.0
-4.0790368e-05	-0.0023746151	0.0
-4.274835e-05	-0.0024702568	0.0
-4.4136017e-05	-0.0025687546	0.0
-4.5745499e-05	-0.0026749568	0.0
-4.7929781e-05	-0.0027834671	0.0
-5.0472998e-05	-0.0028994938	0.0
-5.2086089e-05	-0.0030214242	0.0
-5.4621287e-05	-0.0031480424	0.0
-5.6694338e-05	-0.0032797614	0.0
-5.9809834e-05	-0.0034202901	0.0
-6.1546358e-05	-0.0035685627	0.0
-6.4071566e-05	-0.003721325	0.0
-6.7300156e-05	-0.0038838254	0.0
-7.0751972e-05	-0.0040530395	0.0
-7.4915537e-05	-0.0042341114	0.0
-7.7666402e-05	-0.0044230777	0.0
-8.423251e-05	-0.0046205302	0.0
-8.8517416e-05	-0.0048302948	0.0
-9.3357317e-05	-0.0050506708	0.0
-9.7847173e-05	-0.0052816388	0.0
-0.00010418679	-0.0055252258	0.0
-0.00010972501	-0.0057829414	0.0
-0.00011674745	-0.0060535367	0.0
-0.00012424601	-0.0063378545	0.0
-0.00013185109	-0.0066373539	0.0
-0.00014095459	-0.0069527524	0.0
-0.00015052574	-0.0072849258	0.0
-0.00016011503	-0.0076353829	0.0
-0.00016874999	-0.008003789	0.0
-0.00018151953	-0.0083910124	0.0
-0.00019571315	-0.0088013634	0.0
-0.00020909902	-0.0092318002	0.0
-0.00022305184	-0.0096841631	0.0
-0.00023825736	-0.010160507	0.0
-0.00025625809	-0.010659641	0.0
-0.00027388256	-0.011186353	0.0
-0.00029647312	-0.011739615	0.0
-0.00031828278	-0.012321165	0.0
-0.00034237382	-0.012932093	0.0
-0.00036911495	-0.013571768	0.0
-0.00039943412	-0.014242892	0.0
-0.00043103707	-0.014948364	0.0
-0.00046493285	-0.015689084	0.0
-0.00050147157	-0.016467083	0.0
-0.0005415983	-0.017280387	0.0
-0.00058334449	-0.018136794	0.0
-0.00062957755	-0.019036893	0.0
-0.00067745143	-0.019984983	0.0
-0.00072613539	-0.020980414	0.0
-0.00077550387	-0.022031516	0.0
-0.00082433014	-0.023133364	0.0
-0.00087167358	-0.02429121	0.0
-0.00091475877	-0.02550452	0.0
-0.000953476	-0.026766881	0.0
-0.00098401657	-0.028071173	0.0
-0.0010071913	-0.029407259	0.0
-0.0010189625	-0.030755768	0.0
-0.0010206795	-0.03209655	0.0
-0.0010112198	-0.033393718	0.0
-0.00098975759	-0.034607459	0.0
-0.00095673482	-0.035683133	0.0
-0.00091458636	-0.036549699	0.0
-0.00086262811	-0.037115309	0.0
-0.00080220943	-0.037255138	0.0
-0.0007373874	-0.03681742	0.0
-0.0006674733	-0.035579268	0.0
-0.00059823872	-0.033267375	0.0
-0.00052865164	-0.02950988	0.0
-0.00046374078	-0.023828698	0.0
-0.0004055202	-0.015675919	0.0
-0.0003568492	-0.0043686265	0.0
-0.00031843508	0.010734668	0.0
-0.00028889053	0.030244067	0.0
-0.00026553244	0.054481179	0.0
-0.00024397489	0.083357103	0.0
-0.00021551328	0.11628908	0.0
-0.00017687956	0.15224338	0.0
-0.00012170289	0.18973042	0.0
-5.146434e-05	0.227548	0.0
3.3816217e-05	0.2646077	0.0
0.00013205297	0.30008426	0.0
0.00024436123	0.33342928	0.0
0.00037986046	0.36407825	0.0
0.0005368836	0.39136928	0.0
0.00073327095	0.41426411	0.0
0.000956556	0.43161038	0.0
0.0012152942	0.44222483	0.0
0.0014973012	0.44518933	0.0
0.0017917743	0.43991044	0.0
0.0020967245	0.42629331	0.0
0.0023798111	0.40456882	0.0
0.0026483545	0.37526578	0.0
0.0028686547	0.33891624	0.0
0.0030399682	0.29614705	0.0
0.0031491916	0.24722041	0.0
0.0031791837	0.19245562	0.0
0.0031349699	0.13227654	0.0
0.0030017295	0.067253165	0.0
0.0027914566	-0.0013757122	0.0
0.0025095684	-0.072667979	0.0
0.002174211	-0.14522797	0.0
0.0017986806	-0.21757434	0.0
0.0014062844	-0.28830478	0.0
0.0010032804	-0.35619855	0.0
0.00061067572	-0.42039338	0.0
0.00023740335	-0.48012456	0.0
-0.00012014058	-0.53486466	0.0
-0.00044129443	-0.58425987	0.0
-0.00075236638	-0.62778354	0.0
-0.0010268294	-0.6649937	0.0
-0.0012810522	-0.69565982	0.0
-0.0015168727	-0.71944273	0.0
-0.0017216478	-0.73626494	0.0
-0.0019163052	-0.74592346	0.0
-0.0020927342	-0.74821955	0.0
-0.0022548574	-0.74281698	0.0
-0.0024065252	-0.72933984	0.0
-0.0025447141	-0.7072069	0.0
-0.0026798265	-0.67601728	0.0
-0.0027923004	-0.63533539	0.0
-0.0028910213	-0.58529943	0.0
-0.0029732722	-0.52623302	0.0
-0.0030189808	-0.45903978	0.0
-0.0030532028	-0.38517973	0.0
-0.0030473019	-0.3058041	0.0
-0.0030344639	-0.22297458	0.0
-0.0030001283	-0.13732883	0.0
-0.0029517948	-0.050458767	0.0
-0.0028911829	0.037170548	0.0
-0.0028137083	0.12476572	0.0
-0.0027142512	0.21182497	0.0
-0.0025913601	0.29748356	0.0
-0.00242894	0.38062713	0.0
-0.0022271241	0.46009484	0.0
-0.0019817085	0.53454971	0.0
-0.0016896708	0.60211891	0.0
-0.0013710319	0.66195446	0.0
-0.001018977	0.71298629	0.0
-0.00066577783	0.75477779	0.0
-0.00030608918	0.78714782	0.0
4.7553862e-05	0.81033331	0.0
0.00039593381	0.82461613	0.0
0.00073441747	0.83026391	0.0
0.0010728524	0.82739532	0.0
0.0014053959	0.81593841	0.0
0.0017360501	0.79557413	0.0
0.0020608241	0.7662465	0.0
0.0023696339	0.72735113	0.0
0.0026655023	0.67892528	0.0
0.00291318	0.62100565	0.0
0.0031298327	0.55493772	0.0
0.0032840502	0.48123795	0.0
0.0033833086	0.40127811	0.0
0.0034348709	0.31720561	0.0
0.0034296827	0.22988369	0.0
0.0033804802	0.14069499	0.0
0.0032871114	0.050557207	0.0
0.0031531686	-0.03981084	0.0
0.0029852344	-0.12982245	0.0
0.0027850848	-0.21868026	0.0
0.0025579934	-0.3054983	0.0
0.0023090602	-0.38903496	0.0
0.0020341079	-0.46793431	0.0
0.0017478871	-0.54071873	0.0
0.0014537013	-0.60605979	0.0
0.0011574278	-0.66284752	0.0
0.00087303721	-0.71041209	0.0
0.00060701068	-0.74851632	0.0
0.00035768808	-0.77723324	0.0
0.00013794292	-0.79688215	0.0
-6.7275017e-05	-0.80768466	0.0
-0.00025845165	-0.80990392	0.0
-0.00042743201	-0.80355984	0.0
-0.00060702831	-0.78848308	0.0
-0.00076642958	-0.76443338	0.0
-0.00092664611	-0.73104155	0.0
-0.0010761614	-0.68813646	0.0
-0.0012211109	-0.63578886	0.0
-0.001358515	-0.57438397	0.0
-0.0014836278	-0.50510198	0.0
-0.0016061025	-0.42903647	0.0
-0.0017257772	-0.34765929	0.0
-0.0018452662	-0.2624276	0.0
-0.0019717889	-0.17481641	0.0
-0.0021010288	-0.085707821	0.0
-0.0022366287	0.004019062	0.0
-0.0023711033	0.093456186	0.0
-0.0024951487	0.18236646	0.0
-0.0025913299	0.26966223	0.0
-0.0026522398	0.35438558	0.0
-0.0026518414	0.43525675	0.0
-0.0025861119	0.51083779	0.0
-0.0024445085	0.57985139	0.0
-0.0022302067	0.64071304	0.0
-0.0019587479	0.69269681	0.0
-0.0016420326	0.73541361	0.0
-0.0013087908	0.76870948	0.0
-0.00096398185	0.79271472	0.0
-0.00062157592	0.80779588	0.0
-0.00028441355	0.8141917	0.0
3.9124297e-05	0.81202668	0.0
0.00034844966	0.80124837	0.0
0.00065113435	0.78159624	0.0
0.00093099731	0.75282723	0.0
0.0011935384	0.71456599	0.0
0.0014196497	0.66674298	0.0
0.0016067383	0.60960501	0.0
0.001741571	0.54397011	0.0
0.0018224154	0.47085726	0.0
0.0018500171	0.39168233	0.0
0.0018251935	0.3080301	0.0
0.0017715544	0.22117889	0.0
0.0016860201	0.13233136	0.0
0.0016000143	0.042520866	0.0
0.0015176381	-0.047707308	0.0
0.0014521399	-0.13739923	0.0
0.0014101465	-0.22613673	0.0
0.0013925066	-0.31275877	0.0
0.0013983315	-0.39616552	0.0
0.0014144444	-0.47500786	0.0
0.0014335969	-0.54757208	0.0
0.0014415	-0.61276424	0.0
0.0014361581	-0.66937214	0.0
0.0013992589	-0.7167381	0.0
0.001344236	-0.75458187	0.0
0.0012564948	-0.78302658	0.0
0.0011487197	-0.80238712	0.0
0.0010135433	-0.81287718	0.0
0.00085673755	-0.81477702	0.0
0.00067419675	-0.80808502	0.0
0.00046667724	-0.79267311	0.0
0.00023836293	-0.76823014	0.0
-1.0342839e-05	-0.73441058	0.0
-0.00025859624	-0.69105995	0.0
-0.00049607828	-0.63810706	0.0
-0.00069455686	-0.57638097	0.0
-0.00084215199	-0.50656253	0.0
-0.00092046289	-0.43002084	0.0
-0.00092513853	-0.34815946	0.0
-0.00085743377	-0.26260534	0.0
-0.00072337204	-0.17442849	0.0
-0.00052967342	-0.084673107	0.0
-0.00028087737	0.005244636	0.0
1.1078572e-05	0.095464148	0.0
0.00034789575	0.18474346	0.0
0.00072530383	0.27258274	0.0
0.0011402515	0.35772583	0.0
0.0015832017	0.43906793	0.0
0.0020521812	0.5148809	0.0
0.0025193461	0.5838728	0.0
0.0029735167	0.64478368	0.0
0.0033954249	0.69674307	0.0
0.0037495291	0.73930901	0.0
0.004061698	0.77234149	0.0
0.0042886729	0.79615384	0.0
0.0044594537	0.81092668	0.0
0.0045773396	0.81703776	0.0
0.0046265558	0.81460059	0.0
0.0046465653	0.80357796	0.0
0.004613501	0.78369719	0.0
0.0045492733	0.75463957	0.0
0.0044424725	0.71618485	0.0
0.0043073134	0.6681847	0.0
0.0041269516	0.61087573	0.0
0.0039162105	0.54499972	0.0
0.0036734764	0.47174558	0.0
0.0033984513	0.39243406	0.0
0.0031046453	0.30865967	0.0
0.0027945377	0.22180797	0.0
0.0024724831	0.13292293	0.0
0.0021493016	0.043114316	0.0
0.0018207537	-0.046999138	0.0
0.0014914825	-0.13687888	0.0
0.001156397	-0.22555286	0.0
0.00081755721	-0.31221843	0.0
0.00046626016	-0.39574969	0.0
0.00010831707	-0.47483298	0.0
-0.00025116329	-0.5478335	0.0
-0.00062414951	-0.61342573	0.0
-0.00096637639	-0.6704514	0.0
-0.001313372	-0.71819246	0.0
-0.0016093418	-0.75659019	0.0
-0.0019021116	-0.78524917	0.0
-0.002149113	-0.80485815	0.0
-0.0023841748	-0.81560093	0.0
-0.0025974261	-0.81762093	0.0
-0.0027940772	-0.81099343	0.0
-0.0029887508	-0.79556257	0.0
-0.0031563086	-0.77095854	0.0
-0.0033274577	-0.73691136	0.0
-0.0034578848	-0.69332284	0.0
-0.0035592131	-0.64021814	0.0
-0.0036188147	-0.57809949	0.0
-0.0036110396	-0.50794214	0.0
-0.0035699073	-0.43109581	0.0
-0.00346252	-0.34905511	0.0
-0.0033195773	-0.26311949	0.0
-0.0031402896	-0.17502749	0.0
-0.0029343185	-0.085315578	0.0
-0.0027118588	0.0046291491	0.0
-0.0024792787	0.094709307	0.0
-0.0022353188	0.18392922	0.0
-0.0019860752	0.27158397	0.0
-0.0017276001	0.35654026	0.0
-0.0014581564	0.43767983	0.0
-0.0011791224	0.51347953	0.0
-0.00089061179	0.58232474	0.0
-0.00060530414	0.64319915	0.0
-0.00032120582	0.69517249	0.0
-6.1100582e-05	0.73773944	0.0
0.00018872596	0.77083921	0.0
0.00040517491	0.79470134	0.0
0.00061254244	0.80961174	0.0
0.00080495543	0.81580228	0.0
0.00097589655	0.81345171	0.0
0.0011593213	0.80248219	0.0
0.0013218168	0.78266156	0.0
0.0014917541	0.75360614	0.0
0.0016422801	0.71521771	0.0
0.0017716333	0.66725284	0.0
0.0018713379	0.61001307	0.0
0.0019230101	0.54418713	0.0
0.0019246214	0.47108597	0.0
0.0018717904	0.39195296	0.0
0.0017766433	0.30829638	0.0
0.0016387013	0.22166333	0.0
0.0014797235	0.13304636	0.0
0.0012991357	0.043407772	0.0
0.0011111238	-0.046528611	0.0
0.00091268029	-0.13597557	0.0
0.00070574117	-0.22450647	0.0
0.00047671958	-0.31103298	0.0
0.00023058939	-0.39452225	0.0
-4.9219074e-05	-0.47337452	0.0
-0.00035668543	-0.54635775	0.0
-0.0006865852	-0.61191612	0.0
-0.0010338339	-0.66898388	0.0
-0.0013755092	-0.71682286	0.0
-0.0017158526	-0.7551837	0.0
-0.002029229	-0.78409642	0.0
-0.0023253884	-0.80390835	0.0
-0.0025999341	-0.81486225	0.0
-0.0028478527	-0.81720489	0.0
-0.0030816454	-0.81096476	0.0
-0.0032855645	-0.79599309	0.0
-0.0034719994	-0.77197856	0.0
-0.0036242639	-0.73854613	0.0
-0.0037368638	-0.69556689	0.0
-0.0037974836	-0.64302254	0.0
-0.0037989009	-0.5814001	0.0
-0.0037360177	-0.51173395	0.0
-0.0036178462	-0.4351885	0.0
-0.0034424406	-0.3534613	0.0
-0.0032292085	-0.26775163	0.0
-0.0029927457	-0.17929095	0.0
-0.0027372933	-0.089745142	0.0
-0.0024784496	0.00066700525	0.0
-0.0022176516	0.090893261	0.0
-0.0019601141	0.18054517	0.0
-0.0017040891	0.268677	0.0
-0.0014519515	0.35422495	0.0
-0.0011944078	0.43582389	0.0
-0.00094194128	0.51202619	0.0
-0.000696017	0.58148104	0.0
-0.0004475757	0.64266205	0.0
-0.00022596937	0.69497335	0.0
-1.5577985e-05	0.73786616	0.0
0.00017561849	0.77116841	0.0
0.00033619639	0.79520237	0.0
0.00048795773	0.81024778	0.0
0.00062254851	0.81660104	0.0
0.00073955744	0.81436968	0.0
0.00087072677	0.80350047	0.0
0.00098126463	0.78375292	0.0
0.0011090511	0.7549367	0.0
0.0012388551	0.71665668	0.0
0.0013571681	0.66882962	0.0
0.0014953581	0.61167639	0.0
0.0016070317	0.54609108	0.0
0.0017135417	0.47303635	0.0
0.0018071583	0.3939631	0.0
0.0018766476	0.31038472	0.0
0.0019461751	0.22370379	0.0
0.0019939789	0.13495563	0.0
0.0020364763	0.045166094	0.0
0.0020696928	-0.04470912	0.0
0.0020876103	-0.13426667	0.0
0.0020810752	-0.22277558	0.0
0.0020422414	-0.30936041	0.0
0.0019458015	-0.39273703	0.0
0.0017873811	-0.47166929	0.0
0.0015441104	-0.5445832	0.0
0.0012067819	-0.61008435	0.0
0.00081477617	-0.66710931	0.0
0.00033198635	-0.71495456	0.0
-0.00016285066	-0.75332826	0.0
-0.0006983995	-0.78227383	0.0
-0.001234083	-0.80211115	0.0
-0.0017446276	-0.81310022	0.0
-0.0022682266	-0.8154515	0.0
-0.0027375978	-0.80921936	0.0
-0.0032116044	-0.79425102	0.0
-0.0036297939	-0.77021867	0.0
-0.0040100934	-0.73689193	0.0
-0.0043472466	-0.6939829	0.0
-0.0045899414	-0.64152676	0.0
-0.0047737248	-0.58010858	0.0
-0.0048512951	-0.51045507	0.0
-0.0048566326	-0.43433547	0.0
-0.0047840984	-0.35277957	0.0
-0.0046533407	-0.26744303	0.0
-0.004484023	-0.17961194	0.0
-0.0042736311	-0.090292454	0.0
-0.0040385807	-0.00039101241	0.0
-0.00377825	0.089339621	0.0
-0.0034863004	0.17871268	0.0
-0.0031570261	0.26602176	0.0
-0.0027864608	0.35094985	0.0
-0.002362842	0.43195876	0.0
-0.0018941599	0.5077548	0.0
-0.0013927509	0.5768736	0.0
-0.00085902069	0.63800901	0.0
-0.00034309007	0.69027692	0.0
0.00015439825	0.73311132	0.0
0.00060389563	0.76659322	0.0
0.0010031373	0.79068983	0.0
0.0013459667	0.80593073	0.0
0.0016268995	0.81245226	0.0
0.0018734522	0.81041074	0.0
0.0020516783	0.79979646	0.0
0.0022106911	0.78035223	0.0
0.002323332	0.75177354	0.0
0.0024002185	0.71371561	0.0
0.0024667711	0.66616952	0.0
0.0024859393	0.60923505	0.0
0.0025051201	0.54373133	0.0
0.0025036409	0.47095647	0.0
0.0025086629	0.3919946	0.0
0.0025239456	0.30854148	0.0
0.0025550406	0.22181891	0.0
0.0026117798	0.13318828	0.0
0.0026867359	0.043388527	0.0
0.0027789252	-0.046438739	0.0
0.0028734747	-0.13621546	0.0
0.0029567434	-0.22474357	0.0
0.0030085845	-0.31112662	0.0
0.0030140141	-0.39447525	0.0
0.0029463838	-0.47315523	0.0
0.0028132251	-0.5459221	0.0
0.0025957613	-0.61102301	0.0
0.0023188479	-0.66769177	0.0
0.0019976196	-0.71510488	0.0
0.0016367926	-0.75305402	0.0
0.0012868715	-0.78160143	0.0
0.00091184379	-0.80099142	0.0
0.00056830543	-0.81156224	0.0
0.00022524891	-0.81347144	0.0
-0.00011679692	-0.80681616	0.0
-0.00042796132	-0.79141939	0.0
-0.00075388403	-0.76699543	0.0
-0.0010530988	-0.73327363	0.0
-0.0013399248	-0.68999869	0.0
-0.0016040371	-0.6373294	0.0
-0.0018313703	-0.57572544	0.0
-0.0020232243	-0.50605977	0.0
-0.0021641934	-0.42993468	0.0
-0.0022596875	-0.34843558	0.0
-0.0023134362	-0.26319107	0.0
-0.0023253064	-0.17543702	0.0
-0.0023083775	-0.086342968	0.0
-0.0022606237	0.0034036313	0.0
-0.0021939343	0.093063273	0.0
-0.0021036903	0.18217018	0.0
-0.0019960676	0.26972196	0.0
-0.0018636712	0.35482073	0.0
-0.001712743	0.43592367	0.0
-0.0015378575	0.511729	0.0
-0.0013433456	0.58090132	0.0
-0.0011399351	0.6421724	0.0
-0.00092251244	0.69445032	0.0
-0.00071073871	0.73738104	0.0
-0.00049875065	0.77084881	0.0
-0.00029064357	0.7950204	0.0
-9.6726086e-05	0.81021196	0.0
9.735721e-05	0.81668556	0.0
0.00029763926	0.81456584	0.0
0.00049177109	0.80380183	0.0
0.00069869752	0.78417939	0.0
0.00090082508	0.75538898	0.0
0.001118271	0.71711224	0.0
0.0013162589	0.66939586	0.0
0.0015070762	0.61234343	0.0
0.0016632637	0.54664314	0.0
0.0017813394	0.47357279	0.0
0.0018584698	0.39446625	0.0
0.0018894292	0.31073996	0.0
0.0018802515	0.22383037	0.0
0.0018380067	0.13503575	0.0
0.0017649354	0.045235336	0.0
0.0016666235	-0.044925757	0.0
0.0015432802	-0.1344647	0.0
0.0013925667	-0.22307225	0.0
0.0012174257	-0.30980456	0.0
0.001009678	-0.39326429	0.0
0.00077685539	-0.47234768	0.0
0.00052445766	-0.54521143	0.0
0.00025652585	-0.61062163	0.0
-1.4108828e-06	-0.66764331	0.0
-0.00025111897	-0.71532148	0.0
-0.00048510588	-0.75357324	0.0
-0.0006937373	-0.78242499	0.0
-0.00089776353	-0.80215538	0.0
-0.0010683172	-0.8130827	0.0
-0.0012449904	-0.81540143	0.0
-0.0014086359	-0.80915171	0.0
-0.001560921	-0.79423726	0.0
-0.0017223775	-0.77028567	0.0
-0.0018529893	-0.73705459	0.0
-0.001981304	-0.69428039	0.0
-0.0020862657	-0.64203471	0.0
-0.0021585466	-0.58072674	0.0
-0.0022155563	-0.51128858	0.0
-0.0022386813	-0.43527678	0.0
-0.002241005	-0.3538169	0.0
-0.0022194004	-0.26848313	0.0
-0.0021757251	-0.18059295	0.0
-0.0021184925	-0.091147207	0.0
-0.0020393345	-0.0011343714	0.0
-0.0019454903	0.088912711	0.0
-0.0018309015	0.17833906	0.0
-0.0016920291	0.26638862	0.0
-0.0015243423	0.35172984	0.0
-0.0013210394	0.43319866	0.0
-0.0010756874	0.5095067	0.0
-0.00079885428	0.57919121	0.0
-0.00047900586	0.64073193	0.0
-0.000145631	0.69340062	0.0
0.0002030473	0.73666447	0.0
0.00054908008	0.7704345	0.0
0.00088926195	0.79487985	0.0
0.0012203071	0.81031561	0.0
0.0015227457	0.81701666	0.0
0.0018225831	0.81508458	0.0
0.0020932513	0.80449378	0.0
0.0023487348	0.78501743	0.0
0.0025740329	0.75631976	0.0
0.0027691904	0.71809852	0.0
0.0029271967	0.67022765	0.0
0.0030335679	0.61315024	0.0
0.0030931276	0.54738688	0.0
0.0031019242	0.47412977	0.0
0.0030625744	0.39478347	0.0
0.0029835494	0.31054485	0.0
0.002874183	0.22380491	0.0
0.0027421741	0.13463984	0.0
0.0025973215	0.044722456	0.0
0.0024439967	-0.045536127	0.0
0.002292397	-0.13540661	0.0
0.0021427223	-0.22455291	0.0
0.0019995396	-0.31113121	0.0
0.0018554508	-0.39474332	0.0
0.0017194371	-0.47380081	0.0
0.0015810245	-0.54695445	0.0
0.0014496919	-0.6125282	0.0
0.0013217631	-0.66958481	0.0
0.0012051336	-0.71742803	0.0
0.0011029348	-0.75579411	0.0
0.0010184759	-0.78473461	0.0
0.00095176918	-0.80452186	0.0
0.00089872559	-0.81547064	0.0
0.00087061158	-0.81776834	0.0
0.00083673891	-0.81146538	0.0
0.00082557049	-0.79640019	0.0
0.00082247681	-0.77229804	0.0
0.00081931386	-0.73876697	0.0
0.00083664549	-0.69580787	0.0
0.00085814844	-0.64329338	0.0
0.00090785616	-0.58171147	0.0
0.00096174376	-0.51201594	0.0
0.0010389412	-0.4356727	0.0
0.001131026	-0.35396278	0.0
0.0012324117	-0.26842728	0.0
0.001346592	-0.18043132	0.0
0.0014678817	-0.091045991	0.0
0.001602564	-0.001043649	0.0
0.0017447586	0.088878877	0.0
0.0018999683	0.17795765	0.0
0.0020629964	0.26551333	0.0
0.0022378825	0.35047713	0.0
0.0024112996	0.43158746	0.0
0.0025841289	0.50740826	0.0
0.0027367237	0.57657665	0.0
0.0028573978	0.63773239	0.0
0.0029443656	0.69005859	0.0
0.002974214	0.73292536	0.0
0.0029603024	0.76636142	0.0
0.0028836846	0.7906059	0.0
0.002760411	0.80587256	0.0
0.0025976885	0.81247056	0.0
0.0023985149	0.81051409	0.0
0.0021717348	0.79994184	0.0
0.0019277226	0.78050512	0.0
0.0016781	0.75188398	0.0
0.0014306741	0.71369183	0.0
0.0011896786	0.66603529	0.0
0.00097034703	0.6090275	0.0
0.00076249393	0.54342896	0.0
0.00058150821	0.47038165	0.0
0.0004203592	0.39129099	0.0
0.00027354027	0.30768979	0.0
0.00014933242	0.22117493	0.0
2.9880157e-05	0.13266188	0.0
-8.3534302e-05	0.043308053	0.0
-0.00020274759	-0.046253104	0.0
-0.00033213053	-0.1354197	0.0
-0.00048477933	-0.22364035	0.0
-0.00066580193	-0.30972841	0.0
-0.00088833831	-0.39284831	0.0
-0.0011482926	-0.47116238	0.0
-0.0014397583	-0.54371119	0.0
-0.0017663416	-0.60887581	0.0
-0.0020859649	-0.66562831	0.0
-0.0024143721	-0.71319371	0.0
-0.0026960457	-0.75134265	0.0
-0.0029525107	-0.78007096	0.0
-0.0031537875	-0.79972303	0.0
-0.0032863456	-0.81055546	0.0
-0.00340292	-0.81276631	0.0
-0.0034201958	-0.80642176	0.0
-0.0034233027	-0.7913425	0.0
-0.0033548456	-0.76727229	0.0
-0.0032473584	-0.73388904	0.0
-0.0031022907	-0.69100928	0.0
-0.0029049362	-0.63867867	0.0
-0.002683677	-0.57743704	0.0
-0.002416933	-0.50814492	0.0
-0.0021364209	-0.43221214	0.0
-0.0018316956	-0.35099065	0.0
-0.0015205331	-0.26598582	0.0
-0.0012123046	-0.17842306	0.0
-0.00089972676	-0.089542314	0.0
-0.00060516724	5.6562953e-05	0.0
-0.00031878363	0.089659512	0.0
-5.0306346e-05	0.1786357	0.0
0.00020120566	0.26618251	0.0
0.00043305336	0.35128295	0.0
0.00064501195	0.43241379	0.0
0.00083288271	0.50839025	0.0
0.00099480269	0.5777145	0.0
0.0011332933	0.63903254	0.0
0.0012430546	0.69148773	0.0
0.0013329787	0.73455685	0.0
0.0014047989	0.76821715	0.0
0.0014596438	0.79256868	0.0
0.001520636	0.80798262	0.0
0.0015707072	0.81472307	0.0
0.001629475	0.81289977	0.0
0.0016968849	0.80248016	0.0
0.0017666061	0.78322738	0.0
0.0018444514	0.75482357	0.0
0.0019174855	0.7169742	0.0
0.0019775615	0.6695677	0.0
0.0020129276	0.61285126	0.0
0.0020093496	0.54756916	0.0
0.0019616184	0.47489694	0.0
0.0018649616	0.3958655	0.0
0.0017214956	0.31244296	0.0
0.0015370235	0.2257151	0.0
0.0013192848	0.13694046	0.0
0.0010751464	0.047147956	0.0
0.00081575057	-0.042959541	0.0
0.0005465736	-0.13269071	0.0
0.0002691026	-0.22153626	0.0
-1.6630374e-05	-0.30836865	0.0
-0.00030357632	-0.39205298	0.0
-0.00060068298	-0.47132936	0.0
-0.00089667237	-0.54440534	0.0
-0.0011877965	-0.61022764	0.0
-0.0014741288	-0.66750044	0.0
-0.0017363562	-0.71556681	0.0
-0.0019762458	-0.75409424	0.0
-0.0021953066	-0.78319222	0.0
-0.0023781999	-0.80309922	0.0
-0.0025478783	-0.81415194	0.0
-0.0026873837	-0.81654966	0.0
-0.002812471	-0.81033844	0.0
-0.0029149274	-0.79537421	0.0
-0.0030092828	-0.77137339	0.0
-0.0030788095	-0.73805267	0.0
-0.0031371177	-0.69516569	0.0
-0.0031741199	-0.64280879	0.0
-0.0031825784	-0.58143723	0.0
-0.003173799	-0.5118261	0.0
-0.0031357268	-0.43561864	0.0
-0.0030799939	-0.35413864	0.0
-0.00300496	-0.26909694	0.0
-0.0029147204	-0.18102127	0.0
-0.002814516	-0.091732159	0.0
-0.0026988399	-0.0017646634	0.0
-0.0025708349	0.088125981	0.0
-0.0024196387	0.17713733	0.0
-0.0022413407	0.26493341	0.0
-0.0020200671	0.34976918	0.0
-0.0017593508	0.4309783	0.0
-0.0014383778	0.50695115	0.0
-0.0010735025	0.57612193	0.0
-0.000662904	0.63733697	0.0
-0.0002166538	0.68970805	0.0
0.00022723195	0.73272336	0.0
0.00067797949	0.76629055	0.0
0.001103061	0.79064345	0.0
0.0015058717	0.80602461	0.0
0.0018797076	0.81276888	0.0
0.002202465	0.81101841	0.0
0.0025096841	0.80071241	0.0
0.0027659091	0.78163481	0.0
0.0029799768	0.75344765	0.0
0.0031570448	0.71589136	0.0
0.0032546397	0.66886383	0.0
0.0033028487	0.61251968	0.0
0.0032674093	0.5475933	0.0
0.0031664302	0.47516239	0.0
0.0030048117	0.39649266	0.0
0.0027929116	0.3131257	0.0
0.0025487086	0.22657038	0.0
0.0022868805	0.13782282	0.0
0.0020204659	0.047954086	0.0
0.0017551436	-0.042274557	0.0
0.0014991901	-0.13225549	0.0
0.0012486606	-0.22113366	0.0
0.001009099	-0.30812767	0.0
0.00077490002	-0.39205384	0.0
0.00054564991	-0.47139847	0.0
0.00032675284	-0.5447787	0.0
0.00011888884	-0.61081362	0.0
-7.3729156e-05	-0.66833001	0.0
-0.00023978607	-0.7165519	0.0
-0.00039044669	-0.75519353	0.0
-0.00052550971	-0.78436244	0.0
-0.00062667561	-0.80433208	0.0
-0.00074410008	-0.81538707	0.0
-0.00083219312	-0.81777191	0.0
-0.00093292037	-0.81152016	0.0
-0.0010475534	-0.79650861	0.0
-0.001147608	-0.77245069	0.0
-0.0012829165	-0.73903912	0.0
-0.001395371	-0.69603282	0.0
-0.001530481	-0.64348638	0.0
-0.001637144	-0.58193713	0.0
-0.0017327665	-0.51231968	0.0
-0.0018002572	-0.43598017	0.0
-0.0018205445	-0.35433048	0.0
-0.0018117281	-0.26892522	0.0
-0.001750406	-0.1809281	0.0
-0.0016557772	-0.091523841	0.0
-0.0015269377	-0.0016887288	0.0
-0.0013767816	0.088169239	0.0
-0.0012136134	0.17734075	0.0
-0.0010477748	0.26529369	0.0
-0.00088528055	0.35032079	0.0
-0.00073429133	0.43178773	0.0
-0.0006047443	0.50803626	0.0
-0.00048399015	0.57761317	0.0
-0.0003941629	0.63933885	0.0
-0.00032299481	0.69205213	0.0
-0.00026960555	0.73547089	0.0
-0.00024623395	0.76933771	0.0
-0.0002203249	0.79392689	0.0
-0.00022982113	0.80953586	0.0
-0.00022367058	0.81639582	0.0
-0.00023901496	0.81466788	0.0
-0.00024459357	0.8042798	0.0
-0.00024692202	0.78503561	0.0
-0.00025839941	0.75658768	0.0
-0.0002434676	0.71867543	0.0
-0.00023476806	0.67117804	0.0
-0.00021657943	0.61436814	0.0
-0.00018930687	0.54893512	0.0
-0.00017174754	0.47600833	0.0
-0.00014359159	0.39708501	0.0
-0.00013703547	0.31348047	0.0
-0.00013352347	0.22668046	0.0
-0.00015074108	0.1377892	0.0
-0.00018108817	0.048106436	0.0
-0.00022823767	-0.041921884	0.0
-0.00028930863	-0.13162324	0.0
-0.00035773788	-0.22026926	0.0
-0.00042755631	-0.30696106	0.0
-0.0004976468	-0.39037684	0.0
-0.00055470562	-0.4693293	0.0
-0.00059739174	-0.54212242	0.0
-0.00062958041	-0.60760963	0.0
-0.0006372006	-0.66467565	0.0
-0.00063525268	-0.71254009	0.0
-0.00061218336	-0.75103456	0.0
-0.00058214914	-0.78015971	0.0
-0.00054830778	-0.80022371	0.0
-0.00050684792	-0.81148857	0.0
-0.00047256224	-0.81420201	0.0
-0.00043240484	-0.80839008	0.0
-0.00041292189	-0.79388714	0.0
-0.00038335568	-0.77040565	0.0
-0.00036485938	-0.73762846	0.0
-0.00035319279	-0.69526488	0.0
-0.0003331647	-0.64338821	0.0
-0.00032972387	-0.58243912	0.0
-0.0003177347	-0.5132829	0.0
-0.00031881646	-0.43719098	0.0
-0.00032692938	-0.3557241	0.0
-0.0003378182	-0.27031842	0.0
-0.00035911825	-0.18232964	0.0
-0.00037814068	-0.092760973	0.0
-0.0003854034	-0.002605173	0.0
-0.00037620828	0.087602459	0.0
-0.00033327474	0.17688128	0.0
-0.00024799234	0.26480186	0.0
-0.00010609389	0.35015211	0.0
9.2761038e-05	0.43162882	0.0
0.00035423209	0.50783509	0.0
0.00066952704	0.57716393	0.0
0.001019376	0.63861477	0.0
0.0013931566	0.69097924	0.0
0.0017642974	0.73406184	0.0
0.0021252807	0.76756561	0.0
0.0024563749	0.79184961	0.0
0.0027650469	0.80715925	0.0
0.0030375069	0.81380212	0.0
0.0032787134	0.81192321	0.0
0.0034965759	0.80147469	0.0
0.0036786993	0.78222233	0.0
0.003833656	0.75387084	0.0
0.003944152	0.71610433	0.0
0.0040071099	0.66885388	0.0
0.0040159696	0.61229175	0.0
0.0039626583	0.54698491	0.0
0.0038529013	0.47426578	0.0
0.0036869231	0.3954086	0.0
0.0034900785	0.31192026	0.0
0.0032579703	0.22523165	0.0
0.0030138481	0.13656333	0.0
0.0027495241	0.04680007	0.0
0.0024723741	-0.043187167	0.0
0.0021761856	-0.13292839	0.0
0.0018521257	-0.22143574	0.0
0.0014957483	-0.30794552	0.0
0.001106382	-0.39141825	0.0
0.0006906364	-0.47012696	0.0
0.00024295493	-0.54293448	0.0
-0.00018821631	-0.60840434	0.0
-0.00062568241	-0.66531837	0.0
-0.0010096754	-0.71306187	0.0
-0.001349097	-0.75132978	0.0
-0.0016411063	-0.78019965	0.0
-0.0018590502	-0.79997903	0.0
-0.0020440333	-0.81091726	0.0
-0.0021707285	-0.81327814	0.0
-0.0022696157	-0.8070932	0.0
-0.0023358755	-0.79221988	0.0
-0.0023707508	-0.76837885	0.0
-0.0023947449	-0.73522478	0.0
-0.0023803746	-0.6925211	0.0
-0.0023512507	-0.64039767	0.0
-0.0022821703	-0.57932049	0.0
-0.0021863843	-0.51022452	0.0
-0.0020520578	-0.43443605	0.0
-0.0018934774	-0.35331854	0.0
-0.001700401	-0.26838893	0.0
-0.0015017493	-0.1809561	0.0
-0.0012889779	-0.092061386	0.0
-0.0010798509	-0.0025726864	0.0
-0.0008831594	0.086910889	0.0
-0.00070000574	0.17568885	0.0
-0.00053787004	0.26321328	0.0
-0.00039585767	0.34839049	0.0
-0.000265293	0.42968377	0.0
-0.00015080342	0.50590509	0.0
-3.9099803e-05	0.57553887	0.0
7.106892e-05	0.6372726	0.0
0.00017853607	0.69017667	0.0
0.00029073554	0.73371369	0.0
0.00039270584	0.76778513	0.0
0.00051082257	0.79256415	0.0
0.00061941339	0.80837911	0.0
0.0007439871	0.81549412	0.0
0.00088286679	0.81404138	0.0
0.0010345253	0.80396324	0.0
0.0012132523	0.78506845	0.0
0.0014044578	0.75701571	0.0
0.0016203934	0.71948093	0.0
0.0018223204	0.67236638	0.0
0.002018474	0.61593097	0.0
0.0021654656	0.55077952	0.0
0.0022517471	0.47806084	0.0
0.0022711058	0.39917877	0.0
0.0022086089	0.31556639	0.0
0.0020772205	0.22860539	0.0
0.0018868174	0.13967845	0.0
0.0016418148	0.049639922	0.0
0.0013623147	-0.040678807	0.0
0.001055992	-0.13068128	0.0
0.00073254807	-0.21963871	0.0
0.00040084496	-0.30665013	0.0
6.9438247e-05	-0.39034483	0.0
-0.00025893134	-0.46956396	0.0
-0.00057113904	-0.54288858	0.0
-0.00085972575	-0.60865611	0.0
-0.0011182622	-0.66604078	0.0
-0.0013304213	-0.71413332	0.0
-0.0015055395	-0.75279474	0.0
-0.0016273262	-0.78203541	0.0
-0.0017107476	-0.80210084	0.0
-0.0017459034	-0.81331575	0.0
-0.0017551911	-0.81587911	0.0
-0.0017272412	-0.80986106	0.0
-0.0016763828	-0.79509771	0.0
-0.0016126912	-0.77132034	0.0
-0.0015317209	-0.73819935	0.0
-0.0014420409	-0.69553685	0.0
-0.0013513614	-0.64335054	0.0
-0.0012508176	-0.58212698	0.0
-0.0011543687	-0.51281357	0.0
-0.001049279	-0.43667212	0.0
-0.00095482252	-0.35519493	0.0
-0.00084516819	-0.26993686	0.0
-0.00074670219	-0.18207781	0.0
-0.00064740382	-0.092764348	0.0
-0.00054668507	-0.0028074591	0.0
-0.00044619353	0.087068826	0.0
-0.00033557258	0.17603187	0.0
-0.00021143322	0.26364604	0.0
-6.2045328e-05	0.3487612	0.0
0.00011597228	0.42997235	0.0
0.00033819783	0.50595427	0.0
0.00058673084	0.57533062	0.0
0.00086811522	0.63671786	0.0
0.0011626186	0.68925118	0.0
0.0014382761	0.73244458	0.0
0.0017072801	0.76616532	0.0
0.0019281617	0.79064715	0.0
0.0021190648	0.80614233	0.0
0.0022679633	0.81297606	0.0
0.0023639346	0.81126338	0.0
0.0024353501	0.80095667	0.0
0.0024466622	0.78182095	0.0
0.002427638	0.75357556	0.0
0.0023530561	0.71587998	0.0
0.0022269338	0.66867489	0.0
0.0020601714	0.61223	0.0
0.001828862	0.54714423	0.0
0.0015620353	0.47459003	0.0
0.0012635497	0.39602569	0.0
0.00093846582	0.31289369	0.0
0.00060661993	0.2265227	0.0
0.00027292941	0.1382729	0.0
-5.6384866e-05	0.048908394	0.0
-0.00038001829	-0.040791731	0.0
-0.00069616135	-0.13015918	0.0
-0.001004422	-0.21869592	0.0
-0.0013050546	-0.30533165	0.0
-0.0015948004	-0.38883653	0.0
-0.0018736856	-0.46804953	0.0
-0.002136271	-0.54141849	0.0
-0.0023625083	-0.6074478	0.0
-0.0025664521	-0.66519213	0.0
-0.0027169944	-0.71337801	0.0
-0.0028237568	-0.75226951	0.0
-0.0029007795	-0.78171921	0.0
-0.0029245431	-0.80199093	0.0
-0.0029302272	-0.8133893	0.0
-0.0029097642	-0.81614155	0.0
-0.0028716733	-0.81026065	0.0
-0.0028345599	-0.7956425	0.0
-0.0027690085	-0.77198356	0.0
-0.0027118076	-0.73898774	0.0
-0.0026274067	-0.69642991	0.0
-0.0025314132	-0.64440143	0.0
-0.0024013112	-0.58332342	0.0
-0.0022391027	-0.51412648	0.0
-0.0020485998	-0.43807626	0.0
-0.0018192024	-0.35681841	0.0
-0.001563036	-0.2716558	0.0
-0.0012863562	-0.1838803	0.0
-0.00098935596	-0.094683602	0.0
-0.00068869069	-0.0048737414	0.0
-0.00038790089	0.084704533	0.0
-0.00010038344	0.17382179	0.0
0.00017411112	0.26143685	0.0
0.00042845847	0.34659657	0.0
0.00066553877	0.42792246	0.0
0.00088381383	0.50412208	0.0
0.0010858359	0.57370371	0.0
0.0012665706	0.63544327	0.0
0.0014369779	0.68837434	0.0
0.0015860979	0.73203224	0.0
0.0017211798	0.7661792	0.0
0.0018366153	0.79111069	0.0
0.0019436972	0.80702448	0.0
0.0020427571	0.81425786	0.0
0.0021329427	0.81291378	0.0
0.0022343982	0.80295402	0.0
0.0023345221	0.78415841	0.0
0.0024454135	0.75620461	0.0
0.0025655017	0.71880752	0.0
0.0026667668	0.67186111	0.0
0.0027670797	0.61558026	0.0
0.0028179714	0.55065757	0.0
0.0028229158	0.47821841	0.0
0.0027767918	0.39959654	0.0
0.0026648259	0.31625608	0.0
0.0025086335	0.22976148	0.0
0.0023038443	0.14104646	0.0
0.0020664774	0.051283155	0.0
0.0018056012	-0.03888157	0.0
0.0015295726	-0.12876557	0.0
0.0012374339	-0.21757989	0.0
0.0009341127	-0.30470985	0.0
0.00061783189	-0.38837191	0.0
0.00027737237	-0.46767384	0.0
-7.085019e-05	-0.54106522	0.0
-0.00043701025	-0.60686499	0.0
-0.0007929689	-0.66425788	0.0
-0.001149668	-0.71238297	0.0
-0.0014784186	-0.750974	0.0
-0.0017779176	-0.78005379	0.0
-0.0020574895	-0.79993719	0.0
-0.0022840619	-0.81093097	0.0
-0.0025074645	-0.81324023	0.0
-0.002689491	-0.80694413	0.0
-0.0028682922	-0.79190695	0.0
-0.0030237935	-0.76786482	0.0
-0.0031580776	-0.73451537	0.0
-0.0032863815	-0.69165695	0.0
-0.0033621795	-0.6393652	0.0
-0.003423671	-0.57815212	0.0
-0.0034175934	-0.508901	0.0
-0.0033712084	-0.43295687	0.0
-0.0032655392	-0.35168883	0.0
-0.0031136668	-0.26662928	0.0
-0.0029204211	-0.17920069	0.0
-0.0026901457	-0.090278596	0.0
-0.0024433134	-0.00078753917	0.0
-0.0021737362	0.088746026	0.0
-0.0018926464	0.17729728	0.0
-0.0015954116	0.26449794	0.0
-0.0012801519	0.3491303	0.0
-0.0009293147	0.4298715	0.0
-0.00056055555	0.50557637	0.0
-0.0001421997	0.57444942	0.0
0.0002896268	0.63560128	0.0
0.0007516123	0.68778121	0.0
0.001214152	0.73073477	0.0
0.0016575694	0.76430362	0.0
0.0021033881	0.7886892	0.0
0.0024940255	0.80422598	0.0
0.0028730927	0.81115013	0.0
0.0032097565	0.80962777	0.0
0.0035017384	0.79959202	0.0
0.003771855	0.78081679	0.0
0.0039657876	0.75295734	0.0
0.0041269464	0.71571523	0.0
0.0041965325	0.66895121	0.0
0.0041886275	0.61285919	0.0
0.0041016503	0.54813391	0.0
0.0039237323	0.47582239	0.0
0.0036861664	0.39736828	0.0
0.0033821692	0.31417951	0.0
0.00304429	0.22779401	0.0
0.0026739363	0.13926457	0.0
0.0022821985	0.049750581	0.0
0.00187021	-0.040099755	0.0
0.0014404666	-0.12964459	0.0
0.00099328638	-0.21817358	0.0
0.00052972086	-0.30480823	0.0
4.4192766e-05	-0.38821751	0.0
-0.00045479025	-0.46735337	0.0
-0.00095759844	-0.54029089	0.0
-0.0014543151	-0.60609543	0.0
-0.0019198462	-0.66332102	0.0
-0.0023565367	-0.71152061	0.0
-0.0027329046	-0.75013244	0.0
-0.0030594999	-0.77946305	0.0
-0.0033415523	-0.79958528	0.0
-0.0035526918	-0.81094146	0.0
-0.0037485729	-0.81368828	0.0
-0.0038713131	-0.80788338	0.0
-0.0039789411	-0.79339397	0.0
-0.0040378403	-0.76993531	0.0
-0.0040506888	-0.73716617	0.0
-0.0040272046	-0.6948908	0.0
-0.0039421418	-0.64311647	0.0
-0.0038155399	-0.5823186	0.0
-0.0036307189	-0.51338369	0.0
-0.0034099254	-0.43756866	0.0
-0.003157726	-0.3563244	0.0
-0.002888781	-0.27109414	0.0
-0.0026175533	-0.18317816	0.0
-0.0023505301	-0.093672931	0.0
-0.0020958942	-0.0032483318	0.0
-0.0018550544	0.086569078	0.0
-0.0016258927	0.1760112	0.0
-0.0013982201	0.26396102	0.0
-0.001161523	0.34922862	0.0
-0.00090060988	0.43085298	0.0
-0.00060949649	0.50673163	0.0
-0.00028622447	0.57630694	0.0
8.5187043e-05	0.63739169	0.0
0.00046700091	0.69005114	0.0
0.00087446778	0.73302281	0.0
0.0012871564	0.76666981	0.0
0.0016878747	0.79107422	0.0
0.0020959636	0.80652595	0.0
0.0024844683	0.81331056	0.0
0.0028727241	0.81154543	0.0
0.0032480441	0.80116403	0.0
0.0036218623	0.78198016	0.0
0.0039747762	0.75363654	0.0
0.0043060123	0.71590674	0.0
0.0045937095	0.66873974	0.0
0.0048169172	0.61223763	0.0
0.0049663498	0.54713815	0.0
0.0050133229	0.47458208	0.0
0.0049742875	0.39587319	0.0
0.0048499401	0.31249896	0.0
0.0046477765	0.22587332	0.0
0.0043941252	0.13723002	0.0
0.0040918533	0.047544498	0.0
0.0037571171	-0.042425185	0.0
0.0033873848	-0.13215083	0.0
0.0029812637	-0.22063798	0.0
0.0025305515	-0.30727547	0.0
0.0020286581	-0.39072493	0.0
0.0014688526	-0.46970257	0.0
0.00086064416	-0.54267532	0.0
0.0002170877	-0.60843271	0.0
-0.0004445138	-0.66564524	0.0
-0.0010872933	-0.71376842	0.0
-0.0016893344	-0.7523905	0.0
-0.0022367251	-0.78167349	0.0
-0.0027304024	-0.80179912	0.0
-0.0031493774	-0.81313002	0.0
-0.0035137995	-0.81583947	0.0
-0.0038222794	-0.80999953	0.0
-0.0040766504	-0.79545933	0.0
-0.0042776838	-0.77195591	0.0
-0.0044312594	-0.73916709	0.0
-0.0045100553	-0.69681525	0.0
-0.0045322054	-0.6449604	0.0
-0.0044730636	-0.5840562	0.0
-0.0043378258	-0.51497769	0.0
-0.0041427342	-0.43910402	0.0
-0.0038841849	-0.35780957	0.0
-0.0035881149	-0.27256897	0.0
-0.0032635806	-0.18495663	0.0
-0.0029260761	-0.095699571	0.0
-0.0025799335	-0.0058118575	0.0
-0.0022324885	0.083996147	0.0
-0.0018796312	0.17318003	0.0
-0.0015205675	0.2609829	0.0
-0.0011413801	0.34632167	0.0
-0.0007336624	0.4278284	0.0
-0.00029977039	0.50434941	0.0
0.00016644497	0.57400995	0.0
0.00064688793	0.63597119	0.0
0.0011225414	0.68888044	0.0
0.0015832158	0.73254144	0.0
0.002006575	0.76672888	0.0
0.0023781208	0.79162282	0.0
0.0026995481	0.80754691	0.0
0.0029689702	0.81478697	0.0
0.0031769881	0.81348455	0.0
0.0033453729	0.80360121	0.0
0.0034611381	0.78491271	0.0
0.0035220555	0.75709075	0.0
0.0035406505	0.71983826	0.0
0.0034954012	0.67303795	0.0
0.0033887059	0.61686933	0.0
0.0032277806	0.55206507	0.0
0.0030003113	0.47955507	0.0
0.0027428048	0.40095294	0.0
0.0024484543	0.31766969	0.0
0.002147554	0.23103438	0.0
0.0018442255	0.14227717	0.0
0.0015536585	0.052313574	0.0
0.0012884277	-0.03797958	0.0
0.0010473777	-0.12808025	0.0
0.00083363563	-0.21701731	0.0
0.00064502627	-0.30431935	0.0
0.00047624658	-0.38816211	0.0
0.00031864873	-0.46766573	0.0
0.00017232097	-0.54125905	0.0
2.3614537e-05	-0.60729998	0.0
-0.00012854704	-0.66491169	0.0
-0.00027433963	-0.71333188	0.0
-0.00043658118	-0.75221062	0.0
-0.00059264846	-0.7816968	0.0
-0.00076129672	-0.80197978	0.0
-0.00095395569	-0.81341279	0.0
-0.001146796	-0.81620693	0.0
-0.0013806529	-0.81038833	0.0
-0.0016259776	-0.79582912	0.0
-0.0018958309	-0.77225977	0.0
-0.0021713937	-0.7393477	0.0
-0.0024476885	-0.69688267	0.0
-0.0027018692	-0.64494675	0.0
-0.002905512	-0.58394659	0.0
-0.0030640913	-0.5148291	0.0
-0.003139436	-0.43879753	0.0
-0.0031565365	-0.35751349	0.0
-0.003105192	-0.27217951	0.0
-0.0029999563	-0.18419419	0.0
-0.0028579242	-0.09468127	0.0
-0.0026760395	-0.0043842359	0.0
-0.0024789162	0.085810587	0.0
-0.002253057	0.17532669	0.0
-0.0020091885	0.26357603	0.0
-0.0017387741	0.34909621	0.0
-0.0014426125	0.43094394	0.0
-0.0011078825	0.50758487	0.0
-0.00074523402	0.57749999	0.0
-0.00035510806	0.63948262	0.0
5.2193798e-05	0.69261587	0.0
0.00044406889	0.73636734	0.0
0.00084059522	0.77058136	0.0
0.0011883185	0.79547828	0.0
0.0015232249	0.81129354	0.0
0.0018175255	0.81836522	0.0
0.0020772484	0.81679672	0.0
0.0023239348	0.80655634	0.0
0.0025295962	0.78744173	0.0
0.0027258545	0.75914329	0.0
0.0028934896	0.721349	0.0
0.0030378751	0.6739912	0.0
0.0031564466	0.61726499	0.0
0.0032337671	0.55186558	0.0
0.0032792902	0.4789215	0.0
0.0032853857	0.3998369	0.0
0.0032561659	0.31606758	0.0
0.0032062621	0.22882085	0.0
0.0031376707	0.14012927	0.0
0.0030580717	0.050165564	0.0
0.0029654426	-0.040039219	0.0
0.0028629636	-0.13016681	0.0
0.0027364495	-0.21895662	0.0
0.0025829866	-0.30588585	0.0
0.002388956	-0.3894231	0.0
0.0021399597	-0.46861538	0.0
0.0018387698	-0.5419398	0.0
0.0014878445	-0.60778385	0.0
0.0010966939	-0.66525239	0.0
0.00069224735	-0.71356648	0.0
0.00026816913	-0.75234431	0.0
-0.0001375048	-0.78171605	0.0
-0.00052571244	-0.80192119	0.0
-0.00091481378	-0.81327754	0.0
-0.001262784	-0.81601572	0.0
-0.0016190645	-0.81018615	0.0
-0.0019433527	-0.79565161	0.0
-0.0022568111	-0.77212495	0.0
-0.0025507223	-0.73927861	0.0
-0.0027944646	-0.69684124	0.0
-0.0030072143	-0.64489508	0.0
-0.0031390388	-0.58382082	0.0
-0.0031996537	-0.51457351	0.0
-0.0031762554	-0.43851089	0.0
-0.0030701312	-0.35703862	0.0
-0.0029001411	-0.27171397	0.0
-0.0026696122	-0.18366018	0.0
-0.0023981989	-0.094196461	0.0
-0.0020968956	-0.0040690112	0.0
-0.0017812941	0.086123303	0.0
-0.0014545346	0.17549719	0.0
-0.0011250331	0.26353487	0.0
-0.00079207501	0.34908748	0.0
-0.00045549337	0.43080953	0.0
-0.00011510541	0.50738674	0.0
0.00023126292	0.57717329	0.0
0.00057600456	0.63910615	0.0
0.00091507554	0.69206858	0.0
0.0012370718	0.73565549	0.0
0.0015359654	0.76975638	0.0
0.0018008552	0.79457748	0.0
0.002036019	0.81042224	0.0
0.0022381353	0.8175748	0.0
0.0024099972	0.81617147	0.0
0.0025602081	0.80616343	0.0
0.0026805878	0.78734028	0.0
0.0027913833	0.75936872	0.0
0.0028787968	0.72194409	0.0
0.0029559475	0.67495412	0.0
0.0030211334	0.61861014	0.0
0.0030637637	0.55367196	0.0
0.0031028877	0.48124191	0.0
0.0031230606	0.40263841	0.0
0.0031457753	0.3193579	0.0
0.0031599484	0.23277831	0.0
0.0031687608	0.14426295	0.0
0.003173955	0.054646555	0.0
0.0031600574	-0.035273843	0.0
0.0031263083	-0.12486756	0.0
0.0030484926	-0.2135051	0.0
0.0029187724	-0.30027282	0.0
0.0027145117	-0.38376072	0.0
0.0024341512	-0.46304259	0.0
0.0020725664	-0.53605336	0.0
0.0016379032	-0.601964	0.0
0.0011635924	-0.65948266	0.0
0.00065054407	-0.70777869	0.0
0.00015596375	-0.74662507	0.0
-0.00032814665	-0.77604628	0.0
-0.00078476308	-0.79633552	0.0
-0.0011865555	-0.80779022	0.0
-0.0015737024	-0.81060141	0.0
-0.0019082422	-0.80484462	0.0
-0.0022145282	-0.79036635	0.0
-0.002492321	-0.76689065	0.0
-0.0027171825	-0.73407799	0.0
-0.0029157787	-0.6916846	0.0
-0.0030507052	-0.6396926	0.0
-0.0031343163	-0.57865846	0.0
-0.0031595204	-0.50945246	0.0
-0.0031241074	-0.43338379	0.0
-0.0030512768	-0.35187331	0.0
-0.0029311024	-0.26628146	0.0
-0.0027882475	-0.17827813	0.0
-0.0026235352	-0.08865612	0.0
-0.0024442095	0.0015564971	0.0
-0.0022516064	0.091784813	0.0
-0.0020446146	0.18124714	0.0
-0.0018200743	0.26946312	0.0
-0.0015753508	0.35497257	0.0
-0.0012946838	0.43697146	0.0
-0.00098658865	0.51348102	0.0
-0.00063807389	0.58356971	0.0
-0.00026587292	0.64589483	0.0
0.00012499257	0.69937795	0.0
0.00051406177	0.74363774	0.0
0.00089574669	0.77849972	0.0
0.0012535839	0.80413347	0.0
0.0015839292	0.82083535	0.0
0.001899909	0.82886541	0.0
0.0021763139	0.82838118	0.0
0.0024452428	0.81932712	0.0
0.0026925353	0.80150181	0.0
0.0029083779	0.77462071	0.0
0.0031106351	0.73837698	0.0
0.0032611026	0.69268328	0.0
0.0033762478	0.63775247	0.0
0.0034192037	0.57426274	0.0
0.0034041021	0.50335693	0.0
0.0033282922	0.42639005	0.0
0.003195785	0.3448635	0.0
0.0030288307	0.26018962	0.0
0.0028241943	0.17343713	0.0
0.0026063239	0.085773535	0.0
0.0023673458	-0.0022222751	0.0
0.0021097786	-0.089663319	0.0
0.0018273544	-0.17617515	0.0
0.0015140038	-0.26072383	0.0
0.0011579344	-0.34217668	0.0
0.00076061871	-0.41917375	0.0
0.00032151761	-0.49013045	0.0
-0.00014026582	-0.55384141	0.0
-0.00061612373	-0.60889328	0.0
-0.0010768394	-0.65492618	0.0
-0.0014968902	-0.69141114	0.0
-0.001881427	-0.71869254	0.0
-0.0022077404	-0.73714006	0.0
-0.0024780242	-0.74722224	0.0
-0.0027078744	-0.7494176	0.0
-0.0028718729	-0.74409109	0.0
-0.0030019544	-0.73150522	0.0
-0.0030815254	-0.71181834	0.0
-0.0031121145	-0.68515378	0.0
-0.0031022546	-0.65172088	0.0
-0.0030352555	-0.61174947	0.0
-0.0029264197	-0.56565785	0.0
-0.0027710868	-0.51385581	0.0
-0.0025788485	-0.45662761	0.0
-0.0023620587	-0.39475483	0.0
-0.0021239526	-0.32863984	0.0
-0.0018872845	-0.25927097	0.0
-0.0016559584	-0.18752307	0.0
-0.0014351915	-0.11476886	0.0
-0.0012328	-0.042452741	0.0
-0.0010466403	0.028054226	0.0
-0.00088075176	0.095169075	0.0
-0.00072960497	0.15824723	0.0
-0.00059603626	0.21618634	0.0
-0.00047982289	0.26850557	0.0
-0.00037826627	0.31484732	0.0
-0.00029896188	0.35488829	0.0
-0.00023885095	0.38821676	0.0
-0.00019774986	0.4142769	0.0
-0.00017833459	0.43242496	0.0
-0.00017380818	0.4423039	0.0
-0.00017649843	0.44377342	0.0
-0.00017537606	0.43720242	0.0
-0.00016980188	0.4233287	0.0
-0.0001496941	0.40323123	0.0
-0.00011443774	0.37812898	0.0
-7.5109914e-05	0.34911525	0.0
-2.5338968e-05	0.3170948	0.0
1.3350652e-05	0.28265035	0.0
4.9480248e-05	0.24638569	0.0
6.8365851e-05	0.20878181	0.0
8.0020254e-05	0.17082511	0.0
8.8763554e-05	0.13378945	0.0
9.2899922e-05	0.09905456	0.0
0.00010273817	0.067893066	0.0
0.00010940198	0.041208655	0.0
0.00011615223	0.01935195	0.0
0.00011666115	0.0021757211	0.0
0.00010776371	-0.01076725	0.0
8.4465828e-05	-0.020124994	0.0
4.7101723e-05	-0.026633745	0.0
-1.0225674e-05	-0.030924495	0.0
-8.1802616e-05	-0.033525854	0.0
-0.00016380766	-0.034893081	0.0
-0.00025298944	-0.035365466	0.0
-0.00034015518	-0.035219513	0.0
-0.00041745606	-0.03466047	0.0
-0.00047509058	-0.033848494	0.0
-0.00050611055	-0.032904942	0.0
-0.0005067726	-0.031911194	0.0
-0.00047535644	-0.030924695	0.0
-0.00041032553	-0.029991174	0.0
-0.00031881203	-0.029119987	0.0
-0.00020991865	-0.028306315	0.0
-9.6359814e-05	-0.027535966	0.0
1.0966927e-05	-0.026784811	0.0
8.66466e-05	-0.026005674	0.0
0.00012241281	-0.025170565	0.0
0.00010673202	-0.024253141	0.0
3.9419465e-05	-0.023245666	0.0
-7.0088565e-05	-0.022156635	0.0
-0.00020557974	-0.021008674	0.0
-0.00034057244	-0.019844973	0.0
-0.00045813626	-0.018698866	0.0
-0.00054159138	-0.017603112	0.0
-0.0005787877	-0.016574545	0.0
-0.00057059573	-0.015630428	0.0
-0.00052567507	-0.01476254	0.0
-0.00045532727	-0.013969652	0.0
-0.00036855837	-0.013240569	0.0
-0.00027843725	-0.012562517	0.0
-0.00019117174	-0.011931683	0.0
-0.00011392711	-0.011336823	0.0
-4.6146695e-05	-0.01077433	0.0
7.6730203e-06	-0.010243475	0.0
4.9585386e-05	-0.0097387889	0.0
8.1336082e-05	-0.0092583057	0.0
0.00010292737	-0.0088049518	0.0
0.00011932602	-0.0083714286	0.0
0.00012775931	-0.0079646381	0.0
0.00013318828	-0.0075766849	0.0
0.00013388493	-0.0072096582	0.0
0.00013342661	-0.0068614637	0.0
0.00012973476	-0.0065348335	0.0
0.00012685121	-0.0062245829	0.0
0.00012050433	-0.0059301886	0.0
0.00011554228	-0.0056529781	0.0
0.00010931179	-0.0053915689	0.0
0.00010354293	-0.0051434599	0.0
9.6736876e-05	-0.0049095126	0.0
9.0043628e-05	-0.0046867272	0.0
8.4160383e-05	-0.0044773179	0.0
7.9430349e-05	-0.0042796703	0.0
7.4354655e-05	-0.0040925578	0.0
6.75474e-05	-0.0039147688	0.0
6.2469466e-05	-0.0037447731	0.0
5.8547867e-05	-0.003584133	0.0
5.2893691e-05	-0.0034331845	0.0
4.873997e-05	-0.0032885624	0.0
4.5509471e-05	-0.0031525725	0.0
4.4010649e-05	-0.0030213944	0.0
4.0088493e-05	-0.0028992658	0.0
3.7897142e-05	-0.0027815253	0.0
3.4436653e-05	-0.002668988	0.0
3.1322015e-05	-0.002563851	0.0
2.8322873e-05	-0.0024610611	0.0
2.7515565e-05	-0.0023650955	0.0
2.6478119e-05	-0.0022736413	0.0
2.3247985e-05	-0.0021853608	0.0
2.1749074e-05	-0.002102429	0.0
2.0018979e-05	-0.0020226447	0.0
1.7711742e-05	-0.0019465537	0.0
1.5866466e-05	-0.0018743045	0.0
1.4599183e-05	-0.0018045399	0.0
1.4600279e-05	-0.0017395725	0.0
1.2522316e-05	-0.0016758263	0.0
9.6401373e-06	-0.0016152408	0.0
1.010395e-05	-0.0015569961	0.0
9.0652502e-06	-0.0015021666	0.0
7.451134e-06	-0.0014492492	0.0
6.9918233e-06	-0.0013971506	0.0
6.9921725e-06	-0.0013488929	0.0
6.0701846e-06	-0.0013021519	0.0
5.7245893e-06	-0.0012582903	0.0
3.9927554e-06	-0.0012157827	0.0
3.0750118e-06	-0.0011745228	0.0
3.7679126e-06	-0.0011354595	0.0
2.4960677e-06	-0.0010976378	0.0
1.2313687e-06	-0.0010620002	0.0
1.8109924e-06	-0.001026363	0.0
1.57896e-06	-0.00099374389	0.0
8.8784509e-07	-0.00096098642	0.0
3.1184183e-07	-0.00093054993	0.0
-2.6312696e-07	-0.00090052508	0.0
-3.7716791e-07	-0.00087201077	0.0
-9.5465134e-07	-0.00084351021	0.0
-1.7609474e-06	-0.00081829296	0.0
-2.4529306e-06	-0.00079293386	0.0
-3.257134e-06	-0.0007692161	0.0
-2.5578604e-06	-0.00074386573	0.0
-1.4070253e-06	-0.00072126079	0.0
-2.6834146e-06	-0.00069946912	0.0
-4.5216825e-06	-0.00067822495	0.0
-3.3609042e-06	-0.00065848796	0.0
-3.0194335e-06	-0.00063778937	0.0
-3.5961868e-06	-0.00061901344	0.0
-4.0559366e-06	-0.00060037948	0.0
-4.1658391e-06	-0.0005840743	0.0
-3.5925111e-06	-0.00056707679	0.0
-5.3257736e-06	-0.00054981635	0.0
-5.5446881e-06	-0.00053446327	0.0
-4.2785164e-06	-0.00051856885	0.0
-4.8519787e-06	-0.00050487107	0.0
-3.3528345e-06	-0.00049006951	0.0
-4.8553566e-06	-0.00047582269	0.0
-4.3868336e-06	-0.00046362236	0.0
-4.3886043e-06	-0.00044936681	0.0
-4.6194941e-06	-0.00043745388	0.0
-5.3097833e-06	-0.00042607749	0.0
-5.1914353e-06	-0.00041456762	0.0
-5.306872e-06	-0.00040347138	0.0
-5.3033664e-06	-0.0003926442	0.0
-4.9589453e-06	-0.0003812745	0.0
-5.8797741e-06	-0.00037140882	0.0
-5.5338833e-06	-0.00036127047	0.0
-6.8004006e-06	-0.00035291078	0.0
-5.8752507e-06	-0.00034222082	0.0
-6.5656336e-06	-0.00033373019	0.0
-5.1790735e-06	-0.00032523289	0.0
-5.989586e-06	-0.00031714814	0.0
-5.8694409e-06	-0.00030879039	0.0
-5.6379795e-06	-0.00030070951	0.0
-5.5222999e-06	-0.00029358742	0.0
-5.5188652e-06	-0.00028618859	0.0
-4.5969464e-06	-0.00027823955	0.0
-5.8654132e-06	-0.0002701566	0.0
-4.9370074e-06	-0.0002639929	0.0
-4.8265929e-06	-0.00025755094	0.0
-6.3217572e-06	-0.00025097546	0.0
-5.051601e-06	-0.00024494866	0.0
-6.4360388e-06	-0.0002389179	0.0
-5.5097244e-06	-0.00023262169	0.0
-5.9709887e-06	-0.00022933196	0.0
-5.6247568e-06	-0.00022097246	0.0
-7.238606e-06	-0.00021618338	0.0
-6.3120333e-06	-0.00021097653	0.0
-5.7349207e-06	-0.00020645683	0.0
-5.5029063e-06	-0.00020124708	0.0
-5.3863691e-06	-0.00019508319	0.0
-5.5014061e-06	-0.00019179613	0.0
-6.076607e-06	-0.0001865901	0.0
-5.7282709e-06	-0.00018316713	0.0
-5.4969628e-06	-0.00017891961	0.0
-5.3793674e-06	-0.0001748106	0.0
-4.6872951e-06	-0.00017029027	0.0
-6.1863611e-06	-0.00016686655	0.0
-5.4902716e-06	-0.00016220928	0.0
-4.3368364e-06	-0.00015974398	0.0
-5.3749395e-06	-0.00015480847	0.0
-5.0252165e-06	-0.00015056581	0.0
-4.6802425e-06	-0.00014878444	0.0
-5.8326345e-06	-0.00014398839	0.0
-5.2523128e-06	-0.00014207527	0.0
-4.7899239e-06	-0.00013850954	0.0
-4.5597089e-06	-0.00013454224	0.0
-5.5963424e-06	-0.00013358345	0.0
-5.017584e-06	-0.00012837606	0.0
-5.8258051e-06	-0.00012632561	0.0
-6.167927e-06	-0.00012317279	0.0
-5.0137405e-06	-0.0001204359	0.0
-5.8215142e-06	-0.00011838279	0.0
-5.4718976e-06	-0.00011619185	0.0
-5.1265824e-06	-0.00011358973	0.0
-5.931724e-06	-0.00011071398	0.0
-4.7767267e-06	-0.00010824986	0.0
-5.9311169e-06	-0.00010592313	0.0
-6.1588207e-06	-0.00010441919	0.0
-5.4645629e-06	-0.00010277403	0.0
-4.7717976e-06	-9.8527016e-05	0.0
-5.3493018e-06	-9.688743e-05	0.0
-6.2697077e-06	-9.4969488e-05	0.0
-5.4590928e-06	-9.3054172e-05	0.0
-4.9973146e-06	-9.1546462e-05	0.0
-5.229449e-06	-8.8123888e-05	0.0
-6.7264582e-06	-8.7717759e-05	0.0
-5.2219425e-06	-8.6072891e-05	0.0
-4.5321149e-06	-8.4157291e-05	0.0
-5.6854938e-06	-8.2652121e-05	0.0
-5.7971351e-06	-8.0321879e-05	0.0
-5.3358499e-06	-7.7312048e-05	0.0
-5.9100989e-06	-7.7453493e-05	0.0
-4.5235147e-06	-7.5945783e-05	0.0
-4.8710199e-06	-7.4165429e-05	0.0
-5.3309673e-06	-7.1703515e-05	0.0
-5.4432776e-06	-7.1568364e-05	0.0
-4.1733215e-06	-6.8830508e-05	0.0
-4.4025769e-06	-6.951925e-05	0.0
-3.3644772e-06	-6.691509e-05	0.0
-6.0183834e-06	-6.5549306e-05	0.0
-5.5523151e-06	-6.4866072e-05	0.0
-4.9760019e-06	-6.2949126e-05	0.0
-6.012272e-06	-6.1032395e-05	0.0
-4.5108113e-06	-5.9118094e-05	0.0
-5.2024161e-06	-5.9942911e-05	0.0
-4.5086763e-06	-5.7478319e-05	0.0
-5.1998582e-06	-5.7207097e-05	0.0
-4.7370568e-06	-5.51538e-05	0.0
-4.158745e-06	-5.4471009e-05	0.0
-4.3882942e-06	-5.3925774e-05	0.0
-4.1562334e-06	-5.228338e-05	0.0
-4.5011525e-06	-5.2011957e-05	0.0
-4.3845084e-06	-5.0644183e-05	0.0
-4.2684296e-06	-4.9824248e-05	0.0
-2.9969335e-06	-4.8730763e-05	0.0
-4.6114519e-06	-4.777345e-05	0.0
-3.4562308e-06	-4.7365691e-05	0.0
-4.9549567e-06	-4.5860284e-05	0.0
-3.570429e-06	-4.5589644e-05	0.0
-3.798697e-06	-4.3125641e-05	0.0
-3.4511374e-06	-4.2303585e-05	0.0
-4.2575366e-06	-4.2169842e-05	0.0
-4.0257933e-06	-4.1349609e-05	0.0
-4.7162584e-06	-4.1216335e-05	0.0
-4.8317884e-06	-3.9299233e-05	0.0
-3.5617852e-06	-3.9576593e-05	0.0
-2.8666814e-06	-3.6975129e-05	0.0
-3.6727747e-06	-3.683921e-05	0.0
-4.2481042e-06	-3.6568254e-05	0.0
-5.4009552e-06	-3.6297362e-05	0.0
-5.2864384e-06	-3.5340177e-05	0.0
-4.1309004e-06	-3.547941e-05	0.0
-4.1284165e-06	-3.4661782e-05	0.0
-4.3578716e-06	-3.3291508e-05	0.0
-4.5881252e-06	-3.3843982e-05	0.0
-4.0103191e-06	-3.1516607e-05	0.0
-3.8928415e-06	-3.2065978e-05	0.0
-3.8919552e-06	-3.0837058e-05	0.0
-3.5453472e-06	-3.0564304e-05	0.0
-2.9667419e-06	-2.9745182e-05	0.0
-2.734728e-06	-2.9472509e-05	0.0
-2.2717159e-06	-2.9066425e-05	0.0
-2.2700547e-06	-2.7970675e-05	0.0
-2.0383466e-06	-2.8247779e-05	0.0
-2.036262e-06	-2.7155009e-05	0.0
-2.4937658e-06	-2.701927e-05	0.0
-3.8778967e-06	-2.6337344e-05	0.0
-3.7665297e-06	-2.6065485e-05	0.0
-3.0690755e-06	-2.5248146e-05	0.0
-3.9915617e-06	-2.442428e-05	0.0
-3.1851305e-06	-2.4840992e-05	0.0
-3.0669123e-06	-2.3606588e-05	0.0
-2.8333591e-06	-2.4846588e-05	0.0
-3.2962689e-06	-2.2245729e-05	0.0
-2.2548197e-06	-2.3339291e-05	0.0
-3.633251e-06	-2.238942e-05	0.0
-4.2142456e-06	-2.1568079e-05	0.0
-3.8690473e-06	-2.1017595e-05	0.0
-3.5170219e-06	-2.1982145e-05	0.0
-4.6700011e-06	-2.0754045e-05	0.0
-3.9834999e-06	-2.0889334e-05	0.0
-2.939712e-06	-2.0350995e-05	0.0
-3.0532915e-06	-1.8704517e-05	0.0
-2.5899974e-06	-1.9523872e-05	0.0
-2.9347632e-06	-1.9670555e-05	0.0
-2.5870859e-06	-1.857781e-05	0.0
-3.160982e-06	-1.7759143e-05	0.0
-3.2763717e-06	-1.6930957e-05	0.0
-3.7347565e-06	-1.830721e-05	0.0
-4.1964204e-06	-1.7214657e-05	0.0
-4.0849131e-06	-1.8174949e-05	0.0
-3.0450149e-06	-1.6817221e-05	0.0
-3.1511083e-06	-1.5849644e-05	0.0
-3.6212341e-06	-1.6404714e-05	0.0
-1.8856135e-06	-1.4902157e-05	0.0
-3.4868992e-06	-1.5034026e-05	0.0
-4.3109735e-06	-1.5178103e-05	0.0
-2.4585611e-06	-1.4498747e-05	0.0
-3.7211753e-06	-1.408121e-05	0.0
-3.0356848e-06	-1.4915164e-05	0.0
-2.9147752e-06	-1.2592588e-05	0.0
-2.6840075e-06	-1.2445866e-05	0.0
-2.4529459e-06	-1.2724053e-05	0.0
-1.9885117e-06	-1.2866197e-05	0.0
-2.329705e-06	-1.2862613e-05	0.0
-2.9054231e-06	-1.4104204e-05	0.0
-3.2545372e-06	-1.2877842e-05	0.0
-2.7909612e-06	-1.2740865e-05	0.0
-3.1348457e-06	-1.1785272e-05	0.0
-2.7905648e-06	-1.1783695e-05	0.0
-2.4417591e-06	-1.1788155e-05	0.0
-2.0969139e-06	-1.1383154e-05	0.0
-1.626909e-06	-1.0290036e-05	0.0
-2.669231e-06	-9.6046069e-06	0.0
-1.6250202e-06	-9.6008271e-06	0.0
-3.5851201e-06	-1.0837824e-05	0.0
-2.3233194e-06	-1.0438916e-05	0.0
-2.4292131e-06	-9.3389999e-06	0.0
-2.8902541e-06	-1.0161777e-05	0.0
-3.2374062e-06	-9.7594893e-06	0.0
-3.0048166e-06	-8.9395662e-06	0.0
-3.4632958e-06	-8.5260563e-06	0.0
-3.3528927e-06	-9.2124192e-06	0.0
-2.0845466e-06	-9.3559256e-06	0.0
-1.6114981e-06	-8.9503546e-06	0.0
-2.6532794e-06	-8.2643237e-06	0.0
-1.7279286e-06	-8.8118513e-06	0.0
-2.9926589e-06	-8.957416e-06	0.0
-2.7654398e-06	-8.2716888e-06	0.0
-3.1071504e-06	-8.9586974e-06	0.0
-3.1106015e-06	-8.5535039e-06	0.0
-2.3020664e-06	-8.4183948e-06	0.0
-2.0667269e-06	-8.1447179e-06	0.0
-2.5222685e-06	-8.2901433e-06	0.0
-3.9070574e-06	-6.7809474e-06	0.0
-3.5698511e-06	-8.0139762e-06	0.0
-1.8317158e-06	-7.473996e-06	0.0
-3.3244355e-06	-7.1997538e-06	0.0
-3.6781689e-06	-7.3379147e-06	0.0
-2.5214906e-06	-7.8895355e-06	0.0
-2.9774549e-06	-7.7572504e-06	0.0
-3.3256879e-06	-7.6210385e-06	0.0
-2.6354373e-06	-7.6274064e-06	0.0
-1.7072314e-06	-6.3948787e-06	0.0
-2.5103166e-06	-7.0786764e-06	0.0
-2.8604532e-06	-7.3594638e-06	0.0
-1.8199208e-06	-6.8134791e-06	0.0
-2.1624894e-06	-6.8160889e-06	0.0
-2.2775148e-06	-6.4069886e-06	0.0
-2.2777685e-06	-6.2761574e-06	0.0
-1.5835464e-06	-4.3580831e-06	0.0
-1.9266201e-06	-5.0427921e-06	0.0
-1.9282261e-06	-4.7740468e-06	0.0
-1.2323699e-06	-4.7742428e-06	0.0
-2.3839273e-06	-5.8726318e-06	0.0
-2.5004799e-06	-6.4270134e-06	0.0
-2.1523679e-06	-4.9222813e-06	0.0
-2.6118696e-06	-4.9222372e-06	0.0
-3.1884099e-06	-6.1592386e-06	0.0
-2.6109444e-06	-5.752232e-06	0.0
-2.031622e-06	-4.2470233e-06	0.0
-2.9537669e-06	-3.9740139e-06	0.0
-2.145491e-06	-4.9368173e-06	0.0
-2.0281184e-06	-4.1176313e-06	0.0
-2.2575855e-06	-3.7088003e-06	0.0
-2.7180859e-06	-3.1631064e-06	0.0
-2.2553438e-06	-3.5768333e-06	0.0
-2.0232244e-06	-3.9908637e-06	0.0
-2.4835372e-06	-3.0340602e-06	0.0
-1.6745084e-06	-4.4075532e-06	0.0
-2.1350208e-06	-3.8615613e-06	0.0
-1.6712563e-06	-3.3157401e-06	0.0
-5.16341e-07	-2.6339806e-06	0.0
-8.6240021e-07	-3.7330478e-06	0.0
-1.7840636e-06	-2.7754149e-06	0.0
-1.5507924e-06	-2.7788303e-06	0.0
-1.2050776e-06	-2.6446776e-06	0.0
-2.4727688e-06	-2.920616e-06	0.0
-1.8938341e-06	-2.1017863e-06	0.0
-2.238671e-06	-3.0637584e-06	0.0
-1.5457762e-06	-2.1064784e-06	0.0
-2.699132e-06	-2.7954254e-06	0.0
-2.3500208e-06	-2.2487168e-06	0.0
-2.1168905e-06	-2.5271761e-06	0.0
-8.4652305e-07	-2.6654316e-06	0.0
-1.0783401e-06	-2.1189358e-06	0.0
-1.424528e-06	-1.7119436e-06	0.0
-2.6924429e-06	-1.9890806e-06	0.0
-2.8047766e-06	-1.7158551e-06	0.0
-2.5697664e-06	-1.3095196e-06	0.0
-1.0700215e-06	-1.9974573e-06	0.0
-1.6480078e-06	-2.0017749e-06	0.0
-1.4152774e-06	-3.0984995e-06	0.0
-1.9916415e-06	-2.14222e-06	0.0
-1.991026e-06	-3.1038571e-06	0.0
-2.447249e-06	-1.5945466e-06	0.0
-1.0623339e-06	-1.1885539e-06	0.0
-1.6390624e-06	-6.4722212e-07	0.0
-2.4774243e-07	-2.159323e-06	0.0
2.062208e-07	-1.6027171e-06	0.0
-9.4484307e-07	-1.0582107e-07	0.0
-4.7937471e-07	-1.6185485e-06	0.0
-5.9363555e-07	-1.066983e-06	0.0
-2.4996581e-07	-9.3455918e-07	0.0
-1.4009001e-06	-5.2561529e-07	0.0
-7.0583161e-07	-8.0745713e-07	0.0
-1.5155686e-06	-1.7683668e-06	0.0
-1.0443531e-06	-1.48993e-06	0.0
-1.268531e-07	-5.3634062e-07	0.0
-1.0487166e-06	-9.535753e-07	0.0
-4.6823035e-07	-9.5344109e-07	0.0
-1.0481439e-06	-9.5814084e-07	0.0
-1.275072e-06	-1.2338872e-06	0.0
-1.5060428e-06	-1.0998999e-06	0.0
-1.6155211e-06	-1.3764812e-06	0.0
-9.2413057e-07	-9.6386941e-07	0.0
-1.7384154e-06	-6.9972248e-07	0.0
-2.3030038e-06	-1.3819921e-06	0.0
-1.0309207e-06	-5.6796927e-07	0.0
-1.1535961e-06	-1.7982986e-06	0.0
-1.3799249e-06	-1.5725854e-07	0.0
-1.3805908e-06	-1.6760814e-06	0.0
-1.6060146e-06	-1.259756e-06	0.0
-9.1049958e-07	-1.5314644e-06	0.0
-7.9716983e-07	-2.7814368e-08	0.0
-6.8307656e-07	-4.4471074e-07	0.0
-1.1445406e-06	2.3146092e-07	0.0
-1.1392248e-06	-9.9778515e-07	0.0
-1.022358e-06	2.2685359e-07	0.0
-1.0261848e-06	-1.5565477e-06	0.0
-1.364064e-06	1.0044036e-07	0.0
-4.3548187e-07	-3.364367e-07	0.0
-3.2895696e-07	-1.4402872e-06	0.0
-3.1890488e-07	-2.5193747e-06	0.0
3.6823121e-07	-8.6714431e-07	0.0
2.9235371e-08	-7.5509132e-07	0.0
1.0642091e-06	-1.0139994e-06	0.0
-1.0308452e-07	6.3035721e-08	0.0
-1.9156164e-07	-1.7242809e-06	0.0
7.1458601e-07	-1.0258748e-06	0.0
-1.0248214e-06	-1.4551449e-06	0.0
-1.4754975e-06	-1.5777542e-06	0.0
-2.0401328e-06	-1.9900064e-07	0.0
-7.6098638e-07	5.9419295e-07	0.0
-9.0513322e-07	-4.987026e-07	0.0
-1.9153133e-06	3.9324064e-08	0.0
2.8939098e-07	-1.6075638e-06	0.0
3.7698339e-07	-4.8540602e-07	0.0
-2.0026211e-07	3.1553105e-07	0.0
-7.6789468e-07	-1.1175904e-07	0.0
-5.3422423e-07	-7.878059e-07	0.0
-7.6513595e-07	-2.3677801e-07	0.0
-4.08445e-07	-5.3164018e-07	0.0
-1.9323683e-07	-1.2044302e-06	0.0
-9.9105705e-07	-6.6656992e-07	0.0
-4.144139e-07	-1.9134429e-06	0.0
-1.1047259e-06	-1.7450222e-06	0.0
-2.85109e-07	-3.871497e-07	0.0
-2.9696255e-07	-6.7740984e-07	0.0
-5.3238762e-07	-6.7766126e-07	0.0
-1.2198439e-06	-9.5129946e-07	0.0
-1.2156207e-06	-5.3792087e-07	0.0
-1.3185061e-06	-5.510625e-07	0.0
-1.5523474e-07	-5.3600621e-07	0.0
-7.2601807e-08	2.6314279e-07	0.0
-1.4502808e-06	-9.6993961e-07	0.0
-1.0786291e-06	-1.3956674e-07	0.0
-6.2937846e-07	-8.499552e-07	0.0
-7.3702319e-07	-1.1020848e-06	0.0
-2.8542232e-07	-5.700262e-07	0.0
-1.0901292e-06	-1.3953266e-06	0.0
-8.6402673e-07	-9.775224e-07	0.0
-1.6505414e-06	-8.3274944e-07	0.0
-3.519169e-08	2.4552801e-07	0.0
-6.1731436e-07	-1.0099216e-06	0.0
3.0257121e-07	-1.4043106e-06	0.0
-1.0996109e-06	-9.7325506e-07	0.0
-1.1832814e-06	5.1790749e-07	0.0
-8.5356106e-07	-3.3809295e-07	0.0
-1.5346126e-06	-9.9671115e-07	0.0
-4.806007e-07	-1.8032635e-07	0.0
9.1941111e-08	-5.9872337e-07	0.0
5.3504522e-07	-1.8772856e-07	0.0
-4.9805152e-07	-6.08302e-07	0.0
-3.0009286e-08	-1.744916e-07	0.0
-7.3145083e-07	1.0411168e-06	0.0
-7.1515825e-07	-9.6639596e-08	0.0
-7.3096038e-07	-1.5681223e-06	0.0
-1.523833e-06	-1.968712e-07	0.0
-4.6925669e-07	-6.132646e-07	0.0
-3.8261607e-07	9.0786398e-07	0.0
-9.3104558e-07	8.607218e-07	0.0
5.5995514e-07	-4.8973271e-07	0.0
-3.6778391e-07	6.1239535e-07	0.0
8.0807348e-07	1.8579468e-07	0.0
8.961477e-07	4.6163768e-07	0.0
2.0880854e-07	1.8569207e-07	0.0
4.612121e-07	5.9389475e-07	0.0
1.2586059e-06	1.722772e-07	0.0
7.8875092e-07	4.6971979e-07	0.0
6.7893205e-07	1.256064e-06	0.0
6.9609433e-07	-5.2989475e-07	0.0
1.3640862e-06	4.4157019e-08	0.0
-3.7250081e-07	1.6359786e-07	0.0
1.3981583e-08	1.6358931e-07	0.0
