#Bx [T], By [T], Bz [T] on 3D mesh: inmost loop vs X (horizontal transverse position), outmost loop vs Z (longitudinal position)
#0.0 #initial X position [m]
#0.0 #step of X [m]
#1 #number of points vs X
#0.0 #initial Y position [m]
#0.0 #step of Y [m]
#1 #number of points vs Y
#-1.1855 #initial Z position [m]
#0.001 #step of Z [m]
#2371 #number of points vs Z
-3.877417e-07	9.30748e-08	0.0
6.518814e-07	-1.281108e-06	0.0
-1.546866e-07	7.720861e-07	0.0
-5.001036e-07	-4.645793e-07	0.0
4.240555e-07	-4.679764e-07	0.0
4.254067e-07	-5.973699e-08	0.0
-3.815728e-07	-6.111965e-07	0.0
6.579093e-07	-3.404217e-07	0.0
3.132681e-07	-3.433956e-07	0.0
-3.781062e-07	-7.256025e-08	0.0
-6.082942e-07	6.140245e-08	0.0
-1.462029e-07	5.850749e-08	0.0
5.473333e-07	-8.172884e-08	0.0
6.643957e-07	1.873681e-07	0.0
3.205182e-07	1.282949e-06	0.0
-3.727131e-07	1.833835e-07	0.0
4.367928e-07	7.2799e-07	0.0
-6.002685e-07	1.758427e-07	0.0
-1.386593e-07	1.133524e-06	0.0
-7.130064e-07	-3.765637e-07	0.0
-7.145931e-07	-1.069918e-07	0.0
2.089311e-07	-9.318337e-07	0.0
4.444309e-07	-2.533149e-07	0.0
-2.492469e-07	2.954658e-07	0.0
5.60482e-07	-5.287753e-07	0.0
-2.4665e-07	-8.085992e-07	0.0
1.020317e-06	-4.023904e-07	0.0
1.257097e-06	1.436693e-07	0.0
4.524447e-07	1.41591e-07	0.0
-4.728075e-07	2.761938e-07	0.0
3.314452e-07	-1.374934e-07	0.0
9.162866e-07	-2.783907e-07	0.0
-2.388361e-07	-4.203073e-07	0.0
7.972732e-07	1.255693e-07	0.0
8.011864e-07	-4.230056e-07	0.0
1.148589e-06	-5.677359e-07	0.0
6.898705e-07	-1.571728e-07	0.0
5.735131e-07	-3.016348e-07	0.0
5.751231e-07	1.20503e-06	0.0
3.464981e-07	3.840361e-07	0.0
3.423025e-07	2.442249e-07	0.0
1.271668e-06	-7.234745e-07	0.0
-3.373902e-07	5.071332e-07	0.0
-9.211508e-07	-4.491301e-07	0.0
-2.321273e-07	-5.973787e-07	0.0
6.972496e-07	4.947327e-07	0.0
-1.052288e-07	7.731261e-07	0.0
-5.686719e-07	-5.344102e-08	0.0
-6.854875e-07	7.851476e-08	0.0
-2.228558e-07	-3.332663e-07	0.0
-2.207992e-07	-4.778914e-07	0.0
-4.453462e-07	6.989669e-08	0.0
-1.604476e-06	-4.835317e-07	0.0
-4.489544e-07	3.339171e-07	0.0
-1.02906e-06	3.349133e-07	0.0
1.16632e-06	5.797147e-08	0.0
-2.092126e-07	-2.212688e-07	0.0
1.690881e-08	1.864702e-07	0.0
-4.431496e-07	-2.21965e-07	0.0
3.608562e-07	-1.187253e-06	0.0
8.280244e-07	-1.05758e-06	0.0
3.737245e-07	-7.868655e-07	0.0
-5.562287e-07	-2.422514e-07	0.0
5.980712e-07	-1.039365e-07	0.0
1.404689e-07	-6.545266e-07	0.0
6.036647e-07	-6.625428e-07	0.0
-2.027388e-07	-2.526586e-07	0.0
1.446758e-07	-3.92584e-07	0.0
-6.635026e-07	-2.56906e-07	0.0
2.565199e-07	-9.43966e-07	0.0
-7.861397e-08	-8.169553e-07	0.0
-1.002868e-06	-4.028043e-07	0.0
-1.010107e-06	-1.36441e-06	0.0
2.820008e-08	-9.662741e-07	0.0
3.825719e-07	-1.399624e-07	0.0
-3.03714e-07	-6.915973e-07	0.0
-1.003044e-06	-2.822885e-07	0.0
-4.216933e-07	-1.243607e-06	0.0
-1.231963e-06	-5.724492e-07	0.0
3.643744e-08	1.200108e-07	0.0
-3.062766e-07	-9.736572e-07	0.0
6.169187e-07	-1.535348e-06	0.0
-6.633496e-08	-8.535941e-07	0.0
-7.722918e-08	-1.123823e-06	0.0
8.521595e-07	-1.676998e-06	0.0
1.665553e-07	-2.089466e-06	0.0
4.680162e-08	-2.243428e-06	0.0
-1.774044e-07	-9.951248e-07	0.0
-7.603659e-07	-3.473489e-06	0.0
1.609607e-07	-1.156608e-06	0.0
5.40639e-08	-2.105735e-06	0.0
2.752493e-07	-1.293533e-06	0.0
1.096942e-06	-1.707656e-06	0.0
-8.503758e-07	-4.829164e-07	0.0
-1.568815e-06	-7.419652e-07	0.0
-6.391584e-08	-2.114984e-06	0.0
-4.067004e-07	-2.676517e-06	0.0
4.088342e-07	-2.677418e-06	0.0
-1.086934e-06	-2.696087e-06	0.0
-4.088397e-07	-1.044907e-06	0.0
-6.200949e-07	-2.532402e-06	0.0
-1.551458e-06	-3.386183e-06	0.0
-8.673589e-07	-2.153494e-06	0.0
-7.377573e-07	-2.559836e-06	0.0
-1.204902e-06	-2.423988e-06	0.0
-7.395205e-07	-3.386609e-06	0.0
-1.539872e-06	-2.590729e-06	0.0
-1.327771e-06	-1.608182e-06	0.0
-1.674772e-07	-3.120477e-06	0.0
-7.178621e-07	-2.180214e-06	0.0
-2.120401e-06	-2.437726e-06	0.0
-6.412973e-07	-3.003859e-06	0.0
3.066831e-07	-1.782105e-06	0.0
-6.022224e-07	-1.621692e-06	0.0
-1.200262e-06	-2.868375e-06	0.0
-1.554441e-07	-2.457497e-06	0.0
-1.06523e-06	-3.695496e-06	0.0
-1.080133e-06	-2.889059e-06	0.0
-1.061647e-06	-3.150847e-06	0.0
-2.224667e-06	-3.568636e-06	0.0
-1.422706e-06	-3.589712e-06	0.0
-1.874267e-06	-2.08188e-06	0.0
-1.426032e-06	-2.476952e-06	0.0
-7.30474e-07	-3.023409e-06	0.0
-5.948434e-07	-3.736806e-06	0.0
-1.753045e-06	-2.219131e-06	0.0
-1.190062e-06	-4.125823e-06	0.0
-1.171518e-06	-3.480307e-06	0.0
-1.755831e-06	-2.905033e-06	0.0
-1.516512e-06	-3.889333e-06	0.0
-2.447229e-06	-2.102496e-06	0.0
-1.412118e-06	-3.872171e-06	0.0
-2.198849e-06	-2.81299e-06	0.0
-2.118442e-06	-2.379101e-06	0.0
-4.785699e-07	-3.061206e-06	0.0
-1.859015e-06	-3.354258e-06	0.0
-7.178074e-07	-2.938034e-06	0.0
-1.166819e-06	-3.624094e-06	0.0
-3.748234e-07	-3.495339e-06	0.0
-2.277934e-07	-3.901794e-06	0.0
-1.958626e-06	-4.057659e-06	0.0
-1.867607e-06	-3.503867e-06	0.0
-1.504727e-06	-4.321588e-06	0.0
-1.978829e-06	-4.601607e-06	0.0
-7.083596e-07	-5.031444e-06	0.0
-1.489003e-06	-3.796044e-06	0.0
-1.977043e-06	-4.349904e-06	0.0
-7.131314e-07	-3.114791e-06	0.0
-4.598511e-07	-4.596939e-06	0.0
-1.033681e-06	-5.185953e-06	0.0
-1.382859e-06	-3.824683e-06	0.0
-1.613775e-06	-3.662545e-06	0.0
-1.508806e-06	-4.761042e-06	0.0
-8.089234e-07	-4.789342e-06	0.0
-1.259545e-06	-3.952826e-06	0.0
-1.383412e-06	-5.050576e-06	0.0
-1.264681e-06	-4.648203e-06	0.0
-1.268724e-06	-5.466556e-06	0.0
-1.023975e-06	-5.472869e-06	0.0
-1.952589e-06	-5.901487e-06	0.0
-1.154435e-06	-4.929981e-06	0.0
-1.256866e-06	-6.438347e-06	0.0
-1.477488e-06	-5.372963e-06	0.0
-2.523328e-06	-4.813712e-06	0.0
-1.845011e-06	-4.803167e-06	0.0
-1.71186e-06	-5.765217e-06	0.0
-2.283939e-06	-5.65118e-06	0.0
-2.640203e-06	-5.229831e-06	0.0
-2.072449e-06	-6.311992e-06	0.0
-1.594105e-06	-7.160723e-06	0.0
-1.95138e-06	-6.74025e-06	0.0
-1.123976e-06	-7.856352e-06	0.0
-2.85636e-06	-5.951375e-06	0.0
-1.501746e-06	-6.610812e-06	0.0
-1.675924e-06	-6.360716e-06	0.0
-3.454787e-06	-6.213006e-06	0.0
-5.676099e-07	-6.772455e-06	0.0
-2.038452e-06	-6.081365e-06	0.0
-1.244247e-06	-7.186264e-06	0.0
-2.495643e-06	-5.834832e-06	0.0
-2.177138e-06	-6.351602e-06	0.0
-1.588466e-06	-7.586888e-06	0.0
-1.475775e-06	-8.173595e-06	0.0
-8.931312e-07	-6.655438e-06	0.0
-1.342025e-06	-7.879255e-06	0.0
-1.913235e-06	-7.482942e-06	0.0
-2.844152e-06	-8.302299e-06	0.0
-2.729887e-06	-8.044803e-06	0.0
-2.976421e-06	-7.911151e-06	0.0
-1.470417e-06	-7.363423e-06	0.0
-2.47489e-06	-7.361361e-06	0.0
-2.976293e-06	-7.497035e-06	0.0
-1.246835e-06	-8.309927e-06	0.0
-1.549321e-06	-8.884862e-06	0.0
-2.94924e-06	-7.933926e-06	0.0
-2.281769e-06	-8.19152e-06	0.0
-1.68098e-06	-8.737651e-06	0.0
-2.26091e-06	-9.442371e-06	0.0
-1.687903e-06	-8.761668e-06	0.0
-1.692121e-06	-9.427206e-06	0.0
-9.771376e-07	-1.00066e-05	0.0
-2.707101e-06	-8.777852e-06	0.0
-1.921546e-06	-9.04451e-06	0.0
-2.352541e-06	-8.633411e-06	0.0
-3.06762e-06	-9.460604e-06	0.0
-2.251791e-06	-8.9225e-06	0.0
-2.949688e-06	-9.58525e-06	0.0
-1.679031e-06	-1.083722e-05	0.0
-2.477796e-06	-1.004357e-05	0.0
-1.897573e-06	-9.597919e-06	0.0
-3.164163e-06	-1.12593e-05	0.0
-2.593237e-06	-1.044851e-05	0.0
-3.616771e-06	-1.16594e-05	0.0
-3.526845e-06	-1.251495e-05	0.0
-2.707925e-06	-1.156046e-05	0.0
-2.716234e-06	-1.155439e-05	0.0
-1.215495e-06	-1.141444e-05	0.0
-1.647407e-06	-1.183491e-05	0.0
-2.578818e-06	-1.128957e-05	0.0
-2.699183e-06	-1.170752e-05	0.0
-2.704589e-06	-1.14129e-05	0.0
-2.123437e-06	-1.388995e-05	0.0
-2.682718e-06	-1.282117e-05	0.0
-3.391779e-06	-1.309124e-05	0.0
-2.473214e-06	-1.227045e-05	0.0
-2.46118e-06	-1.281759e-05	0.0
-2.23882e-06	-1.267111e-05	0.0
-1.767233e-06	-1.419752e-05	0.0
-2.449946e-06	-1.256039e-05	0.0
-2.917972e-06	-1.391428e-05	0.0
-2.699936e-06	-1.393326e-05	0.0
-1.543568e-06	-1.420671e-05	0.0
-1.192863e-06	-1.40677e-05	0.0
-1.052026e-06	-1.502538e-05	0.0
-3.471824e-06	-1.531533e-05	0.0
-3.387174e-06	-1.559235e-05	0.0
-2.687762e-06	-1.546421e-05	0.0
-2.786585e-06	-1.518336e-05	0.0
-3.828629e-06	-1.627448e-05	0.0
-3.272357e-06	-1.698281e-05	0.0
-2.216586e-06	-1.628765e-05	0.0
-3.128899e-06	-1.779325e-05	0.0
-3.033966e-06	-1.741413e-05	0.0
-2.099184e-06	-1.656674e-05	0.0
-2.78333e-06	-1.821882e-05	0.0
-2.565071e-06	-1.741249e-05	0.0
-1.986552e-06	-1.794771e-05	0.0
-1.74312e-06	-1.823062e-05	0.0
-2.658101e-06	-1.851078e-05	0.0
-3.133483e-06	-1.877935e-05	0.0
-2.445682e-06	-2.00196e-05	0.0
-2.424611e-06	-1.962427e-05	0.0
-3.474611e-06	-2.001574e-05	0.0
-2.441275e-06	-2.141302e-05	0.0
-3.220132e-06	-1.950168e-05	0.0
-4.510768e-06	-2.071399e-05	0.0
-3.252873e-06	-2.154782e-05	0.0
-2.893683e-06	-2.196982e-05	0.0
-2.769864e-06	-2.169154e-05	0.0
-3.130852e-06	-2.278746e-05	0.0
-1.734107e-06	-2.293546e-05	0.0
-3.444985e-06	-2.334094e-05	0.0
-4.037689e-06	-2.458256e-05	0.0
-4.049464e-06	-2.460086e-05	0.0
-2.886974e-06	-2.391942e-05	0.0
-3.795115e-06	-2.323174e-05	0.0
-3.927326e-06	-2.37688e-05	0.0
-3.567242e-06	-2.513639e-05	0.0
-4.606266e-06	-2.599055e-05	0.0
-3.819571e-06	-2.475539e-05	0.0
-2.765469e-06	-2.609e-05	0.0
-3.439297e-06	-2.791366e-05	0.0
-4.485725e-06	-2.627272e-05	0.0
-4.157549e-06	-2.776992e-05	0.0
-2.996974e-06	-2.723227e-05	0.0
-3.098899e-06	-2.831627e-05	0.0
-3.332753e-06	-2.901186e-05	0.0
-3.443294e-06	-2.970728e-05	0.0
-4.018322e-06	-2.95725e-05	0.0
-4.251084e-06	-3.053143e-05	0.0
-4.371272e-06	-3.068257e-05	0.0
-4.018687e-06	-3.094639e-05	0.0
-4.593539e-06	-3.218252e-05	0.0
-4.255185e-06	-3.287745e-05	0.0
-4.130719e-06	-3.316287e-05	0.0
-4.140179e-06	-3.288555e-05	0.0
-3.322612e-06	-3.383791e-05	0.0
-4.236088e-06	-3.439831e-05	0.0
-3.57977e-06	-3.481459e-05	0.0
-1.806172e-06	-3.520778e-05	0.0
-5.136378e-06	-3.701779e-05	0.0
-4.949509e-06	-3.619952e-05	0.0
-4.128814e-06	-3.782923e-05	0.0
-4.23309e-06	-3.799145e-05	0.0
-4.699213e-06	-3.798582e-05	0.0
-4.35604e-06	-3.893914e-05	0.0
-4.127416e-06	-4.017425e-05	0.0
-3.651692e-06	-4.114765e-05	0.0
-4.918036e-06	-4.075304e-05	0.0
-4.586405e-06	-4.087427e-05	0.0
-4.011869e-06	-4.251194e-05	0.0
-3.189013e-06	-4.362663e-05	0.0
-4.225439e-06	-4.362718e-05	0.0
-3.76873e-06	-4.473346e-05	0.0
-4.115041e-06	-4.41798e-05	0.0
-3.752946e-06	-4.65031e-05	0.0
-5.831229e-06	-4.667337e-05	0.0
-4.930633e-06	-4.720476e-05	0.0
-4.232818e-06	-4.831205e-05	0.0
-3.301784e-06	-4.830436e-05	0.0
-3.980219e-06	-5.009159e-05	0.0
-4.677457e-06	-5.023722e-05	0.0
-4.799784e-06	-5.17482e-05	0.0
-4.33633e-06	-5.175249e-05	0.0
-4.446305e-06	-5.325428e-05	0.0
-4.448937e-06	-5.408989e-05	0.0
-4.441145e-06	-5.503993e-05	0.0
-5.022978e-06	-5.697181e-05	0.0
-4.445375e-06	-5.711801e-05	0.0
-5.014598e-06	-5.794012e-05	0.0
-5.134598e-06	-5.876153e-05	0.0
-5.13482e-06	-6.027713e-05	0.0
-4.790484e-06	-6.068793e-05	0.0
-4.664713e-06	-6.246895e-05	0.0
-5.471798e-06	-6.316836e-05	0.0
-5.250847e-06	-6.426267e-05	0.0
-4.782303e-06	-6.509291e-05	0.0
-5.123677e-06	-6.564034e-05	0.0
-5.354193e-06	-6.701582e-05	0.0
-5.58793e-06	-6.78369e-05	0.0
-4.904663e-06	-7.002819e-05	0.0
-4.082182e-06	-7.099568e-05	0.0
-4.777504e-06	-7.210083e-05	0.0
-3.965483e-06	-7.277545e-05	0.0
-5.562446e-06	-7.525258e-05	0.0
-6.505502e-06	-7.608905e-05	0.0
-5.814972e-06	-7.813415e-05	0.0
-6.145581e-06	-7.97953e-05	0.0
-7.074381e-06	-8.102755e-05	0.0
-6.623477e-06	-8.336741e-05	0.0
-5.925192e-06	-8.324318e-05	0.0
-6.030267e-06	-8.391854e-05	0.0
-6.497575e-06	-8.582064e-05	0.0
-6.146667e-06	-8.940035e-05	0.0
-6.951202e-06	-8.956472e-05	0.0
-6.615832e-06	-9.104671e-05	0.0
-6.035971e-06	-9.392836e-05	0.0
-5.684006e-06	-9.571833e-05	0.0
-5.909715e-06	-9.750938e-05	0.0
-6.030655e-06	-9.847321e-05	0.0
-5.902591e-06	-0.0001002534	0.0
-7.513763e-06	-0.0001017756	0.0
-7.757452e-06	-0.00010356	0.0
-7.303785e-06	-0.0001054744	0.0
-6.139588e-06	-0.0001079405	0.0
-6.825413e-06	-0.0001095965	0.0
-6.485259e-06	-0.0001117821	0.0
-6.481589e-06	-0.0001143935	0.0
-6.249755e-06	-0.000115782	0.0
-6.363585e-06	-0.0001169919	0.0
-6.2458e-06	-0.0001215228	0.0
-6.70259e-06	-0.0001223701	0.0
-6.938604e-06	-0.0001249548	0.0
-6.81746e-06	-0.0001281219	0.0
-7.396411e-06	-0.0001297767	0.0
-7.048077e-06	-0.0001319741	0.0
-7.625996e-06	-0.0001337438	0.0
-6.935014e-06	-0.0001384085	0.0
-7.499782e-06	-0.0001397953	0.0
-7.969908e-06	-0.0001436211	0.0
-7.733604e-06	-0.0001467861	0.0
-8.426749e-06	-0.0001498087	0.0
-7.518602e-06	-0.0001526895	0.0
-6.348998e-06	-0.0001551517	0.0
-7.375337e-06	-0.0001581739	0.0
-7.850197e-06	-0.0001611941	0.0
-7.158101e-06	-0.0001646199	0.0
-7.375074e-06	-0.000168041	0.0
-8.190755e-06	-0.0001725849	0.0
-7.499012e-06	-0.0001746397	0.0
-8.178486e-06	-0.0001790272	0.0
-8.316344e-06	-0.0001817807	0.0
-6.455245e-06	-0.0001856014	0.0
-8.174131e-06	-0.0001894517	0.0
-7.843138e-06	-0.0001941122	0.0
-7.834163e-06	-0.0001982333	0.0
-8.402943e-06	-0.0002019481	0.0
-9.451091e-06	-0.0002056401	0.0
-8.190868e-06	-0.0002119496	0.0
-7.827172e-06	-0.0002145623	0.0
-8.751554e-06	-0.0002199072	0.0
-8.523721e-06	-0.0002240226	0.0
-8.864658e-06	-0.0002296462	0.0
-9.096058e-06	-0.0002339051	0.0
-9.213696e-06	-0.0002393838	0.0
-9.090533e-06	-0.000244468	0.0
-1.013001e-05	-0.0002488579	0.0
-9.674303e-06	-0.0002548929	0.0
-9.668289e-06	-0.0002590065	0.0
-9.669341e-06	-0.0002655815	0.0
-9.664848e-06	-0.0002712033	0.0
-1.023927e-05	-0.000278343	0.0
-1.036043e-05	-0.0002832871	0.0
-1.000853e-05	-0.0002898547	0.0
-1.069832e-05	-0.0002959054	0.0
-1.04742e-05	-0.0003017846	0.0
-1.012284e-05	-0.0003101449	0.0
-1.046278e-05	-0.0003164664	0.0
-1.092831e-05	-0.0003234562	0.0
-1.05832e-05	-0.0003305849	0.0
-1.046777e-05	-0.0003382507	0.0
-1.022666e-05	-0.000347168	0.0
-1.13842e-05	-0.0003543103	0.0
-1.057991e-05	-0.0003632049	0.0
-1.092334e-05	-0.0003715778	0.0
-1.022868e-05	-0.0003799361	0.0
-1.103032e-05	-0.0003881637	0.0
-1.080711e-05	-0.0003977498	0.0
-1.10234e-05	-0.0004072221	0.0
-1.218378e-05	-0.0004160106	0.0
-1.183505e-05	-0.0004257242	0.0
-1.309932e-05	-0.0004365864	0.0
-1.276886e-05	-0.0004446781	0.0
-1.228976e-05	-0.0004557481	0.0
-1.356494e-05	-0.0004682451	0.0
-1.252846e-05	-0.0004793426	0.0
-1.344098e-05	-0.0004910073	0.0
-1.333387e-05	-0.000502241	0.0
-1.344254e-05	-0.0005151341	0.0
-1.378831e-05	-0.0005265091	0.0
-1.40176e-05	-0.0005408977	0.0
-1.402685e-05	-0.0005536603	0.0
-1.309304e-05	-0.0005672122	0.0
-1.435505e-05	-0.0005812142	0.0
-1.413816e-05	-0.0005950607	0.0
-1.355686e-05	-0.0006090234	0.0
-1.35473e-05	-0.0006247835	0.0
-1.44642e-05	-0.000639745	0.0
-1.516426e-05	-0.0006552268	0.0
-1.504709e-05	-0.0006724922	0.0
-1.606856e-05	-0.0006893755	0.0
-1.769733e-05	-0.0007068056	0.0
-1.712398e-05	-0.0007247438	0.0
-1.769736e-05	-0.0007434016	0.0
-1.757102e-05	-0.0007610743	0.0
-1.919589e-05	-0.0007813711	0.0
-1.781527e-05	-0.0008016444	0.0
-1.917568e-05	-0.0008220844	0.0
-1.955325e-05	-0.0008433395	0.0
-1.792267e-05	-0.0008638801	0.0
-1.974496e-05	-0.0008855488	0.0
-2.080315e-05	-0.0009094068	0.0
-2.068724e-05	-0.0009328612	0.0
-2.136598e-05	-0.0009560292	0.0
-2.219205e-05	-0.0009809965	0.0
-2.136388e-05	-0.00100469	0.0
-2.390451e-05	-0.00103104	0.0
-2.254091e-05	-0.001058013	0.0
-2.308838e-05	-0.001086143	0.0
-2.447616e-05	-0.001112904	0.0
-2.528636e-05	-0.001142378	0.0
-2.620353e-05	-0.001172013	0.0
-2.758547e-05	-0.001202484	0.0
-2.818234e-05	-0.001232785	0.0
-2.724169e-05	-0.001264971	0.0
-2.965461e-05	-0.001297258	0.0
-2.99016e-05	-0.001329594	0.0
-3.046895e-05	-0.001364837	0.0
-3.12737e-05	-0.001398459	0.0
-3.253725e-05	-0.001433583	0.0
-3.381206e-05	-0.001469256	0.0
-3.41584e-05	-0.001506002	0.0
-3.518862e-05	-0.001542913	0.0
-3.645703e-05	-0.001580909	0.0
-3.738551e-05	-0.001620277	0.0
-3.795076e-05	-0.001659355	0.0
-4.025213e-05	-0.001699883	0.0
-4.141796e-05	-0.001738986	0.0
-4.210381e-05	-0.001780262	0.0
-4.393385e-05	-0.001820772	0.0
-4.647978e-05	-0.001861586	0.0
-4.7743e-05	-0.001902902	0.0
-5.051633e-05	-0.001946199	0.0
-5.064261e-05	-0.001987344	0.0
-5.223304e-05	-0.002028945	0.0
-5.522954e-05	-0.002070497	0.0
-5.754701e-05	-0.002111064	0.0
-5.882052e-05	-0.002151151	0.0
-6.052975e-05	-0.002190739	0.0
-6.444842e-05	-0.002228401	0.0
-6.665858e-05	-0.002265546	0.0
-6.815212e-05	-0.002301703	0.0
-7.056392e-05	-0.002334763	0.0
-7.344778e-05	-0.002367328	0.0
-7.610012e-05	-0.002395233	0.0
-7.887194e-05	-0.002421762	0.0
-8.128388e-05	-0.002444464	0.0
-8.520249e-05	-0.002462203	0.0
-8.798263e-05	-0.002477266	0.0
-9.085488e-05	-0.002486472	0.0
-9.466187e-05	-0.00248947	0.0
-9.755691e-05	-0.002484717	0.0
-0.0001004271	-0.002474085	0.0
-0.0001048117	-0.002454425	0.0
-0.000107818	-0.002427541	0.0
-0.0001113941	-0.002388134	0.0
-0.0001145044	-0.002337851	0.0
-0.000118781	-0.002273311	0.0
-0.0001208751	-0.002195552	0.0
-0.0001237332	-0.002102416	0.0
-0.0001289266	-0.001991744	0.0
-0.0001321778	-0.001863043	0.0
-0.0001352896	-0.001711193	0.0
-0.0001385291	-0.001537082	0.0
-0.0001409534	-0.001336281	0.0
-0.0001441832	-0.001109857	0.0
-0.0001466195	-0.0008529733	0.0
-0.0001484653	-0.0005623213	0.0
-0.000150659	-0.0002364452	0.0
-0.0001522796	0.0001310813	0.0
-0.000153439	0.0005402946	0.0
-0.000153894	0.000993596	0.0
-0.0001551529	0.001496179	0.0
-0.0001556169	0.002052139	0.0
-0.0001548103	0.002666171	0.0
-0.0001529368	0.003338451	0.0
-0.0001521087	0.004075519	0.0
-0.0001490827	0.004878262	0.0
-0.0001468367	0.005752583	0.0
-0.0001439013	0.006700859	0.0
-0.0001400379	0.007723427	0.0
-0.0001341797	0.008826444	0.0
-0.0001291103	0.01000788	0.0
-0.0001218394	0.01126865	0.0
-0.0001144024	0.01260874	0.0
-0.0001072911	0.01402535	0.0
-9.935052e-05	0.01551693	0.0
-9.010808e-05	0.01707278	0.0
-7.989354e-05	0.01869092	0.0
-7.033657e-05	0.02035949	0.0
-6.017035e-05	0.02206344	0.0
-5.008663e-05	0.02379514	0.0
-3.81398e-05	0.02553163	0.0
-2.544278e-05	0.02725537	0.0
-1.42435e-05	0.0289452	0.0
-7.295771e-07	0.03057719	0.0
1.14198e-05	0.03211692	0.0
2.352752e-05	0.03354258	0.0
3.689122e-05	0.0348176	0.0
4.824946e-05	0.03591478	0.0
6.043948e-05	0.03679431	0.0
7.291653e-05	0.03742694	0.0
8.287782e-05	0.03777602	0.0
9.166495e-05	0.03781246	0.0
0.0001007775	0.0375001	0.0
0.0001093205	0.03682013	0.0
0.0001143787	0.03574185	0.0
0.0001184811	0.03424395	0.0
0.0001215453	0.03231429	0.0
0.0001234855	0.02993636	0.0
0.0001228177	0.02711643	0.0
0.0001214305	0.02384709	0.0
0.0001170702	0.02013451	0.0
0.0001113713	0.01601139	0.0
0.0001051264	0.01148139	0.0
9.479055e-05	0.006591451	0.0
8.37501e-05	0.001362959	0.0
7.00064e-05	-0.004152732	0.0
5.517514e-05	-0.009907639	0.0
4.084235e-05	-0.01585078	0.0
2.284584e-05	-0.02192981	0.0
5.216754e-06	-0.02805375	0.0
-1.490173e-05	-0.03417922	0.0
-3.564343e-05	-0.04023881	0.0
-5.434132e-05	-0.04614452	0.0
-7.566701e-05	-0.05183864	0.0
-9.757137e-05	-0.05724407	0.0
-0.0001170776	-0.06228733	0.0
-0.0001388288	-0.06690388	0.0
-0.0001566822	-0.07104137	0.0
-0.0001759885	-0.07462422	0.0
-0.0001968584	-0.07760686	0.0
-0.0002125961	-0.07993767	0.0
-0.0002301172	-0.08157346	0.0
-0.0002430108	-0.08248604	0.0
-0.0002584742	-0.08264093	0.0
-0.0002692884	-0.08202825	0.0
-0.0002802163	-0.08063357	0.0
-0.0002893852	-0.07845588	0.0
-0.000292895	-0.07551345	0.0
-0.000300467	-0.0718188	0.0
-0.0002989642	-0.0673949	0.0
-0.0002980779	-0.06229011	0.0
-0.0002946942	-0.05654086	0.0
-0.000287922	-0.05017925	0.0
-0.0002793355	-0.04334294	0.0
-0.0002677076	-0.03602107	0.0
-0.0002526547	-0.02829644	0.0
-0.0002346323	-0.02032375	0.0
-0.0002140472	-0.01207955	0.0
-0.000191635	-0.003745442	0.0
-0.0001669193	0.004633392	0.0
-0.0001395506	0.01295472	0.0
-0.0001102534	0.02113855	0.0
-7.898208e-05	0.02906722	0.0
-4.695818e-05	0.03666433	0.0
-1.467774e-05	0.0438545	0.0
1.951319e-05	0.05054926	0.0
5.058025e-05	0.05665853	0.0
8.343091e-05	0.0621306	0.0
0.0001160543	0.06690318	0.0
0.0001462689	0.07091176	0.0
0.0001760601	0.07411592	0.0
0.0002020931	0.07647835	0.0
0.0002262253	0.07796951	0.0
0.0002473735	0.07857573	0.0
0.0002673505	0.07828895	0.0
0.0002842676	0.07711346	0.0
0.0002961383	0.07506771	0.0
0.0003066314	0.07217313	0.0
0.0003131834	0.06846288	0.0
0.0003188193	0.06398865	0.0
0.0003182659	0.05880093	0.0
0.0003150172	0.05295022	0.0
0.0003125659	0.04653675	0.0
0.0003061786	0.03961166	0.0
0.0002981789	0.03226812	0.0
0.0002850885	0.02458602	0.0
0.0002718195	0.01667894	0.0
0.0002575566	0.008621342	0.0
0.0002428933	0.0005148913	0.0
0.0002269272	-0.007546885	0.0
0.000209271	-0.01546685	0.0
0.0001915723	-0.02313416	0.0
0.0001750775	-0.03047494	0.0
0.0001560823	-0.03739739	0.0
0.0001376585	-0.04381156	0.0
0.0001190228	-0.04965071	0.0
0.0001010425	-0.05484554	0.0
8.374185e-05	-0.05931735	0.0
6.442677e-05	-0.06302797	0.0
4.662119e-05	-0.0659329	0.0
3.204424e-05	-0.06799756	0.0
1.649501e-05	-0.06919661	0.0
6.388655e-08	-0.06951395	0.0
-1.269777e-05	-0.06895208	0.0
-2.580151e-05	-0.06751271	0.0
-3.645572e-05	-0.06522129	0.0
-4.640639e-05	-0.06210367	0.0
-5.407735e-05	-0.05819098	0.0
-6.069322e-05	-0.05354718	0.0
-6.619339e-05	-0.04821667	0.0
-6.761418e-05	-0.04227249	0.0
-6.898284e-05	-0.0357781	0.0
-6.742946e-05	-0.02883561	0.0
-6.397457e-05	-0.02150515	0.0
-5.7492e-05	-0.01387477	0.0
-4.972164e-05	-0.006074651	0.0
-4.080141e-05	0.001842224	0.0
-2.813576e-05	0.009750013	0.0
-1.483906e-05	0.01756787	0.0
-2.027123e-07	0.02519774	0.0
1.642567e-05	0.03253743	0.0
3.301594e-05	0.03951914	0.0
4.915007e-05	0.04602425	0.0
6.681585e-05	0.05199323	0.0
8.30165e-05	0.05735297	0.0
9.836176e-05	0.06203029	0.0
0.0001143543	0.06597673	0.0
0.0001298996	0.06913693	0.0
0.0001408972	0.07147713	0.0
0.0001527017	0.07296616	0.0
0.0001613653	0.07358487	0.0
0.0001696146	0.07332178	0.0
0.0001742522	0.07218852	0.0
0.0001773744	0.07018952	0.0
0.000176402	0.06735025	0.0
0.00017405	0.06371051	0.0
0.0001698858	0.05930946	0.0
0.0001643865	0.05419908	0.0
0.0001565103	0.04844228	0.0
0.0001483844	0.04210132	0.0
0.0001374819	0.03527992	0.0
0.000127139	0.02802971	0.0
0.0001148508	0.02044552	0.0
0.0001017103	0.01262983	0.0
8.741982e-05	0.004673594	0.0
7.455063e-05	-0.003339753	0.0
6.185969e-05	-0.01129128	0.0
4.956004e-05	-0.01910188	0.0
3.603226e-05	-0.02665785	0.0
2.593892e-05	-0.03389513	0.0
1.5898e-05	-0.0406997	0.0
6.035967e-06	-0.04700527	0.0
-1.637256e-06	-0.05273366	0.0
-1.017361e-05	-0.057808	0.0
-1.649513e-05	-0.0621773	0.0
-2.185275e-05	-0.06577762	0.0
-2.543841e-05	-0.06856783	0.0
-2.906774e-05	-0.07051958	0.0
-3.123535e-05	-0.07159832	0.0
-3.124194e-05	-0.07180077	0.0
-2.990406e-05	-0.07112142	0.0
-2.687832e-05	-0.06956782	0.0
-2.138461e-05	-0.06716213	0.0
-1.519182e-05	-0.06392998	0.0
-7.432427e-06	-0.05991308	0.0
3.197919e-06	-0.05515042	0.0
1.581312e-05	-0.04972193	0.0
3.040788e-05	-0.04366696	0.0
4.691121e-05	-0.03708445	0.0
6.496129e-05	-0.03003629	0.0
8.585171e-05	-0.02261353	0.0
0.0001080482	-0.01489856	0.0
0.0001333704	-0.007014933	0.0
0.0001584111	0.000966053	0.0
0.0001850955	0.008963334	0.0
0.0002132205	0.01684065	0.0
0.0002414774	0.02452307	0.0
0.0002692768	0.03191616	0.0
0.000297842	0.03894097	0.0
0.0003248438	0.04549521	0.0
0.0003519856	0.05150163	0.0
0.000376522	0.05689346	0.0
0.0003982433	0.06160675	0.0
0.0004186689	0.06557716	0.0
0.0004356176	0.06875787	0.0
0.0004492938	0.07111594	0.0
0.000460341	0.07261862	0.0
0.0004668632	0.07324612	0.0
0.0004696058	0.07299338	0.0
0.0004690862	0.07186306	0.0
0.0004639175	0.06986612	0.0
0.0004561629	0.06702054	0.0
0.0004427846	0.06338999	0.0
0.0004281346	0.05898549	0.0
0.0004091866	0.05385357	0.0
0.0003863355	0.04809252	0.0
0.0003628763	0.04176895	0.0
0.0003367784	0.03491066	0.0
0.0003083337	0.0276512	0.0
0.0002803793	0.02004801	0.0
0.0002483408	0.01223137	0.0
0.0002183845	0.004255645	0.0
0.000185509	-0.003755266	0.0
0.0001544793	-0.01173466	0.0
0.0001235188	-0.01955328	0.0
9.228782e-05	-0.0271327	0.0
6.090525e-05	-0.03438065	0.0
3.138582e-05	-0.04121412	0.0
1.351298e-06	-0.04753492	0.0
-2.387054e-05	-0.05328229	0.0
-4.942211e-05	-0.05837607	0.0
-7.396407e-05	-0.06275862	0.0
-9.531932e-05	-0.06637702	0.0
-0.000117252	-0.06918824	0.0
-0.000134728	-0.07115301	0.0
-0.0001533783	-0.07224972	0.0
-0.0001666739	-0.07246704	0.0
-0.0001800913	-0.07180047	0.0
-0.0001902622	-0.07025866	0.0
-0.0001972258	-0.06785613	0.0
-0.0002048179	-0.06462705	0.0
-0.0002066879	-0.06061925	0.0
-0.0002072445	-0.05586672	0.0
-0.000205786	-0.05043775	0.0
-0.0001997686	-0.04438862	0.0
-0.0001934879	-0.03780088	0.0
-0.0001819614	-0.03074539	0.0
-0.0001703302	-0.02332327	0.0
-0.0001562648	-0.01560375	0.0
-0.0001401323	-0.007707907	0.0
-0.0001203678	0.0002872058	0.0
-0.00010029	0.008300886	0.0
-7.834146e-05	0.01618336	0.0
-5.513015e-05	0.02387857	0.0
-3.013294e-05	0.03128622	0.0
-6.437947e-06	0.03832524	0.0
1.714538e-05	0.04488966	0.0
4.160685e-05	0.05090907	0.0
6.298676e-05	0.05631617	0.0
8.304348e-05	0.06103971	0.0
0.0001032067	0.06502333	0.0
0.0001204811	0.06821743	0.0
0.0001344921	0.07058723	0.0
0.0001464159	0.07209764	0.0
0.0001564992	0.07273439	0.0
0.0001616712	0.07248961	0.0
0.000165055	0.07136806	0.0
0.0001640629	0.0693808	0.0
0.0001602179	0.06654714	0.0
0.0001534233	0.06290692	0.0
0.0001428653	0.0585143	0.0
0.0001290975	0.05340294	0.0
0.0001132047	0.04764423	0.0
9.440392e-05	0.04130747	0.0
7.407054e-05	0.03446831	0.0
5.295935e-05	0.02720591	0.0
2.839047e-05	0.01961951	0.0
3.167091e-06	0.01179011	0.0
-2.179767e-05	0.003804034	0.0
-4.750424e-05	-0.004211592	0.0
-7.371858e-05	-0.01218444	0.0
-0.0001008627	-0.02002211	0.0
-0.0001262887	-0.02760702	0.0
-0.0001537196	-0.03486639	0.0
-0.0001762942	-0.04170316	0.0
-0.0002017304	-0.04803939	0.0
-0.0002251692	-0.05379876	0.0
-0.0002472735	-0.0589044	0.0
-0.0002665645	-0.06329912	0.0
-0.000285462	-0.066934	0.0
-0.0003032099	-0.06974969	0.0
-0.0003182523	-0.07172775	0.0
-0.0003312227	-0.07284038	0.0
-0.0003417151	-0.07306609	0.0
-0.0003499398	-0.07240935	0.0
-0.0003571842	-0.07087731	0.0
-0.0003606062	-0.06848686	0.0
-0.0003623145	-0.06526605	0.0
-0.0003602472	-0.06125809	0.0
-0.0003568004	-0.05650287	0.0
-0.0003508553	-0.05106512	0.0
-0.0003406092	-0.04500635	0.0
-0.0003284747	-0.03842051	0.0
-0.0003123469	-0.03135494	0.0
-0.0002962765	-0.02390634	0.0
-0.0002762573	-0.01618132	0.0
-0.0002547281	-0.008257325	0.0
-0.0002302699	-0.0002495933	0.0
-0.0002048012	0.007781548	0.0
-0.0001784937	0.01571016	0.0
-0.0001504641	0.02343729	0.0
-0.0001207615	0.03088002	0.0
-9.189281e-05	0.03794813	0.0
-6.459603e-05	0.04455494	0.0
-3.68153e-05	0.05060856	0.0
-9.45588e-06	0.05605537	0.0
1.572512e-05	0.06081581	0.0
3.775514e-05	0.064845	0.0
5.962761e-05	0.06807625	0.0
7.872816e-05	0.07048096	0.0
9.509725e-05	0.07203301	0.0
0.0001069082	0.07270685	0.0
0.0001180873	0.07249826	0.0
0.0001242764	0.07141176	0.0
0.0001269798	0.06945559	0.0
0.0001256847	0.06665798	0.0
0.0001229327	0.06304977	0.0
0.0001145528	0.05867865	0.0
0.0001056022	0.05358995	0.0
9.456073e-05	0.04785831	0.0
7.851392e-05	0.04154563	0.0
6.095453e-05	0.03472372	0.0
3.992616e-05	0.02748948	0.0
1.945623e-05	0.01991799	0.0
-3.458748e-06	0.01209897	0.0
-2.798698e-05	0.004123621	0.0
-5.26868e-05	-0.003886635	0.0
-7.894373e-05	-0.0118557	0.0
-0.0001056449	-0.0196783	0.0
-0.0001329601	-0.0272681	0.0
-0.0001609811	-0.03452625	0.0
-0.00018783	-0.04140034	0.0
-0.0002155039	-0.04772858	0.0
-0.0002410276	-0.05346827	0.0
-0.0002662356	-0.05858022	0.0
-0.0002912715	-0.06300616	0.0
-0.0003158503	-0.06663807	0.0
-0.0003379513	-0.06947515	0.0
-0.0003611521	-0.07147106	0.0
-0.00038091	-0.07260408	0.0
-0.0003985123	-0.0728526	0.0
-0.0004146795	-0.07222085	0.0
-0.0004281214	-0.07071154	0.0
-0.0004377264	-0.06834364	0.0
-0.0004471134	-0.06515633	0.0
-0.0004525049	-0.06117802	0.0
-0.0004545722	-0.0564578	0.0
-0.000453078	-0.05104921	0.0
-0.0004477511	-0.04502722	0.0
-0.0004405532	-0.03845772	0.0
-0.0004269538	-0.03141845	0.0
-0.0004127107	-0.02401958	0.0
-0.000394637	-0.01631619	0.0
-0.0003728716	-0.008426793	0.0
-0.0003474827	-0.0004282653	0.0
-0.0003197314	0.007565761	0.0
-0.0002882502	0.01546073	0.0
-0.0002575795	0.02317031	0.0
-0.000222949	0.0305956	0.0
-0.0001876673	0.03764692	0.0
-0.0001527952	0.04424969	0.0
-0.0001169658	0.05028697	0.0
-8.214507e-05	0.05571936	0.0
-4.697507e-05	0.06047217	0.0
-1.400974e-05	0.06449179	0.0
1.811678e-05	0.06772093	0.0
4.816621e-05	0.07012614	0.0
7.326676e-05	0.07167698	0.0
9.856591e-05	0.07235422	0.0
0.0001205879	0.07215021	0.0
0.000139099	0.07106721	0.0
0.0001547188	0.06912056	0.0
0.0001662367	0.06633019	0.0
0.0001766404	0.06273479	0.0
0.0001808433	0.05837532	0.0
0.0001833475	0.05330719	0.0
0.0001839584	0.0475855	0.0
0.0001804901	0.04127861	0.0
0.0001778313	0.03449269	0.0
0.0001700907	0.02727075	0.0
0.0001617555	0.01972215	0.0
0.0001517716	0.01193238	0.0
0.0001396112	0.004000137	0.0
0.0001276117	-0.003991271	0.0
0.0001147428	-0.01192225	0.0
0.000100392	-0.01971101	0.0
8.55349e-05	-0.02726778	0.0
7.077996e-05	-0.03447599	0.0
5.579675e-05	-0.04127965	0.0
4.04587e-05	-0.04757559	0.0
2.39287e-05	-0.05329402	0.0
9.768281e-06	-0.05836307	0.0
-5.152198e-06	-0.06272312	0.0
-1.889705e-05	-0.06632589	0.0
-3.214515e-05	-0.06910983	0.0
-4.660689e-05	-0.07105511	0.0
-5.876784e-05	-0.07213685	0.0
-7.063086e-05	-0.07233948	0.0
-8.011742e-05	-0.0716633	0.0
-9.055538e-05	-0.07011356	0.0
-9.843932e-05	-0.06770536	0.0
-0.0001043655	-0.06447733	0.0
-0.0001089349	-0.06045884	0.0
-0.0001113321	-0.05570002	0.0
-0.0001121074	-0.05027111	0.0
-0.0001114825	-0.04422412	0.0
-0.0001067729	-0.03763537	0.0
-0.0001011984	-0.03057445	0.0
-9.210064e-05	-0.02316032	0.0
-8.08832e-05	-0.01544654	0.0
-6.863535e-05	-0.007550606	0.0
-5.334048e-05	0.0004501158	0.0
-3.671633e-05	0.00846171	0.0
-1.878129e-05	0.01635038	0.0
1.109177e-06	0.02405599	0.0
2.334889e-05	0.03147503	0.0
4.391498e-05	0.03852176	0.0
6.602409e-05	0.0450919	0.0
8.73679e-05	0.05112696	0.0
0.000109077	0.05654825	0.0
0.0001300839	0.06129023	0.0
0.0001504885	0.0652883	0.0
0.0001671645	0.06850153	0.0
0.0001835854	0.07088707	0.0
0.0001989918	0.07241666	0.0
0.0002095137	0.07307161	0.0
0.0002204318	0.07284383	0.0
0.0002274941	0.0717378	0.0
0.0002315374	0.06976377	0.0
0.0002328623	0.06694622	0.0
0.0002326054	0.06332764	0.0
0.0002294898	0.0589391	0.0
0.000223639	0.0538347	0.0
0.0002161227	0.04808478	0.0
0.00020592	0.04175239	0.0
0.0001953661	0.03492399	0.0
0.0001820405	0.02766316	0.0
0.0001682471	0.02007758	0.0
0.0001524647	0.01225511	0.0
0.0001357782	0.004265799	0.0
0.0001183412	-0.003742993	0.0
0.0001016475	-0.01171559	0.0
8.463458e-05	-0.01955163	0.0
6.770657e-05	-0.02714109	0.0
4.892495e-05	-0.03441032	0.0
3.256848e-05	-0.04125706	0.0
1.585614e-05	-0.04759923	0.0
7.464523e-07	-0.05336093	0.0
-1.731194e-05	-0.05847431	0.0
-3.036836e-05	-0.06288294	0.0
-4.337711e-05	-0.06651752	0.0
-5.682406e-05	-0.06935291	0.0
-6.744448e-05	-0.07133938	0.0
-7.854348e-05	-0.07246085	0.0
-8.576516e-05	-0.07270204	0.0
-9.350695e-05	-0.07205933	0.0
-9.735986e-05	-0.07053947	0.0
-0.0001019992	-0.06816302	0.0
-0.000102977	-0.06495927	0.0
-0.0001025863	-0.06096401	0.0
-0.0001011973	-0.0562317	0.0
-9.531399e-05	-0.05081173	0.0
-8.941143e-05	-0.04477191	0.0
-7.956297e-05	-0.03819274	0.0
-6.709761e-05	-0.03114608	0.0
-5.40145e-05	-0.02371931	0.0
-3.569803e-05	-0.01600537	0.0
-1.725735e-05	-0.008100516	0.0
3.985254e-06	-8.6899e-05	0.0
2.691293e-05	0.007953811	0.0
5.150123e-05	0.01586702	0.0
7.735768e-05	0.02358534	0.0
0.000104177	0.03100089	0.0
0.00013163	0.0380594	0.0
0.0001599516	0.04465867	0.0
0.0001883366	0.05073522	0.0
0.0002152314	0.05616264	0.0
0.0002415492	0.06093434	0.0
0.0002672661	0.06495591	0.0
0.0002900774	0.06818676	0.0
0.0003100826	0.07059304	0.0
0.0003303498	0.07214108	0.0
0.0003460918	0.07281511	0.0
0.0003606052	0.07260528	0.0
0.0003715134	0.07151414	0.0
0.0003777573	0.06955513	0.0
0.0003853443	0.06675307	0.0
0.0003860354	0.06314105	0.0
0.0003877806	0.05876362	0.0
0.0003840453	0.05367047	0.0
0.0003789517	0.04792213	0.0
0.0003730549	0.04160558	0.0
0.0003622909	0.03477538	0.0
0.0003519698	0.02752176	0.0
0.0003402675	0.01993304	0.0
0.0003286343	0.01210644	0.0
0.0003167031	0.004124833	0.0
0.0003015856	-0.003904867	0.0
0.0002883549	-0.01190128	0.0
0.0002752849	-0.01973037	0.0
0.0002615917	-0.02732665	0.0
0.0002491694	-0.03459637	0.0
0.0002362864	-0.04145779	0.0
0.0002258238	-0.04780068	0.0
0.0002137264	-0.05357173	0.0
0.0002043221	-0.05869512	0.0
0.0001968309	-0.06311348	0.0
0.0001894779	-0.06676101	0.0
0.0001837756	-0.06960476	0.0
0.0001780192	-0.07160735	0.0
0.0001738406	-0.07273772	0.0
0.0001721714	-0.07299	0.0
0.0001692877	-0.07235833	0.0
0.0001686606	-0.07085396	0.0
0.0001689778	-0.06849106	0.0
0.0001716765	-0.06530087	0.0
0.000176912	-0.06132097	0.0
0.0001800235	-0.0565917	0.0
0.0001872643	-0.05119829	0.0
0.0001952409	-0.04517683	0.0
0.0002036958	-0.03861673	0.0
0.0002146291	-0.03158667	0.0
0.0002257353	-0.02417996	0.0
0.0002391736	-0.01648104	0.0
0.0002530912	-0.008593429	0.0
0.0002669192	-0.0005996919	0.0
0.0002825381	0.007400861	0.0
0.0002981953	0.01528587	0.0
0.000315023	0.02298787	0.0
0.0003292396	0.03040598	0.0
0.0003436194	0.03745371	0.0
0.0003571431	0.04404387	0.0
0.0003704927	0.05009763	0.0
0.0003812079	0.05552917	0.0
0.0003905448	0.06028725	0.0
0.0003963961	0.06431087	0.0
0.0004015303	0.06754512	0.0
0.0004026311	0.06995855	0.0
0.0004015506	0.07152068	0.0
0.0003976809	0.07220881	0.0
0.0003914359	0.07201902	0.0
0.00038344	0.07094973	0.0
0.0003703632	0.06901833	0.0
0.0003552391	0.06625161	0.0
0.0003385379	0.06266958	0.0
0.0003187625	0.0583286	0.0
0.0002968281	0.0532805	0.0
0.0002737839	0.04757782	0.0
0.0002503872	0.04129831	0.0
0.0002236207	0.03451106	0.0
0.0001971794	0.02731347	0.0
0.0001698058	0.01977333	0.0
0.0001432947	0.01199267	0.0
0.0001175242	0.00407022	0.0
9.007038e-05	-0.003904272	0.0
6.354977e-05	-0.01183203	0.0
3.994754e-05	-0.01961442	0.0
1.562538e-05	-0.02716169	0.0
-6.886851e-06	-0.03437662	0.0
-2.764017e-05	-0.04118394	0.0
-4.821238e-05	-0.04748188	0.0
-6.4648e-05	-0.05320993	0.0
-8.170024e-05	-0.05828779	0.0
-9.572232e-05	-0.06266434	0.0
-0.0001087847	-0.06626843	0.0
-0.0001195043	-0.06907825	0.0
-0.0001286652	-0.0710369	0.0
-0.0001358749	-0.0721364	0.0
-0.0001410472	-0.07236236	0.0
-0.0001443184	-0.07170521	0.0
-0.0001448396	-0.07017647	0.0
-0.000144521	-0.06779478	0.0
-0.0001418187	-0.0645865	0.0
-0.0001357735	-0.06059031	0.0
-0.000129626	-0.0558566	0.0
-0.0001209743	-0.05044341	0.0
-0.0001089467	-0.04441112	0.0
-9.513752e-05	-0.03783839	0.0
-7.964625e-05	-0.03081186	0.0
-6.330104e-05	-0.02340977	0.0
-4.484082e-05	-0.0157145	0.0
-2.556859e-05	-0.007819947	0.0
-4.991345e-06	0.0001774315	0.0
1.713728e-05	0.008173204	0.0
4.013908e-05	0.01605377	0.0
6.174627e-05	0.02376199	0.0
8.511513e-05	0.03118339	0.0
0.0001071749	0.03822709	0.0
0.0001287058	0.04481804	0.0
0.0001487911	0.0508581	0.0
0.0001668239	0.05629955	0.0
0.0001829905	0.06104445	0.0
0.0001963857	0.06506333	0.0
0.0002068409	0.06829661	0.0
0.0002166121	0.07070689	0.0
0.0002214354	0.07226276	0.0
0.0002251886	0.07294475	0.0
0.000223347	0.07274452	0.0
0.0002203959	0.07166304	0.0
0.0002127389	0.06971905	0.0
0.0002013902	0.06692994	0.0
0.0001894178	0.06333456	0.0
0.0001706526	0.0589727	0.0
0.0001524611	0.05389916	0.0
0.0001316107	0.04817313	0.0
0.0001075811	0.04186456	0.0
8.341922e-05	0.03504539	0.0
5.67307e-05	0.02780452	0.0
2.874825e-05	0.02023183	0.0
1.448188e-07	0.01239255	0.0
-2.843452e-05	0.00442135	0.0
-5.729107e-05	-0.003579701	0.0
-8.749503e-05	-0.01157904	0.0
-0.0001152762	-0.01941073	0.0
-0.0001429384	-0.02701209	0.0
-0.0001702766	-0.03427926	0.0
-0.000196345	-0.04113486	0.0
-0.0002213667	-0.04748869	0.0
-0.0002456233	-0.05327566	0.0
-0.0002666983	-0.05840429	0.0
-0.000287793	-0.06283208	0.0
-0.0003097139	-0.06648936	0.0
-0.0003278213	-0.06934677	0.0
-0.0003432799	-0.07136225	0.0
-0.0003585446	-0.07251084	0.0
-0.0003698132	-0.0727804	0.0
-0.0003809016	-0.07216668	0.0
-0.0003882276	-0.07067855	0.0
-0.0003951644	-0.06833651	0.0
-0.0003996165	-0.06516486	0.0
-0.0004013231	-0.06120386	0.0
-0.0004005306	-0.05650165	0.0
-0.0003966206	-0.05111112	0.0
-0.0003916449	-0.04510734	0.0
-0.0003841356	-0.03854587	0.0
-0.0003725218	-0.03153022	0.0
-0.0003589933	-0.02413721	0.0
-0.0003430327	-0.01644862	0.0
-0.0003235981	-0.008561352	0.0
-0.0003037564	-0.0005694281	0.0
-0.0002824895	0.007423505	0.0
-0.0002592397	0.01530803	0.0
-0.0002333173	0.02300925	0.0
-0.0002080396	0.03043612	0.0
-0.0001807489	0.03748775	0.0
-0.000153491	0.04408114	0.0
-0.0001259486	0.05013907	0.0
-0.0001000047	0.05557867	0.0
-7.418755e-05	0.06034425	0.0
-5.008279e-05	0.06437016	0.0
-2.936963e-05	0.06761486	0.0
-8.21186e-06	0.07003627	0.0
9.567759e-06	0.07160181	0.0
2.288991e-05	0.07229867	0.0
3.581598e-05	0.07211345	0.0
4.478605e-05	0.07104941	0.0
5.213011e-05	0.0691229	0.0
5.583842e-05	0.0663528	0.0
5.774746e-05	0.06277462	0.0
5.448249e-05	0.05842725	0.0
5.076357e-05	0.05337704	0.0
4.495221e-05	0.04767354	0.0
3.576187e-05	0.04138362	0.0
2.399e-05	0.03458327	0.0
1.197051e-05	0.02736424	0.0
-9.616494e-07	0.01980945	0.0
-1.52098e-05	0.01201959	0.0
-2.990575e-05	0.004077626	0.0
-4.490541e-05	-0.003920908	0.0
-5.995882e-05	-0.0118845	0.0
-7.536246e-05	-0.01969283	0.0
-8.937832e-05	-0.02727458	0.0
-0.0001062027	-0.03451874	0.0
-0.0001188878	-0.04135976	0.0
-0.0001331497	-0.04769365	0.0
-0.0001462164	-0.05345594	0.0
-0.0001580441	-0.05856687	0.0
-0.0001695998	-0.06297144	0.0
-0.0001795167	-0.0666104	0.0
-0.0001887052	-0.06944696	0.0
-0.0001964419	-0.071438	0.0
-0.0002042187	-0.0725658	0.0
-0.0002077797	-0.07281186	0.0
-0.0002119082	-0.07217613	0.0
-0.0002169271	-0.07066516	0.0
-0.0002187347	-0.06829684	0.0
-0.0002181982	-0.06509858	0.0
-0.00021863	-0.06110875	0.0
-0.0002162296	-0.05638267	0.0
-0.0002122094	-0.05096905	0.0
-0.0002062034	-0.04493902	0.0
-0.0001995845	-0.03836465	0.0
-0.0001907263	-0.03131945	0.0
-0.0001808756	-0.02389196	0.0
-0.0001698428	-0.01618594	0.0
-0.0001569708	-0.008276854	0.0
-0.0001423152	-0.0002655304	0.0
-0.0001265534	0.007749998	0.0
-0.0001102792	0.01566561	0.0
-9.38898e-05	0.02340564	0.0
-7.665384e-05	0.030844	0.0
-5.991561e-05	0.03791551	0.0
-4.360012e-05	0.04452972	0.0
-2.686187e-05	0.05059956	0.0
-1.310004e-05	0.05606602	0.0
1.09237e-06	0.06084082	0.0
1.33403e-05	0.06488686	0.0
2.369261e-05	0.06814798	0.0
3.278969e-05	0.07057877	0.0
3.784675e-05	0.07215744	0.0
4.298988e-05	0.07285947	0.0
4.335822e-05	0.07268135	0.0
4.317721e-05	0.07162219	0.0
4.059481e-05	0.06969519	0.0
3.482031e-05	0.06691996	0.0
2.698686e-05	0.06334624	0.0
1.778241e-05	0.05898773	0.0
6.55175e-06	0.05393763	0.0
-6.139325e-06	0.04822399	0.0
-1.944617e-05	0.0419273	0.0
-3.356587e-05	0.0351193	0.0
-4.908992e-05	0.0278877	0.0
-6.416126e-05	0.0203265	0.0
-7.96286e-05	0.01251465	0.0
-9.379822e-05	0.00455648	0.0
-0.0001090617	-0.003458088	0.0
-0.000123381	-0.01142738	0.0
-0.0001358074	-0.01926623	0.0
-0.0001480512	-0.02685043	0.0
-0.0001579836	-0.03410927	0.0
-0.0001677967	-0.04096717	0.0
-0.0001746085	-0.04731321	0.0
-0.0001823501	-0.05309667	0.0
-0.000188082	-0.05821975	0.0
-0.0001929577	-0.06263937	0.0
-0.0001951293	-0.0663028	0.0
-0.000197955	-0.06915984	0.0
-0.0001971754	-0.07117382	0.0
-0.0001938185	-0.07232305	0.0
-0.0001922428	-0.07259224	0.0
-0.0001879841	-0.07197908	0.0
-0.0001813029	-0.07049707	0.0
-0.0001747319	-0.06815517	0.0
-0.0001649562	-0.06498455	0.0
-0.0001541613	-0.06102597	0.0
-0.0001415634	-0.05632437	0.0
-0.0001270111	-0.05092264	0.0
-0.0001119744	-0.04493843	0.0
-9.415203e-05	-0.03836318	0.0
-7.523222e-05	-0.03134474	0.0
-5.383531e-05	-0.02395666	0.0
-3.206053e-05	-0.016275	0.0
-8.324335e-06	-0.008391102	0.0
1.545392e-05	-0.0004039591	0.0
4.089475e-05	0.007591764	0.0
6.79884e-05	0.01546981	0.0
9.601154e-05	0.02318053	0.0
0.0001229331	0.0306111	0.0
0.0001493213	0.0376495	0.0
0.0001766916	0.04424213	0.0
0.0002037813	0.05029831	0.0
0.0002283644	0.05574365	0.0
0.00025016	0.06050878	0.0
0.0002710226	0.06454047	0.0
0.000288518	0.06778728	0.0
0.0003043777	0.07021071	0.0
0.0003177422	0.07178143	0.0
0.0003261078	0.07248282	0.0
0.0003326855	0.07230283	0.0
0.0003347251	0.07124618	0.0
0.000333633	0.0693252	0.0
0.0003285611	0.06656175	0.0
0.0003201597	0.06299099	0.0
0.0003096084	0.05865761	0.0
0.0002938839	0.05360945	0.0
0.000277872	0.04791146	0.0
0.000256871	0.04163189	0.0
0.0002354887	0.03484723	0.0
0.0002120402	0.02764251	0.0
0.0001867201	0.0200969	0.0
0.000159976	0.01230837	0.0
0.0001320864	0.004366357	0.0
0.000104482	-0.003617181	0.0
7.53074e-05	-0.01156949	0.0
4.695304e-05	-0.01937329	0.0
1.984845e-05	-0.02694811	0.0
-8.195027e-06	-0.03417977	0.0
-3.520229e-05	-0.04101042	0.0
-6.025021e-05	-0.04733812	0.0
-8.509e-05	-0.05309471	0.0
-0.000108482	-0.05819972	0.0
-0.0001302069	-0.0626007	0.0
-0.0001505074	-0.06624065	0.0
-0.0001696206	-0.06907872	0.0
-0.0001855622	-0.07107235	0.0
-0.0002004628	-0.07220422	0.0
-0.0002134533	-0.07245743	0.0
-0.0002232644	-0.0718298	0.0
-0.0002311353	-0.07032946	0.0
-0.0002378392	-0.06797428	0.0
-0.0002412114	-0.06479093	0.0
-0.0002439212	-0.06081942	0.0
-0.0002426275	-0.05610925	0.0
-0.0002376387	-0.05071594	0.0
-0.0002316025	-0.04470383	0.0
-0.0002226425	-0.03814865	0.0
-0.000212481	-0.03112566	0.0
-0.0001977654	-0.02371201	0.0
-0.0001824306	-0.01602883	0.0
-0.0001631804	-0.00813336	0.0
-0.0001446944	-0.0001462993	0.0
-0.0001230429	0.0078533	0.0
-0.0001000722	0.01574932	0.0
-7.803001e-05	0.0234713	0.0
-5.2833e-05	0.0308934	0.0
-2.917651e-05	0.03796445	0.0
-4.206921e-06	0.04455174	0.0
1.874332e-05	0.05061688	0.0
4.090184e-05	0.05607005	0.0
6.202365e-05	0.06084938	0.0
8.300752e-05	0.06488389	0.0
0.0001002834	0.06814046	0.0
0.0001148825	0.07057013	0.0
0.0001295096	0.07214507	0.0
0.0001380981	0.07284719	0.0
0.000146511	0.07266574	0.0
0.0001496821	0.07160889	0.0
0.0001533014	0.06968316	0.0
0.0001505095	0.06691174	0.0
0.0001473886	0.06332994	0.0
0.0001415306	0.05898012	0.0
0.0001311954	0.05391163	0.0
0.0001215023	0.0482007	0.0
0.0001066912	0.04189215	0.0
9.151519e-05	0.03508533	0.0
7.472576e-05	0.02786192	0.0
5.61884e-05	0.02029136	0.0
3.796293e-05	0.01248096	0.0
1.802887e-05	0.00451779	0.0
-1.51424e-06	-0.003497412	0.0
-2.169613e-05	-0.01147643	0.0
-4.161243e-05	-0.01931987	0.0
-6.167727e-05	-0.02692074	0.0
-7.978392e-05	-0.03420167	0.0
-9.764399e-05	-0.04106831	0.0
-0.0001143605	-0.04743136	0.0
-0.000129594	-0.05322202	0.0
-0.0001438351	-0.05836159	0.0
-0.0001572181	-0.06279172	0.0
-0.0001696426	-0.06646225	0.0
-0.0001800727	-0.06932288	0.0
-0.00018744	-0.0713454	0.0
-0.0001934288	-0.07249798	0.0
-0.0001995787	-0.07277364	0.0
-0.0002031403	-0.07216647	0.0
-0.0002038486	-0.070682	0.0
-0.000204543	-0.06833895	0.0
-0.0002027254	-0.06516537	0.0
-0.0001985262	-0.06119955	0.0
-0.0001911119	-0.05649605	0.0
-0.0001851032	-0.05111431	0.0
-0.0001726299	-0.04510561	0.0
-0.0001603446	-0.03855566	0.0
-0.000145134	-0.03153582	0.0
-0.00012825	-0.02413757	0.0
-0.0001094905	-0.01644409	0.0
-8.970104e-05	-0.008544756	0.0
-6.802006e-05	-0.0005531118	0.0
-4.570393e-05	0.007432713	0.0
-2.16141e-05	0.01534167	0.0
3.27713e-06	0.02305516	0.0
2.903025e-05	0.03049528	0.0
5.241606e-05	0.0375379	0.0
7.539849e-05	0.04414073	0.0
9.935306e-05	0.05020029	0.0
0.0001206877	0.0556488	0.0
0.0001398226	0.06041929	0.0
0.0001583738	0.06445626	0.0
0.0001736721	0.06770849	0.0
0.0001859591	0.07013872	0.0
0.0001950386	0.07171489	0.0
0.0002016725	0.07241988	0.0
0.0002036295	0.07224132	0.0
0.0002044988	0.07118015	0.0
0.0002002865	0.06925733	0.0
0.0001934688	0.06648969	0.0
0.0001829875	0.06291293	0.0
0.0001705706	0.05857276	0.0
0.0001546136	0.05352301	0.0
0.000137665	0.04781651	0.0
0.0001181504	0.04152719	0.0
9.539186e-05	0.03472948	0.0
7.227736e-05	0.02750853	0.0
4.949722e-05	0.01994224	0.0
2.44819e-05	0.01212452	0.0
1.829714e-07	0.004174352	0.0
-2.510185e-05	-0.003833796	0.0
-4.859444e-05	-0.01180577	0.0
-7.252644e-05	-0.01962624	0.0
-9.557826e-05	-0.02721213	0.0
-0.0001163176	-0.03447802	0.0
-0.0001374078	-0.04133458	0.0
-0.0001544571	-0.04769211	0.0
-0.000171637	-0.05347583	0.0
-0.0001866802	-0.05860408	0.0
-0.0001979724	-0.06303619	0.0
-0.0002096924	-0.06670174	0.0
-0.0002203539	-0.06956387	0.0
-0.0002252984	-0.07157784	0.0
-0.0002317495	-0.07272745	0.0
-0.0002337633	-0.0729973	0.0
-0.0002342109	-0.07238425	0.0
-0.000232281	-0.07089445	0.0
-0.000227567	-0.06854343	0.0
-0.0002211447	-0.06536631	0.0
-0.0002122245	-0.0613954	0.0
-0.0002011515	-0.05668486	0.0
-0.0001869712	-0.05128307	0.0
-0.0001727804	-0.04525873	0.0
-0.0001546529	-0.03868174	0.0
-0.0001335674	-0.03164168	0.0
-0.0001125471	-0.02421286	0.0
-8.896724e-05	-0.01650241	0.0
-6.22545e-05	-0.008590409	0.0
-3.733903e-05	-0.0005786781	0.0
-9.855906e-06	0.007443863	0.0
2.013414e-05	0.01537485	0.0
4.780911e-05	0.02312819	0.0
7.783788e-05	0.03058381	0.0
0.0001058704	0.03769032	0.0
0.0001339669	0.04431501	0.0
0.0001586493	0.05041861	0.0
0.0001854282	0.05590609	0.0
0.0002093471	0.06071824	0.0
0.0002311698	0.06479196	0.0
0.0002495233	0.06807811	0.0
0.0002636852	0.07054131	0.0
0.0002777712	0.07214849	0.0
0.0002847943	0.07288781	0.0
0.0002910365	0.07273983	0.0
0.0002936829	0.07171522	0.0
0.0002917966	0.06982193	0.0
0.00028765	0.06708112	0.0
0.0002797136	0.06353085	0.0
0.0002703007	0.05921167	0.0
0.0002559616	0.05417231	0.0
0.0002393428	0.04848318	0.0
0.0002207513	0.04220813	0.0
0.0001977403	0.03543598	0.0
0.0001750482	0.02823468	0.0
0.0001509714	0.02068509	0.0
0.0001259211	0.01289648	0.0
9.961813e-05	0.004954414	0.0
7.312772e-05	-0.003050482	0.0
4.589219e-05	-0.01101416	0.0
1.830029e-05	-0.0188414	0.0
-7.100757e-06	-0.02643305	0.0
-3.516891e-05	-0.03369805	0.0
-5.920866e-05	-0.04054712	0.0
-8.391424e-05	-0.04689885	0.0
-0.0001071499	-0.05267944	0.0
-0.0001297368	-0.05780841	0.0
-0.0001508954	-0.06223372	0.0
-0.0001706403	-0.06589755	0.0
-0.0001873379	-0.06875573	0.0
-0.000203613	-0.07077567	0.0
-0.0002182898	-0.07192859	0.0
-0.0002304789	-0.07220463	0.0
-0.0002397073	-0.07159602	0.0
-0.0002475895	-0.0701111	0.0
-0.0002521008	-0.06777368	0.0
-0.0002555824	-0.06460283	0.0
-0.0002563495	-0.06064571	0.0
-0.0002529858	-0.0559526	0.0
-0.0002468384	-0.05057153	0.0
-0.0002395356	-0.04457207	0.0
-0.0002284012	-0.03803287	0.0
-0.0002139825	-0.03102273	0.0
-0.0001962633	-0.02362684	0.0
-0.0001775855	-0.01593973	0.0
-0.0001562699	-0.008056743	0.0
-0.0001329638	-9.400474e-05	0.0
-0.000106125	0.007888212	0.0
-7.935419e-05	0.01578221	0.0
-4.982541e-05	0.02348424	0.0
-2.070174e-05	0.0309024	0.0
9.273488e-06	0.0379438	0.0
3.885276e-05	0.04453323	0.0
6.906813e-05	0.05057845	0.0
9.700685e-05	0.05601984	0.0
0.0001239034	0.06078098	0.0
0.0001484689	0.06481566	0.0
0.0001723242	0.06806038	0.0
0.0001918071	0.07048589	0.0
0.0002080653	0.07205412	0.0
0.0002212795	0.07275684	0.0
0.0002326228	0.07257797	0.0
0.0002375875	0.07152335	0.0
0.0002396034	0.06960381	0.0
0.0002392865	0.06684402	0.0
0.0002334626	0.06327744	0.0
0.0002246346	0.05894646	0.0
0.0002125081	0.05390054	0.0
0.000196958	0.04820419	0.0
0.0001795464	0.0419197	0.0
0.0001569216	0.03513284	0.0
0.0001336555	0.02792623	0.0
0.0001100825	0.02037599	0.0
8.241653e-05	0.01257654	0.0
5.50771e-05	0.004632461	0.0
2.723494e-05	-0.003378971	0.0
-1.721194e-06	-0.01133023	0.0
-3.019431e-05	-0.0191501	0.0
-5.892501e-05	-0.02674622	0.0
-8.686689e-05	-0.03399663	0.0
-0.000113855	-0.04087788	0.0
-0.0001404188	-0.04721192	0.0
-0.0001645664	-0.05301547	0.0
-0.0001873778	-0.05814357	0.0
-0.000208653	-0.06257649	0.0
-0.000227446	-0.0662517	0.0
-0.0002464221	-0.0691139	0.0
-0.0002631873	-0.07114144	0.0
-0.0002759007	-0.07230511	0.0
-0.0002869336	-0.07258975	0.0
-0.0002937536	-0.07199208	0.0
-0.0002990768	-0.07052282	0.0
-0.0003023433	-0.06819586	0.0
-0.0003011196	-0.06503907	0.0
-0.0002979653	-0.06108969	0.0
-0.0002911422	-0.05640457	0.0
-0.0002823864	-0.05103134	0.0
-0.0002684184	-0.04503427	0.0
-0.0002538229	-0.03849431	0.0
-0.0002355121	-0.03148576	0.0
-0.0002147149	-0.02409108	0.0
-0.0001912339	-0.01640689	0.0
-0.00016499	-0.008543597	0.0
-0.0001356982	-0.0005593849	0.0
-0.000104968	0.007425502	0.0
-7.257336e-05	0.01532162	0.0
-3.947854e-05	0.02303047	0.0
-5.199686e-06	0.03046094	0.0
3.006586e-05	0.03750972	0.0
6.576542e-05	0.04411485	0.0
0.0001003518	0.05016633	0.0
0.0001346006	0.05561457	0.0
0.0001686288	0.06037486	0.0
0.0001991859	0.06440776	0.0
0.0002286785	0.0676487	0.0
0.0002543685	0.07007447	0.0
0.0002781101	0.0716412	0.0
0.0002988253	0.07233922	0.0
0.0003170724	0.07215469	0.0
0.0003301981	0.07109462	0.0
0.0003411142	0.06916607	0.0
0.0003473725	0.06639808	0.0
0.0003493679	0.0628207	0.0
0.000349092	0.05847847	0.0
0.0003435458	0.05342341	0.0
0.0003353982	0.04772129	0.0
0.0003239726	0.04143718	0.0
0.0003120845	0.03464269	0.0
0.000294081	0.02742328	0.0
0.000275005	0.01987717	0.0
0.0002534836	0.01208764	0.0
0.0002295451	0.004138156	0.0
0.0002040388	-0.003860357	0.0
0.0001775441	-0.01182575	0.0
0.0001495768	-0.0196358	0.0
0.0001212179	-0.02722074	0.0
9.355758e-05	-0.03447491	0.0
6.474672e-05	-0.04131799	0.0
3.604337e-05	-0.04765866	0.0
6.967348e-06	-0.05342855	0.0
-2.123769e-05	-0.05855685	0.0
-4.824604e-05	-0.06297829	0.0
-7.289826e-05	-0.06663831	0.0
-9.891336e-05	-0.06949563	0.0
-0.0001213032	-0.07150906	0.0
-0.0001426528	-0.07265987	0.0
-0.0001612852	-0.07293184	0.0
-0.0001777823	-0.07232213	0.0
-0.000192244	-0.07083569	0.0
-0.0002034562	-0.0684917	0.0
-0.0002136532	-0.06531892	0.0
-0.000219516	-0.06135471	0.0
-0.0002219313	-0.05665156	0.0
-0.0002222911	-0.05126289	0.0
-0.0002186005	-0.04525229	0.0
-0.0002128103	-0.03869091	0.0
-0.0002016533	-0.03166364	0.0
-0.0001897514	-0.0242446	0.0
-0.0001735571	-0.01654875	0.0
-0.0001554993	-0.008645366	0.0
-0.0001366124	-0.0006376809	0.0
-0.0001122293	0.007379915	0.0
-8.952324e-05	0.01530133	0.0
-6.418319e-05	0.02304873	0.0
-3.613017e-05	0.03049068	0.0
-1.006548e-05	0.03758829	0.0
1.580876e-05	0.04420567	0.0
4.231999e-05	0.05029688	0.0
6.794831e-05	0.05578485	0.0
9.150874e-05	0.0605859	0.0
0.0001114739	0.06465798	0.0
0.0001314175	0.0679447	0.0
0.0001472164	0.07040971	0.0
0.000160128	0.07201914	0.0
0.0001718703	0.07275511	0.0
0.0001780181	0.072609	0.0
0.0001823766	0.0715811	0.0
0.0001817703	0.06968933	0.0
0.0001781978	0.06695252	0.0
0.0001718832	0.06340647	0.0
0.0001622449	0.059087	0.0
0.0001484743	0.05405648	0.0
0.0001333653	0.04836681	0.0
0.0001151055	0.04209191	0.0
9.496626e-05	0.03530592	0.0
7.378448e-05	0.02809187	0.0
5.108907e-05	0.02054162	0.0
2.765802e-05	0.01274475	0.0
2.858607e-06	0.004784607	0.0
-2.258766e-05	-0.003218714	0.0
-4.799196e-05	-0.01118958	0.0
-7.116525e-05	-0.01901675	0.0
-9.668279e-05	-0.02661303	0.0
-0.0001188599	-0.03388978	0.0
-0.0001419372	-0.04075025	0.0
-0.0001643367	-0.04711549	0.0
-0.0001837492	-0.05290818	0.0
-0.0002023929	-0.05804946	0.0
-0.0002200563	-0.06249522	0.0
-0.0002373411	-0.06616245	0.0
-0.0002526343	-0.06903134	0.0
-0.0002650818	-0.07105593	0.0
-0.0002777777	-0.07221652	0.0
-0.0002862462	-0.0724976	0.0
-0.0002955732	-0.07189302	0.0
-0.0003012544	-0.07040999	0.0
-0.0003052935	-0.06807304	0.0
-0.0003060206	-0.06489953	0.0
-0.0003042246	-0.06093474	0.0
-0.0003020121	-0.05622423	0.0
-0.000294968	-0.05082217	0.0
-0.0002868683	-0.04478782	0.0
-0.0002757319	-0.03821515	0.0
-0.0002622338	-0.03120315	0.0
-0.0002445368	-0.02378125	0.0
-0.0002248267	-0.01606926	0.0
-0.0002036244	-0.008153546	0.0
-0.000179726	-0.0001104928	0.0
-0.0001545091	0.007919198	0.0
-0.0001252003	0.01584254	0.0
-9.632736e-05	0.02359142	0.0
-6.718381e-05	0.03106757	0.0
-3.625405e-05	0.03815852	0.0
-4.220354e-06	0.04479282	0.0
2.752501e-05	0.05089264	0.0
5.906047e-05	0.05637773	0.0
8.922477e-05	0.06118647	0.0
0.0001175145	0.06526283	0.0
0.0001453258	0.06854635	0.0
0.0001690944	0.0710108	0.0
0.0001904402	0.07261578	0.0
0.0002092211	0.07334825	0.0
0.0002247139	0.07319929	0.0
0.0002373702	0.07216677	0.0
0.0002479368	0.07026677	0.0
0.0002540493	0.06752138	0.0
0.0002570675	0.06396794	0.0
0.0002555944	0.05964193	0.0
0.0002521766	0.05460581	0.0
0.000246276	0.04891285	0.0
0.0002374451	0.0426302	0.0
0.0002257153	0.03584256	0.0
0.000211189	0.0286256	0.0
0.0001965314	0.02107497	0.0
0.0001791938	0.01328016	0.0
0.0001593138	0.005328544	0.0
0.0001392589	-0.002678139	0.0
0.0001171819	-0.01064367	0.0
9.558136e-05	-0.0184641	0.0
7.361505e-05	-0.02605637	0.0
5.070878e-05	-0.03331458	0.0
2.86407e-05	-0.04016735	0.0
4.483506e-06	-0.04651533	0.0
-1.738106e-05	-0.05229822	0.0
-3.976503e-05	-0.05742457	0.0
-5.873321e-05	-0.06185592	0.0
-8.042089e-05	-0.06551305	0.0
-0.000100477	-0.06836995	0.0
-0.0001188353	-0.0703868	0.0
-0.000136281	-0.07153717	0.0
-0.0001514545	-0.07180535	0.0
-0.0001662198	-0.07118809	0.0
-0.0001777802	-0.06969888	0.0
-0.0001888651	-0.06735145	0.0
-0.0001953478	-0.06417025	0.0
-0.0002015049	-0.06019623	0.0
-0.0002036622	-0.05547908	0.0
-0.0002036207	-0.05007232	0.0
-0.0002011378	-0.04403994	0.0
-0.0001966621	-0.03746254	0.0
-0.0001876321	-0.03042492	0.0
-0.0001762178	-0.02299406	0.0
-0.000163266	-0.01526755	0.0
-0.0001471077	-0.007341404	0.0
-0.0001270573	0.0006910816	0.0
-0.0001088002	0.0087295	0.0
-8.566421e-05	0.01666691	0.0
-6.170254e-05	0.02442837	0.0
-3.536694e-05	0.03191974	0.0
-1.12881e-05	0.03902736	0.0
1.619017e-05	0.04568598	0.0
4.259276e-05	0.05180272	0.0
6.831814e-05	0.05731717	0.0
9.288538e-05	0.06214766	0.0
0.0001163839	0.06624313	0.0
0.0001390433	0.0695573	0.0
0.0001596252	0.07204538	0.0
0.0001757238	0.07368228	0.0
0.0001897869	0.07444693	0.0
0.0002034556	0.07432698	0.0
0.0002110698	0.07332939	0.0
0.0002162063	0.07146467	0.0
0.0002187229	0.06875749	0.0
0.0002198553	0.06523785	0.0
0.0002182468	0.06095054	0.0
0.0002120137	0.05594886	0.0
0.0002052545	0.050293	0.0
0.0001931212	0.04405428	0.0
0.000182791	0.03730471	0.0
0.0001677351	0.03013208	0.0
0.0001520293	0.02261923	0.0
0.0001364204	0.01485949	0.0
0.0001178088	0.006956721	0.0
0.0001000407	-0.001011176	0.0
8.071066e-05	-0.008933013	0.0
6.140323e-05	-0.01672198	0.0
4.067298e-05	-0.02428338	0.0
2.108382e-05	-0.03150207	0.0
1.296315e-06	-0.03832568	0.0
-1.758436e-05	-0.04462623	0.0
-3.484081e-05	-0.0503642	0.0
-5.328454e-05	-0.05545385	0.0
-7.030611e-05	-0.05983549	0.0
-8.540301e-05	-0.06345405	0.0
-0.0001008019	-0.06626674	0.0
-0.0001132412	-0.06823738	0.0
-0.0001249829	-0.06933878	0.0
-0.0001330446	-0.06955916	0.0
-0.0001420401	-0.06889515	0.0
-0.000149126	-0.06734941	0.0
-0.00015269	-0.06493927	0.0
-0.0001554326	-0.06170657	0.0
-0.0001546284	-0.05767232	0.0
-0.0001514816	-0.05289153	0.0
-0.0001475493	-0.04742324	0.0
-0.0001374529	-0.04132992	0.0
-0.0001273815	-0.03468813	0.0
-0.0001138115	-0.02756437	0.0
-9.689944e-05	-0.02005476	0.0
-7.843271e-05	-0.01225028	0.0
-5.660118e-05	-0.004254202	0.0
-3.343571e-05	0.003856036	0.0
-7.759187e-06	0.011988	0.0
1.785268e-05	0.02001056	0.0
4.658822e-05	0.02785486	0.0
7.541334e-05	0.03542646	0.0
0.0001036975	0.04261849	0.0
0.0001336477	0.04935467	0.0
0.0001627358	0.05555546	0.0
0.0001909119	0.06114541	0.0
0.0002176958	0.06605656	0.0
0.0002414206	0.07022947	0.0
0.0002649823	0.07361387	0.0
0.0002836459	0.0761669	0.0
0.0003011048	0.07785891	0.0
0.0003155159	0.07866991	0.0
0.0003244798	0.07858811	0.0
0.0003323955	0.0776114	0.0
0.0003358757	0.07576119	0.0
0.0003357364	0.07304897	0.0
0.000332706	0.06950685	0.0
0.0003233713	0.06517536	0.0
0.0003140173	0.06010836	0.0
0.0002982013	0.05434179	0.0
0.0002818288	0.04797972	0.0
0.0002611605	0.0410681	0.0
0.0002383391	0.03368978	0.0
0.0002157719	0.02593642	0.0
0.0001876129	0.01787821	0.0
0.0001611027	0.009644683	0.0
0.0001322964	0.001282481	0.0
0.0001020803	-0.007098282	0.0
7.300013e-05	-0.01540472	0.0
4.366745e-05	-0.02355811	0.0
1.293138e-05	-0.03143727	0.0
-1.697975e-05	-0.03899897	0.0
-4.580834e-05	-0.04615213	0.0
-7.590076e-05	-0.05281386	0.0
-0.0001027703	-0.05892996	0.0
-0.0001286018	-0.0644381	0.0
-0.0001530867	-0.06928775	0.0
-0.0001778656	-0.07343378	0.0
-0.0001995965	-0.07684559	0.0
-0.0002192472	-0.07949468	0.0
-0.0002378647	-0.08137059	0.0
-0.0002527037	-0.08245985	0.0
-0.0002671144	-0.08277547	0.0
-0.0002792863	-0.08232547	0.0
-0.0002884785	-0.081128	0.0
-0.0002960155	-0.07921696	0.0
-0.0003018461	-0.07663123	0.0
-0.0003047371	-0.07341094	0.0
-0.0003042292	-0.069604	0.0
-0.0003021702	-0.06527117	0.0
-0.0002988299	-0.06047526	0.0
-0.0002928269	-0.05527585	0.0
-0.0002856626	-0.04975727	0.0
-0.0002770594	-0.04397559	0.0
-0.000265081	-0.0380055	0.0
-0.0002516159	-0.03191753	0.0
-0.0002372053	-0.0257857	0.0
-0.0002231229	-0.01967718	0.0
-0.0002070386	-0.0136479	0.0
-0.000190928	-0.007773807	0.0
-0.0001736616	-0.00211093	0.0
-0.0001567798	0.003276392	0.0
-0.000139171	0.00837143	0.0
-0.0001226175	0.01310205	0.0
-0.0001060246	0.01745704	0.0
-9.094268e-05	0.02139989	0.0
-7.605395e-05	0.02491143	0.0
-6.253874e-05	0.02798379	0.0
-5.034341e-05	0.03060677	0.0
-3.903666e-05	0.03278242	0.0
-2.828763e-05	0.03451896	0.0
-1.962258e-05	0.03582583	0.0
-1.168499e-05	0.03672543	0.0
-3.636034e-06	0.03723394	0.0
1.059419e-06	0.03738128	0.0
4.912381e-06	0.03719828	0.0
8.895668e-06	0.0367136	0.0
1.152319e-05	0.03596252	0.0
1.325935e-05	0.03497745	0.0
1.470141e-05	0.03379274	0.0
1.599978e-05	0.03243915	0.0
1.531472e-05	0.03095485	0.0
1.449128e-05	0.02936358	0.0
1.333826e-05	0.02769796	0.0
1.126183e-05	0.02598507	0.0
1.060279e-05	0.02424904	0.0
8.013439e-06	0.02250775	0.0
6.37028e-06	0.02078063	0.0
4.303783e-06	0.01908642	0.0
2.971859e-06	0.01743821	0.0
5.737274e-08	0.01584385	0.0
-1.559515e-06	0.01431295	0.0
-3.829316e-06	0.01285125	0.0
-5.953273e-06	0.01146704	0.0
-8.866657e-06	0.01015894	0.0
-1.014094e-05	0.008930174	0.0
-1.185111e-05	0.007782375	0.0
-1.296242e-05	0.006714203	0.0
-1.55589e-05	0.005723848	0.0
-1.688491e-05	0.004809506	0.0
-1.703997e-05	0.003967916	0.0
-1.706153e-05	0.00319633	0.0
-1.834764e-05	0.002492698	0.0
-1.894266e-05	0.001851773	0.0
-1.895046e-05	0.001271819	0.0
-1.929988e-05	0.0007452141	0.0
-1.941937e-05	0.0002712612	0.0
-1.872882e-05	-0.0001522639	0.0
-1.791535e-05	-0.0005304827	0.0
-1.791458e-05	-0.000866056	0.0
-1.640935e-05	-0.001164037	0.0
-1.68637e-05	-0.001424945	0.0
-1.594241e-05	-0.001652732	0.0
-1.362968e-05	-0.001853188	0.0
-1.235324e-05	-0.002024351	0.0
-1.153952e-05	-0.002170822	0.0
-1.130641e-05	-0.002295747	0.0
-9.918279e-06	-0.002398463	0.0
-9.22373e-06	-0.002484469	0.0
-6.913575e-06	-0.002552361	0.0
-6.099261e-06	-0.002605314	0.0
-5.86921e-06	-0.00264523	0.0
-3.328043e-06	-0.002673475	0.0
-3.210252e-06	-0.002691588	0.0
-1.593307e-06	-0.002699143	0.0
-1.822554e-06	-0.00269696	0.0
-6.679641e-07	-0.002690664	0.0
-3.222208e-07	-0.002674224	0.0
2.102683e-06	-0.002653534	0.0
1.065558e-06	-0.002629132	0.0
1.87297e-06	-0.002600486	0.0
1.527373e-06	-0.002565937	0.0
2.104112e-06	-0.002529885	0.0
3.835507e-06	-0.002492059	0.0
1.989152e-06	-0.002450386	0.0
3.258046e-06	-0.002407906	0.0
3.604716e-06	-0.002364038	0.0
3.143251e-06	-0.002317581	0.0
2.911945e-06	-0.002272078	0.0
3.720162e-06	-0.002225889	0.0
2.79673e-06	-0.002177913	0.0
4.181365e-06	-0.002130349	0.0
3.835692e-06	-0.002082651	0.0
3.604902e-06	-0.00203645	0.0
2.566471e-06	-0.001988471	0.0
2.220087e-06	-0.001942411	0.0
3.489671e-06	-0.00189595	0.0
2.797701e-06	-0.00185058	0.0
1.874825e-06	-0.001804663	0.0
8.361487e-07	-0.001760526	0.0
1.644304e-06	-0.001717624	0.0
7.214634e-07	-0.001674454	0.0
1.414043e-06	-0.001631135	0.0
3.758912e-07	-0.001590825	0.0
-8.931221e-07	-0.001549977	0.0
-3.155467e-07	-0.001511048	0.0
1.462509e-07	-0.001472117	0.0
-1.122923e-06	-0.001434828	0.0
-1.006048e-06	-0.001398909	0.0
-1.980234e-07	-0.001361079	0.0
-4.288592e-07	-0.001326542	0.0
-1.236344e-06	-0.001292134	0.0
-1.812038e-06	-0.001258142	0.0
-1.349711e-06	-0.0012258	0.0
-1.695894e-06	-0.001195234	0.0
-2.040358e-06	-0.001163156	0.0
-1.001559e-06	-0.001133131	0.0
-2.15677e-06	-0.001103931	0.0
-3.078843e-06	-0.001075148	0.0
-4.000301e-06	-0.001047053	0.0
-3.419973e-06	-0.001020588	0.0
-2.845612e-06	-0.0009938562	0.0
-4.230792e-06	-0.000968505	0.0
-4.573981e-06	-0.0009431528	0.0
-4.571846e-06	-0.0009186224	0.0
-3.763319e-06	-0.0008960016	0.0
-4.111815e-06	-0.0008718806	0.0
-4.800752e-06	-0.0008503688	0.0
-4.224096e-06	-0.0008285653	0.0
-5.379247e-06	-0.0008075958	0.0
-5.490758e-06	-0.0007874483	0.0
-5.48953e-06	-0.0007682613	0.0
-5.725266e-06	-0.0007479748	0.0
-7.332629e-06	-0.0007289358	0.0
-5.02142e-06	-0.0007109644	0.0
-5.603134e-06	-0.0006926094	0.0
-5.140241e-06	-0.0006757483	0.0
-6.062277e-06	-0.0006573939	0.0
-5.017764e-06	-0.0006430002	0.0
-4.560569e-06	-0.0006268209	0.0
-5.254789e-06	-0.0006111984	0.0
-5.943084e-06	-0.0005957189	0.0
-5.477016e-06	-0.0005822854	0.0
-5.134817e-06	-0.0005663785	0.0
-6.174272e-06	-0.0005520124	0.0
-6.398481e-06	-0.0005407758	0.0
-5.588945e-06	-0.0005263726	0.0
-5.593675e-06	-0.00051391	0.0
-6.281022e-06	-0.0005017187	0.0
-5.123524e-06	-0.0004899357	0.0
-5.013012e-06	-0.0004793816	0.0
-5.702843e-06	-0.0004674557	0.0
-5.236729e-06	-0.0004555373	0.0
-5.360404e-06	-0.0004458091	0.0
-7.197785e-06	-0.0004341684	0.0
-4.885079e-06	-0.0004242977	0.0
-5.353944e-06	-0.0004149835	0.0
-5.464486e-06	-0.0004058041	0.0
-4.767378e-06	-0.0003964839	0.0
-3.735902e-06	-0.0003867496	0.0
-6.041917e-06	-0.0003773066	0.0
-4.998212e-06	-0.0003689451	0.0
-5.692003e-06	-0.000360178	0.0
-4.879661e-06	-0.0003515421	0.0
-4.884402e-06	-0.0003431852	0.0
-6.03586e-06	-0.0003357924	0.0
-5.685838e-06	-0.0003281187	0.0
-5.454382e-06	-0.0003205827	0.0
-5.341034e-06	-0.0003130501	0.0
-6.724318e-06	-0.0003067583	0.0
-6.374033e-06	-0.0003001787	0.0
-6.028247e-06	-0.0002936006	0.0
-5.794329e-06	-0.0002872951	0.0
-4.873022e-06	-0.0002801661	0.0
-6.258572e-06	-0.000274422	0.0
-6.253745e-06	-0.0002688052	0.0
-5.908295e-06	-0.0002634619	0.0
-6.484608e-06	-0.0002581202	0.0
-6.366576e-06	-0.0002512708	0.0
-6.020196e-06	-0.0002460652	0.0
-6.018343e-06	-0.0002396271	0.0
-5.442234e-06	-0.0002346955	0.0
-7.171383e-06	-0.0002307316	0.0
-6.015618e-06	-0.0002241463	0.0
-7.170644e-06	-0.0002196344	0.0
-6.819162e-06	-0.0002149734	0.0
-5.205131e-06	-0.000210446	0.0
-6.59072e-06	-0.0002064815	0.0
-6.702596e-06	-0.0002025101	0.0
-6.240666e-06	-0.0001983987	0.0
-6.354775e-06	-0.0001940155	0.0
-5.661095e-06	-0.0001896296	0.0
-5.661244e-06	-0.0001852462	0.0
-6.468148e-06	-0.0001814163	0.0
-6.349715e-06	-0.0001788131	0.0
-5.310864e-06	-0.0001744225	0.0
-6.120682e-06	-0.0001704541	0.0
-7.154918e-06	-0.0001660778	0.0
-5.768426e-06	-0.0001637449	0.0
-6.116434e-06	-0.0001603191	0.0
-6.343761e-06	-0.0001556655	0.0
-5.188735e-06	-0.0001537464	0.0
-5.189057e-06	-0.0001514175	0.0
-5.187569e-06	-0.0001482678	0.0
-5.187138e-06	-0.000145254	0.0
-5.879811e-06	-0.0001419719	0.0
-6.56852e-06	-0.0001396482	0.0
-5.182392e-06	-0.0001362172	0.0
-5.761561e-06	-0.000133756	0.0
-6.912951e-06	-0.0001302015	0.0
-6.449265e-06	-0.0001278728	0.0
-6.101889e-06	-0.0001254075	0.0
-5.525265e-06	-0.0001234876	0.0
-6.562119e-06	-0.0001197947	0.0
-5.638221e-06	-0.0001177378	0.0
-7.254614e-06	-0.0001156946	0.0
-7.017658e-06	-0.0001144618	0.0
-4.71019e-06	-0.0001118469	0.0
-5.404246e-06	-0.00010966	0.0
-5.17036e-06	-0.0001070593	0.0
-5.17156e-06	-0.0001059652	0.0
-6.324135e-06	-0.0001030954	0.0
-6.206546e-06	-0.0001020025	0.0
-6.089039e-06	-9.953447e-05	0.0
-5.282298e-06	-9.63823e-05	0.0
-6.550159e-06	-9.516141e-05	0.0
-5.161124e-06	-9.447001e-05	0.0
-4.470435e-06	-9.200041e-05	0.0
-4.585301e-06	-8.981498e-05	0.0
-4.815137e-06	-8.95427e-05	0.0
-5.044587e-06	-8.598293e-05	0.0
-5.159406e-06	-8.530343e-05	0.0
-5.734918e-06	-8.35264e-05	0.0
-5.734719e-06	-8.174709e-05	0.0
-7.118198e-06	-7.956565e-05	0.0
-6.423194e-06	-7.887986e-05	0.0
-5.961739e-06	-7.723521e-05	0.0
-6.306333e-06	-7.641845e-05	0.0
-5.497709e-06	-7.545745e-05	0.0
-6.073938e-06	-7.354423e-05	0.0
-6.07286e-06	-7.108106e-05	0.0
-6.648687e-06	-7.163587e-05	0.0
-4.91674e-06	-6.943708e-05	0.0
-5.954132e-06	-6.738908e-05	0.0
-5.72284e-06	-6.615729e-05	0.0
-4.451936e-06	-6.601752e-05	0.0
-5.604908e-06	-6.506692e-05	0.0
-4.680763e-06	-6.314649e-05	0.0
-5.718071e-06	-6.27433e-05	0.0
-5.025442e-06	-6.068761e-05	0.0
-4.677663e-06	-5.972919e-05	0.0
-4.331318e-06	-5.86347e-05	0.0
-3.405961e-06	-5.767552e-05	0.0
-4.442964e-06	-5.631165e-05	0.0
-4.442236e-06	-5.549131e-05	0.0
-5.249369e-06	-5.481354e-05	0.0
-4.55648e-06	-5.28944e-05	0.0
-4.785505e-06	-5.262298e-05	0.0
-4.900065e-06	-5.194322e-05	0.0
-5.014578e-06	-4.934237e-05	0.0
-4.897999e-06	-4.824728e-05	0.0
-5.127881e-06	-4.756533e-05	0.0
-5.011148e-06	-4.784235e-05	0.0
-5.702359e-06	-4.661664e-05	0.0
-5.471501e-06	-4.552066e-05	0.0
-5.239034e-06	-4.52494e-05	0.0
-5.238788e-06	-4.374442e-05	0.0
-4.659658e-06	-4.374455e-05	0.0
-5.581831e-06	-4.265582e-05	0.0
-5.004829e-06	-4.224483e-05	0.0
-5.003231e-06	-4.142471e-05	0.0
-4.656521e-06	-4.170167e-05	0.0
-4.654008e-06	-3.992454e-05	0.0
-5.000834e-06	-3.937835e-05	0.0
-4.191635e-06	-3.883117e-05	0.0
-4.536676e-06	-3.760354e-05	0.0
-3.843611e-06	-3.636753e-05	0.0
-4.416535e-06	-3.678425e-05	0.0
-4.879438e-06	-3.569486e-05	0.0
-4.648216e-06	-3.528408e-05	0.0
-4.417477e-06	-3.460194e-05	0.0
-4.066195e-06	-3.405411e-05	0.0
-5.222681e-06	-3.392477e-05	0.0
-3.492649e-06	-3.351115e-05	0.0
-3.947983e-06	-3.296693e-05	0.0
-4.293024e-06	-3.242543e-05	0.0
-5.331355e-06	-3.092454e-05	0.0
-5.216197e-06	-3.078652e-05	0.0
-5.104317e-06	-3.024728e-05	0.0
-3.481451e-06	-2.818335e-05	0.0
-5.557407e-06	-2.888239e-05	0.0
-3.948185e-06	-2.668387e-05	0.0
-3.939865e-06	-2.805531e-05	0.0
-4.285881e-06	-2.655584e-05	0.0
-4.859335e-06	-2.710492e-05	0.0
-5.669653e-06	-2.616162e-05	0.0
-4.750594e-06	-2.477951e-05	0.0
-3.59372e-06	-2.656081e-05	0.0
-3.356129e-06	-2.533632e-05	0.0
-4.50728e-06	-2.520115e-05	0.0
-4.972439e-06	-2.479993e-05	0.0
-4.626858e-06	-2.356802e-05	0.0
-4.392651e-06	-2.34246e-05	0.0
-4.281288e-06	-2.425575e-05	0.0
-3.008222e-06	-2.28868e-05	0.0
-3.46586e-06	-2.288616e-05	0.0
-2.89203e-06	-2.24802e-05	0.0
-2.884051e-06	-2.193349e-05	0.0
-3.693569e-06	-2.153032e-05	0.0
-3.461137e-06	-2.043561e-05	0.0
-4.381407e-06	-2.016534e-05	0.0
-4.157776e-06	-1.975645e-05	0.0
-3.003652e-06	-1.975428e-05	0.0
-2.192407e-06	-1.975575e-05	0.0
-2.182137e-06	-1.949015e-05	0.0
-3.910267e-06	-1.799288e-05	0.0
-4.265732e-06	-1.757249e-05	0.0
-3.345592e-06	-1.894784e-05	0.0
-2.528847e-06	-1.772355e-05	0.0
-3.221843e-06	-1.730866e-05	0.0
-2.414159e-06	-1.772009e-05	0.0
-3.21337e-06	-1.75957e-05	0.0
-3.569846e-06	-1.636183e-05	0.0
-2.519705e-06	-1.691039e-05	0.0
-4.829198e-06	-1.555663e-05	0.0
-3.221281e-06	-1.513167e-05	0.0
-3.786355e-06	-1.59646e-05	0.0
-3.794911e-06	-1.487072e-05	0.0
-3.207108e-06	-1.528584e-05	0.0
-4.94122e-06	-1.351302e-05	0.0
-3.55987e-06	-1.419098e-05	0.0
-4.130856e-06	-1.365122e-05	0.0
-3.442468e-06	-1.392375e-05	0.0
-3.092268e-06	-1.324838e-05	0.0
-2.975064e-06	-1.200778e-05	0.0
-2.975617e-06	-1.379134e-05	0.0
-2.739941e-06	-1.311661e-05	0.0
-3.434982e-06	-1.284695e-05	0.0
-2.396217e-06	-1.2021e-05	0.0
-2.966944e-06	-1.298341e-05	0.0
-3.084137e-06	-1.230939e-05	0.0
-3.427085e-06	-1.135123e-05	0.0
-3.889401e-06	-1.121422e-05	0.0
-3.660494e-06	-1.135992e-05	0.0
-3.197122e-06	-9.717213e-06	0.0
-3.193032e-06	-1.039059e-05	0.0
-3.539894e-06	-1.232446e-05	0.0
-3.07979e-06	-1.068584e-05	0.0
-2.844254e-06	-1.068642e-05	0.0
-3.190658e-06	-9.453897e-06	0.0
-2.843421e-06	-1.068747e-05	0.0
-3.644313e-06	-1.01486e-05	0.0
-4.690505e-06	-1.015549e-05	0.0
-2.72804e-06	-9.193457e-06	0.0
-3.41342e-06	-9.195454e-06	0.0
-3.072998e-06	-8.656338e-06	0.0
-2.144256e-06	-7.00454e-06	0.0
-3.06429e-06	-9.198794e-06	0.0
-3.066594e-06	-9.074016e-06	0.0
-2.94959e-06	-8.11703e-06	0.0
-2.833233e-06	-7.29563e-06	0.0
-3.060331e-06	-7.705467e-06	0.0
-4.099131e-06	-9.086646e-06	0.0
-3.639766e-06	-7.856836e-06	0.0
-3.059908e-06	-7.85577e-06	0.0
-3.059438e-06	-7.449039e-06	0.0
-2.251683e-06	-7.039172e-06	0.0
-2.016466e-06	-6.356396e-06	0.0
-3.053715e-06	-6.223081e-06	0.0
-2.941154e-06	-6.500586e-06	0.0
-1.668687e-06	-6.363709e-06	0.0
-2.590072e-06	-6.780173e-06	0.0
-2.243728e-06	-5.961693e-06	0.0
-2.703492e-06	-5.141173e-06	0.0
-2.818992e-06	-6.789593e-06	0.0
-2.124515e-06	-6.244001e-06	0.0
-3.85388e-06	-6.251018e-06	0.0
-3.624185e-06	-6.527459e-06	0.0
-2.468193e-06	-6.938977e-06	0.0
-2.928651e-06	-6.53243e-06	0.0
-2.465913e-06	-5.711724e-06	0.0
-3.157418e-06	-6.127724e-06	0.0
-2.233153e-06	-5.991622e-06	0.0
-2.809074e-06	-5.447687e-06	0.0
-1.192472e-06	-4.351428e-06	0.0
-2.576677e-06	-5.453745e-06	0.0
-2.228617e-06	-4.769825e-06	0.0
-1.881297e-06	-4.362193e-06	0.0
-1.072731e-06	-5.049279e-06	0.0
-1.534317e-06	-4.367282e-06	0.0
-2.340826e-06	-4.784114e-06	0.0
-2.454539e-06	-5.060655e-06	0.0
-2.453894e-06	-4.515105e-06	0.0
-2.683224e-06	-4.24519e-06	0.0
-2.104446e-06	-4.247288e-06	0.0
-1.758606e-06	-4.524988e-06	0.0
-2.218405e-06	-4.800308e-06	0.0
-1.640651e-06	-3.434072e-06	0.0
-2.333e-06	-4.807851e-06	0.0
-2.214952e-06	-2.891199e-06	0.0
-2.447478e-06	-4.26888e-06	0.0
-3.251155e-06	-3.99822e-06	0.0
-1.980181e-06	-4.820759e-06	0.0
-2.559851e-06	-3.725043e-06	0.0
-2.785386e-06	-2.908793e-06	0.0
-1.747361e-06	-2.772355e-06	0.0
-2.673095e-06	-2.229752e-06	0.0
-3.013458e-06	-2.646922e-06	0.0
-2.088524e-06	-2.782609e-06	0.0
-1.625927e-06	-2.512306e-06	0.0
-1.284518e-06	-3.202807e-06	0.0
-2.897713e-06	-3.339253e-06	0.0
-1.966608e-06	-1.971913e-06	0.0
-1.510053e-06	-2.663527e-06	0.0
-2.085316e-06	-2.526566e-06	0.0
-1.619335e-06	-2.394695e-06	0.0
-1.509207e-06	-2.808064e-06	0.0
-2.542555e-06	-2.537914e-06	0.0
-1.385117e-06	-2.539013e-06	0.0
-1.384624e-06	-2.130073e-06	0.0
-3.466106e-07	-1.997005e-06	0.0
-1.274213e-06	-2.000467e-06	0.0
-1.614541e-06	-2.283537e-06	0.0
-1.380711e-06	-3.376903e-06	0.0
-1.153625e-06	-1.865785e-06	0.0
-1.958737e-06	-1.467912e-06	0.0
-1.611475e-06	-2.01894e-06	0.0
-2.53755e-06	-2.020222e-06	0.0
-2.643436e-06	-1.612025e-06	0.0
-1.720017e-06	-1.618565e-06	0.0
-1.722544e-06	-2.722966e-06	0.0
-1.486586e-06	-3.26013e-06	0.0
-1.145988e-06	-1.76037e-06	0.0
-2.067186e-06	-2.864708e-06	0.0
-1.716974e-06	-1.75873e-06	0.0
-1.710311e-06	-1.365301e-06	0.0
-3.270457e-07	-2.463443e-06	0.0
-1.029455e-06	-2.321966e-06	0.0
-1.248937e-06	-1.911906e-06	0.0
-7.88644e-07	-1.373167e-06	0.0
-1.138209e-06	-1.642253e-06	0.0
-1.246728e-06	-7.027509e-07	0.0
-9.004769e-07	-3.032276e-06	0.0
-1.254426e-06	-1.508905e-06	0.0
-2.057304e-06	-1.811745e-06	0.0
-1.459194e-06	-2.48252e-06	0.0
-9.486186e-08	-9.671819e-07	0.0
-1.828139e-06	-4.428026e-07	0.0
-1.118773e-06	-9.882007e-07	0.0
-1.244497e-06	-5.848586e-07	0.0
-1.354919e-06	-1.831826e-06	0.0
-1.354343e-06	-2.227737e-06	0.0
-1.471018e-06	-1.404657e-06	0.0
-1.460206e-06	-1.003868e-06	0.0
-7.762126e-07	-1.150521e-06	0.0
-1.583392e-06	-1.557957e-06	0.0
-1.116494e-06	-1.153903e-06	0.0
-1.462874e-06	-1.842982e-06	0.0
-9.989618e-07	-1.286152e-06	0.0
-1.348727e-06	-1.168241e-06	0.0
-1.227281e-06	-1.993237e-06	0.0
-1.109056e-06	-1.559688e-06	0.0
-6.449785e-07	-2.09606e-07	0.0
-5.36178e-07	-1.466084e-06	0.0
-7.641684e-07	-1.852521e-06	0.0
-7.670474e-07	-7.571979e-07	0.0
-8.628978e-07	-6.379794e-07	0.0
6.316835e-07	-1.057665e-06	0.0
-4.393885e-07	-1.600939e-06	0.0
-1.562875e-06	-1.185477e-06	0.0
-5.167762e-07	-6.340363e-07	0.0
-6.43734e-07	-1.128208e-07	0.0
-6.438282e-07	-1.626278e-06	0.0
-9.824995e-07	-1.331902e-06	0.0
-5.227236e-07	-1.071974e-06	0.0
-1.106026e-06	-1.06675e-06	0.0
-9.725226e-07	-3.877793e-07	0.0
-5.218189e-07	-8.180369e-07	0.0
-7.380218e-07	-1.215838e-06	0.0
4.094381e-07	-6.746076e-07	0.0
-4.108798e-07	-1.090841e-06	0.0
-4.017604e-07	-1.108351e-06	0.0
-7.442748e-07	-1.895833e-06	0.0
-3.978706e-07	4.131651e-07	0.0
-8.64898e-07	-1.680706e-06	0.0
-9.749915e-07	-1.352526e-06	0.0
-1.204181e-06	-1.507134e-07	0.0
-7.184091e-07	-1.266108e-06	0.0
5.342084e-07	-1.380033e-06	0.0
-4.783647e-08	-6.975795e-07	0.0
1.765458e-07	-5.777305e-07	0.0
-1.092255e-06	-9.909335e-07	0.0
-6.062482e-07	-8.484329e-07	0.0
9.088441e-08	-8.66086e-07	0.0
8.788842e-07	-1.690332e-06	0.0
-5.309532e-07	-1.252019e-06	0.0
-1.654134e-06	-4.246936e-08	0.0
-1.070796e-06	-5.93277e-07	0.0
-1.308012e-06	3.71672e-07	0.0
-9.465656e-07	2.143166e-07	0.0
-2.583647e-07	-2.040074e-07	0.0
-2.586157e-08	-8.843605e-07	0.0
1.864745e-07	-4.638012e-07	0.0
-1.078083e-06	-6.227626e-08	0.0
-4.76566e-07	-7.343152e-08	0.0
2.129042e-07	-2.002738e-07	0.0
7.829618e-07	6.145243e-07	0.0
6.649943e-07	4.534615e-08	0.0
6.611985e-07	-3.517402e-07	0.0
-1.569457e-07	3.394087e-07	0.0
-5.888344e-07	7.339812e-07	0.0
3.171091e-07	4.544852e-07	0.0
-7.06931e-07	7.422369e-07	0.0
7.906584e-07	1.694214e-06	0.0
-3.711511e-07	1.388799e-06	0.0
6.885093e-07	1.387095e-08	0.0
6.749586e-07	-3.73878e-07	0.0
9.045355e-07	4.53315e-07	0.0
5.643598e-07	6.997378e-07	0.0
1.50959e-06	-5.565097e-07	0.0
