#Bx [T], By [T], Bz [T] on 3D mesh: inmost loop vs X (horizontal transverse position), outmost loop vs Z (longitudinal position)
#0.0 #initial X position [m]
#0.0 #step of X [m]
#1 #number of points vs X
#0.0 #initial Y position [m]
#0.0 #step of Y [m]
#1 #number of points vs Y
#-1.1855 #initial Z position [m]
#0.001 #step of Z [m]
#2371 #number of points vs Z
-7.478604e-07	-1.003534e-06	0.0
-1.693026e-07	-5.960001e-07	0.0
-6.294163e-07	-4.629602e-07	0.0
1.798462e-07	9.042051e-07	0.0
4.122585e-07	2.1526e-07	0.0
6.790283e-08	-2.000586e-07	0.0
-1.431058e-06	4.814237e-07	0.0
-1.604215e-07	-8.927718e-07	0.0
7.206121e-08	-7.453322e-08	0.0
6.506424e-07	-7.797902e-08	0.0
7.582874e-08	-2.184592e-07	0.0
-2.69714e-07	-7.713427e-07	0.0
5.39008e-07	1.845576e-07	0.0
8.875775e-07	-5.042644e-07	0.0
3.148791e-07	3.126638e-07	0.0
-1.186902e-06	4.485128e-07	0.0
4.294215e-07	-3.790983e-07	0.0
-2.911731e-08	5.767878e-07	0.0
5.486176e-07	-1.119145e-07	0.0
9.007876e-08	5.687319e-07	0.0
-2.495893e-08	1.555525e-07	0.0
9.146046e-08	1.495748e-07	0.0
3.247072e-07	6.944152e-07	0.0
9.471074e-08	2.833812e-07	0.0
3.290855e-07	-8.203598e-07	0.0
-8.231075e-07	-1.382383e-07	0.0
-4.794617e-07	-8.299397e-07	0.0
-1.287181e-07	8.126746e-07	0.0
-4.751774e-07	-8.308378e-07	0.0
5.628039e-07	-8.424815e-07	0.0
5.715507e-07	2.511486e-07	0.0
-8.14532e-07	3.87488e-07	0.0
-1.236832e-07	1.104108e-07	0.0
-4.644193e-07	-3.376708e-08	0.0
-8.096212e-07	3.783296e-07	0.0
-8.138722e-07	-8.615903e-07	0.0
6.891621e-07	2.27994e-07	0.0
2.352417e-07	-4.609237e-08	0.0
-2.269519e-07	2.223447e-07	0.0
-4.566076e-07	-3.224818e-07	0.0
-4.570625e-07	-1.433265e-06	0.0
-3.3606e-07	8.909916e-07	0.0
-1.259922e-06	2.151844e-07	0.0
-6.827746e-07	-8.925197e-07	0.0
-1.027483e-06	-2.12088e-07	0.0
-4.472799e-07	-4.891111e-07	0.0
-1.140179e-06	-8.004452e-08	0.0
2.415273e-07	-9.066157e-07	0.0
2.536824e-07	-4.987403e-07	0.0
-5.600393e-07	-1.326466e-06	0.0
9.412908e-07	-5.080159e-07	0.0
2.574647e-07	-1.332388e-06	0.0
-8.98643e-08	-6.55666e-07	0.0
-7.770044e-07	-2.480163e-07	0.0
-1.247295e-06	3.018056e-07	0.0
6.017902e-07	-6.641267e-07	0.0
-1.943385e-07	2.918929e-07	0.0
-7.758744e-07	-9.396598e-07	0.0
-2.041918e-07	-9.527114e-07	0.0
1.185505e-06	-2.696216e-07	0.0
8.484124e-07	-1.359027e-07	0.0
6.104364e-07	3.023601e-09	0.0
1.54252e-06	-1.101051e-06	0.0
4.33353e-08	-1.53005e-08	0.0
1.189941e-06	2.656839e-07	0.0
9.749871e-07	-6.990248e-07	0.0
-1.859493e-07	-7.032108e-07	0.0
5.120328e-07	-1.258902e-06	0.0
-7.621349e-07	-3.045686e-07	0.0
1.31453e-06	-7.13306e-07	0.0
1.739006e-07	-8.592379e-07	0.0
3.948546e-07	-7.210593e-07	0.0
6.350467e-07	-1.414515e-06	0.0
5.44157e-08	-1.92551e-07	0.0
1.092409e-06	3.648166e-07	0.0
7.568316e-07	-7.363458e-07	0.0
1.773288e-07	-2.008826e-07	0.0
1.795062e-07	8.142705e-08	0.0
-3.945201e-07	-1.296163e-06	0.0
-1.727082e-07	-6.218013e-07	0.0
7.64311e-07	-4.854813e-07	0.0
-9.665068e-07	5.607571e-08	0.0
2.910501e-07	6.335046e-08	0.0
4.240164e-07	-1.177858e-06	0.0
-6.145575e-07	-7.749944e-07	0.0
-6.202777e-07	-1.18599e-06	0.0
-2.719899e-07	-1.058017e-06	0.0
7.331267e-08	-6.510469e-07	0.0
3.176182e-07	-5.103875e-07	0.0
-1.185656e-06	-1.070929e-06	0.0
-2.694616e-07	2.564794e-08	0.0
-2.650981e-07	-1.335528e-06	0.0
3.191829e-07	-2.037996e-06	0.0
-8.31071e-07	-1.634519e-06	0.0
-2.666393e-07	-1.092947e-06	0.0
4.316953e-07	-2.701153e-07	0.0
4.454957e-07	-4.06648e-07	0.0
-3.723158e-07	-4.086777e-07	0.0
8.963588e-07	-8.273634e-07	0.0
-2.212919e-09	-5.519993e-07	0.0
-1.170435e-06	-1.38223e-06	0.0
-3.738889e-07	-4.365252e-07	0.0
2.170203e-07	-5.547717e-07	0.0
-2.399674e-07	-1.404561e-06	0.0
-3.562272e-07	1.195082e-07	0.0
-4.748258e-07	-2.490896e-06	0.0
-8.747096e-09	-5.975101e-07	0.0
-6.878604e-07	-1.527933e-06	0.0
-1.277306e-06	-1.839531e-06	0.0
-4.751649e-07	-4.517601e-07	0.0
-4.515047e-07	-1.838609e-06	0.0
-1.504616e-06	4.844116e-07	0.0
-1.245555e-07	-1.000097e-06	0.0
-5.658423e-07	-8.900823e-07	0.0
-9.166262e-07	-7.502094e-07	0.0
-1.14855e-06	-8.848185e-07	0.0
-6.9762e-07	-1.708577e-06	0.0
2.364495e-07	-1.732422e-06	0.0
-5.490672e-07	-3.684633e-07	0.0
-1.714422e-06	-3.419765e-07	0.0
-1.268252e-06	-1.99413e-06	0.0
-5.6645e-07	-1.880172e-06	0.0
-5.61652e-07	-1.472738e-06	0.0
-4.42412e-07	-1.188476e-06	0.0
-1.007707e-06	-2.153154e-06	0.0
-1.708973e-06	-2.022633e-06	0.0
-1.255398e-06	-2.580938e-06	0.0
-1.012527e-06	-1.760554e-06	0.0
-1.24646e-06	-2.709193e-06	0.0
-7.837544e-07	-3.002682e-06	0.0
-1.118144e-06	-2.733859e-06	0.0
-1.359188e-06	-2.201703e-06	0.0
-8.922749e-07	-1.091857e-06	0.0
-1.347065e-06	-2.181165e-06	0.0
-1.350399e-06	-2.330805e-06	0.0
-1.243605e-06	-2.751315e-06	0.0
-3.115564e-07	-2.072086e-06	0.0
-8.78508e-07	-2.34081e-06	0.0
-1.100266e-06	-2.350488e-06	0.0
-2.268019e-06	-2.484082e-06	0.0
-1.003787e-06	-3.038875e-06	0.0
-1.784614e-06	-2.911123e-06	0.0
-2.377068e-06	-2.914512e-06	0.0
-2.035021e-06	-2.778908e-06	0.0
-1.577121e-06	-3.316565e-06	0.0
-9.822519e-07	-3.896713e-06	0.0
-1.904516e-06	-2.251466e-06	0.0
-1.448368e-06	-3.058523e-06	0.0
-2.012087e-06	-3.068508e-06	0.0
-2.250075e-06	-3.760384e-06	0.0
-2.140531e-06	-3.222796e-06	0.0
-1.66974e-06	-3.489272e-06	0.0
-1.907469e-06	-3.505664e-06	0.0
-9.756087e-07	-2.958182e-06	0.0
-1.778437e-06	-3.35395e-06	0.0
-1.203498e-06	-4.199852e-06	0.0
-2.221236e-06	-3.375198e-06	0.0
-2.597005e-06	-4.472343e-06	0.0
-1.213242e-06	-3.539795e-06	0.0
-1.408006e-06	-3.108227e-06	0.0
-2.693432e-06	-3.929973e-06	0.0
-1.561e-06	-4.090592e-06	0.0
-9.556709e-07	-3.791332e-06	0.0
-1.760296e-06	-5.600496e-06	0.0
-1.765534e-06	-3.428307e-06	0.0
-1.774545e-06	-3.9467e-06	0.0
-7.304523e-07	-4.362766e-06	0.0
-1.287673e-06	-5.07387e-06	0.0
-1.757024e-06	-3.696252e-06	0.0
-1.872368e-06	-5.196443e-06	0.0
-1.986653e-06	-4.538169e-06	0.0
-2.097343e-06	-4.660621e-06	0.0
-2.22358e-06	-4.945916e-06	0.0
-1.409146e-06	-4.813633e-06	0.0
-1.862961e-06	-4.948057e-06	0.0
-1.522935e-06	-5.493835e-06	0.0
-1.629146e-06	-5.926623e-06	0.0
-1.523833e-06	-5.367499e-06	0.0
-9.378951e-07	-6.609697e-06	0.0
-1.72085e-06	-5.534218e-06	0.0
-2.892551e-06	-5.787432e-06	0.0
-2.103537e-06	-6.085355e-06	0.0
-1.397129e-06	-5.390427e-06	0.0
-1.497923e-06	-6.223576e-06	0.0
-2.297589e-06	-5.525802e-06	0.0
-2.779527e-06	-7.459492e-06	0.0
-1.966186e-06	-5.964832e-06	0.0
-2.532292e-06	-7.058956e-06	0.0
-2.312348e-06	-5.828988e-06	0.0
-2.298783e-06	-7.461581e-06	0.0
-2.871517e-06	-6.814632e-06	0.0
-3.331713e-06	-6.387967e-06	0.0
-3.57949e-06	-6.664967e-06	0.0
-2.537184e-06	-6.671827e-06	0.0
-2.868507e-06	-6.673981e-06	0.0
-2.870701e-06	-6.811878e-06	0.0
-3.10454e-06	-7.090543e-06	0.0
-2.860952e-06	-7.232044e-06	0.0
-3.680737e-06	-7.507156e-06	0.0
-2.524895e-06	-7.660703e-06	0.0
-3.212011e-06	-7.10431e-06	0.0
-2.178813e-06	-8.326379e-06	0.0
-2.738408e-06	-8.764325e-06	0.0
-2.412308e-06	-8.359792e-06	0.0
-1.707768e-06	-8.348463e-06	0.0
-2.151946e-06	-8.78039e-06	0.0
-2.631662e-06	-8.078135e-06	0.0
-2.037651e-06	-9.870235e-06	0.0
-3.642827e-06	-8.788019e-06	0.0
-3.332463e-06	-9.880569e-06	0.0
-2.384033e-06	-8.804604e-06	0.0
-3.307989e-06	-9.189845e-06	0.0
-2.726152e-06	-1.029616e-05	0.0
-3.991824e-06	-1.058555e-05	0.0
-3.202198e-06	-1.059122e-05	0.0
-3.291781e-06	-1.006088e-05	0.0
-4.106302e-06	-9.087874e-06	0.0
-3.76818e-06	-1.030941e-05	0.0
-3.534392e-06	-1.087521e-05	0.0
-3.293236e-06	-1.102261e-05	0.0
-3.982516e-06	-1.06154e-05	0.0
-3.874875e-06	-1.075253e-05	0.0
-3.534661e-06	-1.088513e-05	0.0
-2.824633e-06	-1.158654e-05	0.0
-3.863548e-06	-1.10258e-05	0.0
-3.176495e-06	-1.321983e-05	0.0
-3.632073e-06	-1.243554e-05	0.0
-3.391904e-06	-1.186824e-05	0.0
-4.66586e-06	-1.255773e-05	0.0
-3.527105e-06	-1.256591e-05	0.0
-3.280449e-06	-1.283712e-05	0.0
-3.608375e-06	-1.312464e-05	0.0
-5.011933e-06	-1.28467e-05	0.0
-3.069336e-06	-1.367985e-05	0.0
-2.9082e-06	-1.258771e-05	0.0
-4.542769e-06	-1.327298e-05	0.0
-3.164553e-06	-1.299185e-05	0.0
-3.728297e-06	-1.464879e-05	0.0
-3.268552e-06	-1.35625e-05	0.0
-3.843049e-06	-1.451789e-05	0.0
-3.26824e-06	-1.397894e-05	0.0
-3.719434e-06	-1.479545e-05	0.0
-3.951393e-06	-1.481426e-05	0.0
-4.075609e-06	-1.453463e-05	0.0
-2.924902e-06	-1.535366e-05	0.0
-3.121651e-06	-1.577594e-05	0.0
-5.093634e-06	-1.618629e-05	0.0
-4.195173e-06	-1.715145e-05	0.0
-3.259752e-06	-1.689834e-05	0.0
-3.019007e-06	-1.606687e-05	0.0
-3.584925e-06	-1.701931e-05	0.0
-4.288929e-06	-1.771315e-05	0.0
-3.708244e-06	-1.827582e-05	0.0
-4.618427e-06	-1.759508e-05	0.0
-4.866333e-06	-1.800688e-05	0.0
-4.277974e-06	-1.78673e-05	0.0
-4.973612e-06	-1.896969e-05	0.0
-4.051153e-06	-1.896756e-05	0.0
-4.507212e-06	-2.021864e-05	0.0
-3.483369e-06	-1.871951e-05	0.0
-2.770391e-06	-1.965632e-05	0.0
-3.237015e-06	-2.036408e-05	0.0
-2.534543e-06	-2.022131e-05	0.0
-4.025748e-06	-2.145911e-05	0.0
-3.702645e-06	-2.147079e-05	0.0
-2.884181e-06	-2.175022e-05	0.0
-3.216843e-06	-2.133919e-05	0.0
-4.134417e-06	-2.229365e-05	0.0
-4.952053e-06	-2.285618e-05	0.0
-4.496233e-06	-2.286667e-05	0.0
-4.483797e-06	-2.298351e-05	0.0
-4.946812e-06	-2.519139e-05	0.0
-5.055339e-06	-2.45212e-05	0.0
-5.645583e-06	-2.534508e-05	0.0
-4.14738e-06	-2.479448e-05	0.0
-4.36231e-06	-2.616824e-05	0.0
-4.247513e-06	-2.549752e-05	0.0
-4.816791e-06	-2.617136e-05	0.0
-5.055813e-06	-2.686477e-05	0.0
-4.597327e-06	-2.768618e-05	0.0
-4.353714e-06	-2.851931e-05	0.0
-5.04297e-06	-2.852848e-05	0.0
-4.82761e-06	-2.90662e-05	0.0
-4.008592e-06	-3.030789e-05	0.0
-4.465192e-06	-3.019266e-05	0.0
-4.122805e-06	-2.990329e-05	0.0
-4.454539e-06	-3.141218e-05	0.0
-5.264488e-06	-3.170161e-05	0.0
-5.273017e-06	-3.23845e-05	0.0
-5.146748e-06	-3.28093e-05	0.0
-5.840199e-06	-3.280588e-05	0.0
-5.387941e-06	-3.377326e-05	0.0
-4.921463e-06	-3.349965e-05	0.0
-5.016851e-06	-3.512972e-05	0.0
-5.854053e-06	-3.639067e-05	0.0
-3.302828e-06	-3.611702e-05	0.0
-5.014889e-06	-3.706979e-05	0.0
-4.222034e-06	-3.804005e-05	0.0
-4.790395e-06	-3.858787e-05	0.0
-4.438006e-06	-3.982832e-05	0.0
-5.932055e-06	-3.957921e-05	0.0
-5.717752e-06	-3.928288e-05	0.0
-5.365387e-06	-4.161392e-05	0.0
-5.356781e-06	-4.190796e-05	0.0
-5.934568e-06	-4.285611e-05	0.0
-5.483989e-06	-4.410913e-05	0.0
-4.891599e-06	-4.343134e-05	0.0
-5.811066e-06	-4.384062e-05	0.0
-5.700593e-06	-4.437671e-05	0.0
-5.817758e-06	-4.672018e-05	0.0
-5.010822e-06	-4.632043e-05	0.0
-5.000771e-06	-4.754903e-05	0.0
-5.11642e-06	-4.809631e-05	0.0
-5.227955e-06	-5.002725e-05	0.0
-5.573157e-06	-4.962404e-05	0.0
-5.687206e-06	-5.139453e-05	0.0
-5.807121e-06	-5.224139e-05	0.0
-5.337141e-06	-5.249857e-05	0.0
-6.144116e-06	-5.511411e-05	0.0
-5.90846e-06	-5.472359e-05	0.0
-6.616179e-06	-5.526473e-05	0.0
-4.63889e-06	-5.595003e-05	0.0
-6.938414e-06	-5.705145e-05	0.0
-5.350658e-06	-5.828372e-05	0.0
-4.972872e-06	-5.952695e-05	0.0
-6.133362e-06	-6.034383e-05	0.0
-5.44672e-06	-6.26854e-05	0.0
-5.778995e-06	-6.215749e-05	0.0
-6.360178e-06	-6.32232e-05	0.0
-6.021421e-06	-6.666504e-05	0.0
-5.43513e-06	-6.668675e-05	0.0
-6.117945e-06	-6.763693e-05	0.0
-6.587072e-06	-6.90111e-05	0.0
-6.241534e-06	-7.079198e-05	0.0
-6.012201e-06	-7.231607e-05	0.0
-5.538201e-06	-7.258958e-05	0.0
-6.354072e-06	-7.463621e-05	0.0
-5.30294e-06	-7.630503e-05	0.0
-7.488482e-06	-7.590197e-05	0.0
-6.815613e-06	-7.753005e-05	0.0
-6.801929e-06	-7.932598e-05	0.0
-6.695217e-06	-8.041956e-05	0.0
-6.105706e-06	-8.288321e-05	0.0
-6.917488e-06	-8.428058e-05	0.0
-6.103431e-06	-8.481344e-05	0.0
-7.707031e-06	-8.796822e-05	0.0
-7.725465e-06	-8.922271e-05	0.0
-7.145921e-06	-9.059051e-05	0.0
-7.01729e-06	-9.209805e-05	0.0
-7.82919e-06	-9.402792e-05	0.0
-7.140997e-06	-9.512467e-05	0.0
-7.135351e-06	-9.745121e-05	0.0
-6.788003e-06	-9.96465e-05	0.0
-6.677295e-06	-0.000102124	0.0
-5.631838e-06	-0.000103629	0.0
-6.539093e-06	-0.0001067812	0.0
-7.354718e-06	-0.0001089909	0.0
-7.244209e-06	-0.0001107793	0.0
-7.231055e-06	-0.0001122876	0.0
-8.16293e-06	-0.0001146187	0.0
-7.010648e-06	-0.0001168184	0.0
-7.461735e-06	-0.0001188709	0.0
-7.235009e-06	-0.0001220282	0.0
-7.569868e-06	-0.0001243586	0.0
-8.155786e-06	-0.0001279335	0.0
-7.010661e-06	-0.0001293137	0.0
-6.413428e-06	-0.0001321765	0.0
-7.789531e-06	-0.0001353505	0.0
-8.379434e-06	-0.0001371318	0.0
-8.253775e-06	-0.0001408314	0.0
-9.18612e-06	-0.0001433078	0.0
-7.913754e-06	-0.0001466043	0.0
-8.831551e-06	-0.0001485195	0.0
-7.912721e-06	-0.0001533164	0.0
-8.703231e-06	-0.0001555258	0.0
-9.518666e-06	-0.000159093	0.0
-9.406018e-06	-0.0001615593	0.0
-9.175954e-06	-0.0001659488	0.0
-8.708816e-06	-0.0001684224	0.0
-9.05183e-06	-0.0001725323	0.0
-8.374306e-06	-0.0001758272	0.0
-7.083217e-06	-0.000179801	0.0
-8.92449e-06	-0.0001833704	0.0
-8.360538e-06	-0.0001881661	0.0
-8.466829e-06	-0.0001920236	0.0
-8.353393e-06	-0.0001953063	0.0
-8.573254e-06	-0.0002002497	0.0
-9.615739e-06	-0.0002031397	0.0
-9.269657e-06	-0.000207923	0.0
-9.845208e-06	-0.000213281	0.0
-9.269972e-06	-0.0002176765	0.0
-9.607226e-06	-0.0002220578	0.0
-9.955973e-06	-0.0002274183	0.0
-9.390223e-06	-0.0002312441	0.0
-8.102126e-06	-0.0002386497	0.0
-1.005927e-05	-0.0002422291	0.0
-9.379913e-06	-0.0002488033	0.0
-9.483018e-06	-0.0002527968	0.0
-9.94462e-06	-0.0002581301	0.0
-1.040117e-05	-0.0002649819	0.0
-1.109931e-05	-0.0002721234	0.0
-1.040621e-05	-0.0002777535	0.0
-1.07486e-05	-0.0002836417	0.0
-1.040091e-05	-0.0002909065	0.0
-1.074796e-05	-0.0002969542	0.0
-9.71455e-06	-0.0003025654	0.0
-9.579884e-06	-0.0003102304	0.0
-1.074365e-05	-0.0003184664	0.0
-9.585136e-06	-0.0003258699	0.0
-1.096402e-05	-0.0003335539	0.0
-1.016549e-05	-0.0003409584	0.0
-1.061046e-05	-0.0003490376	0.0
-1.142582e-05	-0.0003586383	0.0
-1.118895e-05	-0.0003670106	0.0
-1.23417e-05	-0.000375377	0.0
-1.199951e-05	-0.0003842759	0.0
-1.223087e-05	-0.0003942947	0.0
-1.153184e-05	-0.0004022459	0.0
-1.256587e-05	-0.0004127822	0.0
-1.233754e-05	-0.0004241787	0.0
-1.302524e-05	-0.0004332335	0.0
-1.268862e-05	-0.0004447276	0.0
-1.221574e-05	-0.0004568069	0.0
-1.290689e-05	-0.0004673686	0.0
-1.267633e-05	-0.0004791556	0.0
-1.336001e-05	-0.0004903953	0.0
-1.360335e-05	-0.000503419	0.0
-1.289749e-05	-0.0005153441	0.0
-1.462058e-05	-0.0005290563	0.0
-1.441211e-05	-0.0005422152	0.0
-1.347064e-05	-0.0005568704	0.0
-1.496541e-05	-0.0005714202	0.0
-1.508205e-05	-0.0005856692	0.0
-1.601276e-05	-0.0006015836	0.0
-1.496422e-05	-0.0006158344	0.0
-1.680939e-05	-0.0006326835	0.0
-1.56624e-05	-0.0006499584	0.0
-1.668855e-05	-0.0006668196	0.0
-1.646381e-05	-0.0006851748	0.0
-1.736935e-05	-0.0007036939	0.0
-1.853706e-05	-0.0007219311	0.0
-1.784512e-05	-0.000741663	0.0
-1.87509e-05	-0.0007613975	0.0
-1.957352e-05	-0.0007829173	0.0
-1.85418e-05	-0.0008036182	0.0
-1.817952e-05	-0.0008248486	0.0
-1.920236e-05	-0.0008478762	0.0
-2.093848e-05	-0.0008710584	0.0
-2.084355e-05	-0.0008948906	0.0
-2.001853e-05	-0.0009209239	0.0
-2.128403e-05	-0.0009464402	0.0
-2.116886e-05	-0.0009722003	0.0
-2.254381e-05	-0.0009989348	0.0
-2.29039e-05	-0.001027156	0.0
-2.278074e-05	-0.001057185	0.0
-2.35816e-05	-0.001085823	0.0
-2.416154e-05	-0.001118306	0.0
-2.461955e-05	-0.001149025	0.0
-2.542223e-05	-0.001182735	0.0
-2.623408e-05	-0.001216769	0.0
-2.668568e-05	-0.001249646	0.0
-2.830358e-05	-0.001287623	0.0
-2.841975e-05	-0.001323557	0.0
-2.968522e-05	-0.001362062	0.0
-2.980461e-05	-0.001401686	0.0
-3.049233e-05	-0.0014424	0.0
-3.117251e-05	-0.001483937	0.0
-3.314104e-05	-0.001526439	0.0
-3.268635e-05	-0.001571524	0.0
-3.382021e-05	-0.00161734	0.0
-3.555366e-05	-0.00166286	0.0
-3.681883e-05	-0.001711243	0.0
-3.889085e-05	-0.001761177	0.0
-4.039926e-05	-0.001811349	0.0
-4.12023e-05	-0.001864531	0.0
-4.247708e-05	-0.001917455	0.0
-4.280735e-05	-0.001972956	0.0
-4.591975e-05	-0.002030301	0.0
-4.661782e-05	-0.002086907	0.0
-4.914164e-05	-0.002147641	0.0
-5.065867e-05	-0.002208399	0.0
-5.145259e-05	-0.002270111	0.0
-5.421537e-05	-0.002333332	0.0
-5.617155e-05	-0.002397927	0.0
-5.940642e-05	-0.002463234	0.0
-6.056003e-05	-0.002529591	0.0
-6.3441e-05	-0.002598179	0.0
-6.493385e-05	-0.002667707	0.0
-6.884661e-05	-0.002736059	0.0
-7.116717e-05	-0.002806575	0.0
-7.403168e-05	-0.002877236	0.0
-7.818922e-05	-0.002950111	0.0
-8.061391e-05	-0.003020244	0.0
-8.407194e-05	-0.003089971	0.0
-8.683091e-05	-0.00316079	0.0
-9.166974e-05	-0.003230326	0.0
-9.536048e-05	-0.003298277	0.0
-0.0001002037	-0.003366187	0.0
-0.0001035614	-0.00342955	0.0
-0.0001072359	-0.003490283	0.0
-0.0001119703	-0.003549034	0.0
-0.0001159897	-0.003603256	0.0
-0.0001227963	-0.003652276	0.0
-0.0001267388	-0.003694857	0.0
-0.0001311105	-0.003731991	0.0
-0.0001362822	-0.003760868	0.0
-0.0001431005	-0.003777889	0.0
-0.0001473765	-0.003787398	0.0
-0.0001537025	-0.003783352	0.0
-0.000160053	-0.003766438	0.0
-0.0001661754	-0.003732578	0.0
-0.0001711453	-0.003679856	0.0
-0.0001762183	-0.003608819	0.0
-0.0001817513	-0.003512789	0.0
-0.0001876382	-0.003392528	0.0
-0.0001930645	-0.003242854	0.0
-0.0001984898	-0.003060191	0.0
-0.0002031218	-0.002840679	0.0
-0.0002065818	-0.002578961	0.0
-0.000211087	-0.002273557	0.0
-0.0002142033	-0.001916073	0.0
-0.0002182558	-0.001503581	0.0
-0.000219197	-0.001026958	0.0
-0.000220807	-0.0004817868	0.0
-0.0002213982	0.0001402053	0.0
-0.0002209445	0.0008462645	0.0
-0.0002192236	0.001644143	0.0
-0.0002165598	0.002544022	0.0
-0.0002143594	0.003551311	0.0
-0.0002103261	0.00467814	0.0
-0.000204875	0.0059334	0.0
-0.0001996603	0.007323161	0.0
-0.000191562	0.00885837	0.0
-0.0001822675	0.01054505	0.0
-0.0001728508	0.01239371	0.0
-0.0001615696	0.01440947	0.0
-0.0001496705	0.01659055	0.0
-0.0001371849	0.01893787	0.0
-0.0001217781	0.02145448	0.0
-0.0001060913	0.02413064	0.0
-8.932785e-05	0.02695872	0.0
-7.228594e-05	0.0299188	0.0
-5.40436e-05	0.03299343	0.0
-3.553678e-05	0.03615331	0.0
-1.420841e-05	0.03936976	0.0
6.25453e-06	0.04259508	0.0
2.752573e-05	0.04579493	0.0
5.069984e-05	0.04890649	0.0
7.134213e-05	0.05188385	0.0
9.368394e-05	0.05464981	0.0
0.0001161252	0.05715093	0.0
0.0001387564	0.05930642	0.0
0.0001590029	0.06105948	0.0
0.0001799552	0.06232672	0.0
0.0001987262	0.06304797	0.0
0.0002162993	0.0631585	0.0
0.000232579	0.0625945	0.0
0.0002452381	0.0613077	0.0
0.0002558808	0.05925388	0.0
0.0002633751	0.05639705	0.0
0.0002686546	0.05271257	0.0
0.0002711853	0.04819116	0.0
0.0002703359	0.0428491	0.0
0.0002640355	0.03668678	0.0
0.0002562974	0.02973378	0.0
0.0002419923	0.02204693	0.0
0.0002257691	0.0136824	0.0
0.0002054249	0.004703829	0.0
0.0001818123	-0.004792916	0.0
0.0001541638	-0.01471063	0.0
0.0001241366	-0.02496421	0.0
9.025402e-05	-0.03542593	0.0
5.516291e-05	-0.0459842	0.0
1.795845e-05	-0.05651198	0.0
-2.259438e-05	-0.06686892	0.0
-6.216183e-05	-0.07694431	0.0
-0.0001035281	-0.08658401	0.0
-0.0001467437	-0.09566949	0.0
-0.0001877586	-0.1040784	0.0
-0.00022742	-0.1116894	0.0
-0.000267402	-0.1183998	0.0
-0.000304224	-0.1241093	0.0
-0.0003409769	-0.1287133	0.0
-0.0003743299	-0.13215	0.0
-0.0004050082	-0.1343396	0.0
-0.0004338051	-0.1352366	0.0
-0.0004577108	-0.1348017	0.0
-0.0004800057	-0.1330105	0.0
-0.0004943878	-0.1298539	0.0
-0.0005095645	-0.1253529	0.0
-0.000518737	-0.119522	0.0
-0.0005226274	-0.1124128	0.0
-0.0005226558	-0.1040804	0.0
-0.0005170703	-0.09460373	0.0
-0.0005066025	-0.08408616	0.0
-0.0004931171	-0.07261097	0.0
-0.0004728838	-0.06030325	0.0
-0.0004483868	-0.04729731	0.0
-0.0004189406	-0.03372444	0.0
-0.0003865564	-0.01973605	0.0
-0.0003477991	-0.00549368	0.0
-0.0003066402	0.008848578	0.0
-0.0002616317	0.0230973	0.0
-0.0002135832	0.03713458	0.0
-0.0001627044	0.05078368	0.0
-0.0001089349	0.06386556	0.0
-5.541834e-05	0.07626373	0.0
1.082335e-07	0.08778995	0.0
5.508876e-05	0.09834251	0.0
0.000109	0.107792	0.0
0.0001621361	0.1160327	0.0
0.0002155401	0.1229478	0.0
0.0002630213	0.1284682	0.0
0.0003110319	0.132511	0.0
0.0003528778	0.1350504	0.0
0.0003900652	0.1360349	0.0
0.0004273285	0.1354626	0.0
0.0004549585	0.1333443	0.0
0.0004810351	0.1297009	0.0
0.0004994755	0.1245705	0.0
0.0005137841	0.1180226	0.0
0.0005224094	0.1101299	0.0
0.0005261635	0.1009752	0.0
0.0005250073	0.09067556	0.0
0.0005184989	0.07935082	0.0
0.0005082285	0.06715906	0.0
0.0004913087	0.05424718	0.0
0.0004729234	0.04073648	0.0
0.0004504915	0.02681341	0.0
0.0004232889	0.01263963	0.0
0.0003963884	-0.001626919	0.0
0.000363751	-0.01579657	0.0
0.0003325161	-0.0296881	0.0
0.0002962743	-0.04315898	0.0
0.0002620644	-0.05606784	0.0
0.0002246144	-0.06821416	0.0
0.0001878646	-0.07947976	0.0
0.0001512562	-0.08972761	0.0
0.0001155355	-0.09884658	0.0
7.939738e-05	-0.1066752	0.0
4.371458e-05	-0.1131807	0.0
1.028734e-05	-0.1182433	0.0
-1.987242e-05	-0.121841	0.0
-5.024239e-05	-0.1238985	0.0
-7.681097e-05	-0.124415	0.0
-0.0001029329	-0.1233772	0.0
-0.0001251445	-0.1207993	0.0
-0.0001449918	-0.1167078	0.0
-0.0001605069	-0.111174	0.0
-0.0001754153	-0.1042478	0.0
-0.0001848647	-0.09601135	0.0
-0.0001919949	-0.08657008	0.0
-0.0001955538	-0.07605185	0.0
-0.0001944254	-0.06457898	0.0
-0.0001895094	-0.05231389	0.0
-0.0001798411	-0.03935878	0.0
-0.0001688016	-0.02591261	0.0
-0.0001522848	-0.01210385	0.0
-0.0001333932	0.001875369	0.0
-0.0001128886	0.01585928	0.0
-8.764375e-05	0.02969284	0.0
-6.023873e-05	0.04315164	0.0
-3.029161e-05	0.05614953	0.0
-5.708771e-07	0.06845096	0.0
3.048638e-05	0.07995481	0.0
6.230567e-05	0.09051397	0.0
9.40163e-05	0.09999271	0.0
0.0001258448	0.1082787	0.0
0.0001546088	0.1152584	0.0
0.0001828825	0.1208594	0.0
0.0002095298	0.1250128	0.0
0.0002302931	0.127668	0.0
0.000252185	0.1287864	0.0
0.0002680898	0.1283569	0.0
0.0002808227	0.1263828	0.0
0.0002887162	0.1228876	0.0
0.0002947449	0.1179101	0.0
0.0002948825	0.1115141	0.0
0.0002920557	0.1037788	0.0
0.0002871057	0.09480013	0.0
0.0002759749	0.08467808	0.0
0.0002628294	0.07354257	0.0
0.0002469573	0.06151627	0.0
0.0002288197	0.04875793	0.0
0.0002085637	0.03540841	0.0
0.0001861307	0.02162771	0.0
0.0001640584	0.007602896	0.0
0.0001395927	-0.006478667	0.0
0.0001156106	-0.02049817	0.0
9.067872e-05	-0.03424231	0.0
6.83563e-05	-0.04757168	0.0
4.378038e-05	-0.06033254	0.0
2.289951e-05	-0.07231614	0.0
2.346131e-06	-0.08343184	0.0
-1.872175e-05	-0.09350609	0.0
-3.75811e-05	-0.10245	0.0
-5.341408e-05	-0.1101433	0.0
-6.785786e-05	-0.1164869	0.0
-8.064845e-05	-0.1214052	0.0
-8.906232e-05	-0.124843	0.0
-9.685468e-05	-0.1267493	0.0
-0.0001019541	-0.1271069	0.0
-0.000103022	-0.1259123	0.0
-0.0001021468	-0.1231779	0.0
-9.660335e-05	-0.1189384	0.0
-8.85985e-05	-0.1132422	0.0
-7.574289e-05	-0.1061557	0.0
-5.886464e-05	-0.09777568	0.0
-3.888714e-05	-0.08821539	0.0
-1.496207e-05	-0.07755756	0.0
1.248571e-05	-0.06594871	0.0
4.47694e-05	-0.05352002	0.0
8.087307e-05	-0.04043466	0.0
0.0001212797	-0.02684761	0.0
0.0001636009	-0.01292604	0.0
0.0002103489	0.001161565	0.0
0.0002572864	0.01523514	0.0
0.0003066218	0.02913467	0.0
0.0003580619	0.04270449	0.0
0.0004085457	0.05573161	0.0
0.0004598662	0.06810722	0.0
0.0005084096	0.07967325	0.0
0.0005568877	0.09027759	0.0
0.0006009342	0.09979947	0.0
0.0006406381	0.1081101	0.0
0.0006771613	0.1151219	0.0
0.0007087889	0.120748	0.0
0.0007338268	0.1249134	0.0
0.0007552358	0.1275742	0.0
0.0007680011	0.1286912	0.0
0.0007749252	0.128261	0.0
0.0007747844	0.1262832	0.0
0.0007692155	0.1227813	0.0
0.0007570744	0.1177941	0.0
0.0007370588	0.1113882	0.0
0.0007102767	0.1036282	0.0
0.0006799361	0.09462477	0.0
0.000643338	0.08449908	0.0
0.0006018412	0.07333183	0.0
0.0005559853	0.06128052	0.0
0.0005062414	0.04849046	0.0
0.000454723	0.03511907	0.0
0.0003990995	0.02133257	0.0
0.0003433275	0.007292946	0.0
0.0002859944	-0.006834065	0.0
0.0002285678	-0.02087397	0.0
0.000170003	-0.03465313	0.0
0.0001125733	-0.04802794	0.0
5.81449e-05	-0.06080356	0.0
2.020154e-06	-0.0728411	0.0
-5.021999e-05	-0.08398867	0.0
-0.0001002364	-0.09411135	0.0
-0.0001483659	-0.1030848	0.0
-0.0001931514	-0.1108107	0.0
-0.0002346052	-0.1171787	0.0
-0.0002728992	-0.1221289	0.0
-0.0003062246	-0.1255874	0.0
-0.0003378309	-0.1275176	0.0
-0.0003629079	-0.1278987	0.0
-0.000384648	-0.1267209	0.0
-0.0004019002	-0.124005	0.0
-0.0004152248	-0.1197726	0.0
-0.0004212134	-0.1140827	0.0
-0.0004258843	-0.1070079	0.0
-0.0004240861	-0.09862122	0.0
-0.0004178912	-0.08905217	0.0
-0.0004058057	-0.07839377	0.0
-0.0003890099	-0.06677546	0.0
-0.0003681715	-0.05434641	0.0
-0.0003436579	-0.04125023	0.0
-0.0003133576	-0.02764941	0.0
-0.000279834	-0.01366516	0.0
-0.000242935	0.0004390439	0.0
-0.0002041328	0.01446775	0.0
-0.0001626611	0.02843886	0.0
-0.0001186643	0.0419639	0.0
-7.44221e-05	0.05507858	0.0
-2.890575e-05	0.06746134	0.0
1.543743e-05	0.07903526	0.0
5.984342e-05	0.08964626	0.0
0.0001018677	0.09917416	0.0
0.000141068	0.1074945	0.0
0.0001787421	0.114522	0.0
0.0002108832	0.1201547	0.0
0.0002415527	0.1243331	0.0
0.0002650191	0.1270005	0.0
0.0002846355	0.1281287	0.0
0.000298838	0.127706	0.0
0.0003068266	0.1257366	0.0
0.0003131623	0.1222445	0.0
0.0003080691	0.1172711	0.0
0.0003003173	0.1108785	0.0
0.0002875594	0.1031449	0.0
0.0002670411	0.09415228	0.0
0.000243568	0.08401117	0.0
0.0002139751	0.07285929	0.0
0.0001816243	0.06081967	0.0
0.0001441541	0.04803736	0.0
0.0001039438	0.03466963	0.0
6.195586e-05	0.02088102	0.0
1.613329e-05	0.006816212	0.0
-3.000457e-05	-0.007321224	0.0
-7.803326e-05	-0.02134411	0.0
-0.0001277027	-0.03512447	0.0
-0.0001770049	-0.04849369	0.0
-0.0002247293	-0.06127129	0.0
-0.0002733107	-0.07332278	0.0
-0.0003198426	-0.08447592	0.0
-0.0003639309	-0.09462265	0.0
-0.0004076484	-0.1036275	0.0
-0.0004460546	-0.111368	0.0
-0.0004831857	-0.1177678	0.0
-0.0005167173	-0.1227366	0.0
-0.000545497	-0.1262255	0.0
-0.0005732796	-0.128185	0.0
-0.0005912827	-0.1285931	0.0
-0.0006086761	-0.1274447	0.0
-0.0006222614	-0.1247546	0.0
-0.0006278223	-0.1205493	0.0
-0.0006297464	-0.1148901	0.0
-0.0006271723	-0.1078329	0.0
-0.0006189019	-0.09946361	0.0
-0.0006047516	-0.08988967	0.0
-0.0005871117	-0.07922529	0.0
-0.0005640232	-0.06760589	0.0
-0.00053388	-0.05515578	0.0
-0.0005009386	-0.04205118	0.0
-0.0004637403	-0.02845533	0.0
-0.0004230961	-0.01450489	0.0
-0.0003793231	-0.0003781444	0.0
-0.0003310823	0.01374965	0.0
-0.0002829233	0.02770242	0.0
-0.0002328395	0.04132536	0.0
-0.000182049	0.05443722	0.0
-0.0001306571	0.06688781	0.0
-7.997469e-05	0.07853192	0.0
-2.931671e-05	0.08920527	0.0
1.605173e-05	0.09880853	0.0
6.205298e-05	0.1071858	0.0
0.0001046063	0.1142803	0.0
0.0001412546	0.1199712	0.0
0.0001763191	0.1242117	0.0
0.000205096	0.1269392	0.0
0.0002307511	0.1281301	0.0
0.0002482859	0.1277648	0.0
0.0002633429	0.1258511	0.0
0.0002724393	0.1224104	0.0
0.0002758413	0.1174863	0.0
0.0002733355	0.1111376	0.0
0.0002646491	0.1034317	0.0
0.0002548305	0.09446907	0.0
0.0002367934	0.08437271	0.0
0.000213486	0.07324738	0.0
0.0001891865	0.06121741	0.0
0.0001581452	0.04848906	0.0
0.0001250621	0.03515376	0.0
8.776908e-05	0.02139987	0.0
4.710422e-05	0.007372729	0.0
4.862461e-06	-0.006744786	0.0
-4.022295e-05	-0.02077683	0.0
-8.726578e-05	-0.03455765	0.0
-0.0001367125	-0.0479311	0.0
-0.0001848133	-0.06071905	0.0
-0.0002359753	-0.07276719	0.0
-0.0002859478	-0.08393543	0.0
-0.0003367335	-0.09409995	0.0
-0.0003863293	-0.1030959	0.0
-0.0004343975	-0.1108457	0.0
-0.0004827347	-0.1172586	0.0
-0.0005265957	-0.1222591	0.0
-0.0005693238	-0.1257686	0.0
-0.0006083484	-0.1277584	0.0
-0.000643929	-0.1282014	0.0
-0.0006750735	-0.1270902	0.0
-0.000700911	-0.1244324	0.0
-0.0007238224	-0.1202754	0.0
-0.000738976	-0.1146556	0.0
-0.000750762	-0.1076469	0.0
-0.0007533875	-0.09931689	0.0
-0.0007529117	-0.08981043	0.0
-0.0007434326	-0.07920294	0.0
-0.0007285727	-0.06764515	0.0
-0.0007070479	-0.05526627	0.0
-0.0006789445	-0.04219951	0.0
-0.0006452985	-0.02864926	0.0
-0.0006048767	-0.01472641	0.0
-0.0005594571	-0.0006449855	0.0
-0.000509614	0.01345075	0.0
-0.000454682	0.02737159	0.0
-0.0003982801	0.04095925	0.0
-0.0003364467	0.05403215	0.0
-0.000275053	0.06644919	0.0
-0.0002123101	0.07804888	0.0
-0.0001482274	0.08869247	0.0
-8.514333e-05	0.09826574	0.0
-2.345662e-05	0.1066393	0.0
3.506689e-05	0.1137249	0.0
9.026735e-05	0.1194106	0.0
0.0001427356	0.123651	0.0
0.0001902854	0.1263823	0.0
0.0002339073	0.1275741	0.0
0.0002703375	0.1272132	0.0
0.0003022309	0.1253051	0.0
0.0003306827	0.1218702	0.0
0.0003508072	0.1169656	0.0
0.0003677799	0.1106313	0.0
0.0003765375	0.1029518	0.0
0.0003828681	0.0939884	0.0
0.0003825745	0.08389578	0.0
0.0003767292	0.07283418	0.0
0.0003689228	0.06080929	0.0
0.0003573824	0.04808857	0.0
0.0003390861	0.03477399	0.0
0.0003196756	0.02103801	0.0
0.000297959	0.007038594	0.0
0.0002744294	-0.00702151	0.0
0.0002468914	-0.02100052	0.0
0.0002181924	-0.03472775	0.0
0.0001875697	-0.04803295	0.0
0.0001563157	-0.06075455	0.0
0.0001243085	-0.07274875	0.0
9.232456e-05	-0.08385448	0.0
5.997701e-05	-0.09393872	0.0
2.69922e-05	-0.102893	0.0
-4.487858e-06	-0.1105647	0.0
-3.634019e-05	-0.1169073	0.0
-6.626301e-05	-0.1218344	0.0
-9.389588e-05	-0.1252671	0.0
-0.0001220933	-0.1271788	0.0
-0.0001453548	-0.1275474	0.0
-0.0001698044	-0.1263643	0.0
-0.0001876888	-0.1236368	0.0
-0.0002060844	-0.1194162	0.0
-0.0002211221	-0.1137304	0.0
-0.0002296595	-0.106664	0.0
-0.0002360581	-0.09829507	0.0
-0.0002392519	-0.08872631	0.0
-0.00023746	-0.07807011	0.0
-0.0002316744	-0.06647044	0.0
-0.0002208195	-0.05405762	0.0
-0.0002080047	-0.04097095	0.0
-0.0001886043	-0.02741052	0.0
-0.000167394	-0.01351134	0.0
-0.0001411932	0.000577692	0.0
-0.000112988	0.01468072	0.0
-8.187614e-05	0.02857919	0.0
-4.778749e-05	0.04216411	0.0
-1.220581e-05	0.0552369	0.0
2.592498e-05	0.06764803	0.0
6.206911e-05	0.07923706	0.0
0.0001008116	0.08987119	0.0
0.0001378582	0.09942721	0.0
0.0001745207	0.1077772	0.0
0.0002093962	0.1148286	0.0
0.0002404709	0.1204894	0.0
0.0002721573	0.1246918	0.0
0.0002965093	0.1274004	0.0
0.0003201488	0.1285617	0.0
0.0003402892	0.1281709	0.0
0.0003538091	0.1262258	0.0
0.0003651453	0.1227549	0.0
0.0003705721	0.1178064	0.0
0.0003731922	0.1114305	0.0
0.0003692073	0.1037035	0.0
0.0003647734	0.09472099	0.0
0.0003520946	0.0846099	0.0
0.0003374231	0.07346828	0.0
0.000320356	0.06141642	0.0
0.0002990812	0.04866408	0.0
0.0002754422	0.03530191	0.0
0.0002478188	0.02151425	0.0
0.0002195059	0.007469194	0.0
0.0001868476	-0.006670938	0.0
0.000156061	-0.02071537	0.0
0.000122523	-0.03450406	0.0
8.694813e-05	-0.04789333	0.0
5.188659e-05	-0.06068407	0.0
1.989561e-05	-0.07273849	0.0
-1.41446e-05	-0.08390731	0.0
-4.716724e-05	-0.09405173	0.0
-7.874356e-05	-0.1030813	0.0
-0.0001086931	-0.1108226	0.0
-0.0001375033	-0.1172306	0.0
-0.0001646225	-0.1222184	0.0
-0.0001875029	-0.1257215	0.0
-0.0002080469	-0.1276985	0.0
-0.0002285201	-0.1281256	0.0
-0.0002429254	-0.1269933	0.0
-0.0002555988	-0.1243168	0.0
-0.0002644338	-0.1201417	0.0
-0.000267695	-0.1145039	0.0
-0.0002694448	-0.1074749	0.0
-0.0002635251	-0.09913857	0.0
-0.0002570513	-0.08959891	0.0
-0.0002444643	-0.07895751	0.0
-0.0002279993	-0.06737438	0.0
-0.0002061248	-0.05496309	0.0
-0.0001812421	-0.04186598	0.0
-0.0001517513	-0.02828724	0.0
-0.0001177828	-0.0143463	0.0
-8.135869e-05	-0.0002353851	0.0
-4.178493e-05	0.01389764	0.0
1.974119e-06	0.02783707	0.0
4.790882e-05	0.04143084	0.0
9.44265e-05	0.05453235	0.0
0.0001430168	0.06697737	0.0
0.0001922947	0.07860826	0.0
0.0002414359	0.08928798	0.0
0.0002869033	0.09889361	0.0
0.000334886	0.107303	0.0
0.0003784319	0.1143922	0.0
0.0004201399	0.1200956	0.0
0.0004590101	0.12435	0.0
0.0004926168	0.127087	0.0
0.0005232163	0.1282851	0.0
0.0005485766	0.1279253	0.0
0.0005702098	0.1260132	0.0
0.0005859621	0.1225697	0.0
0.0005978907	0.1176497	0.0
0.0006031931	0.111295	0.0
0.0006057026	0.1035838	0.0
0.0006010713	0.09461197	0.0
0.0005930157	0.08450455	0.0
0.0005812584	0.07335857	0.0
0.0005657041	0.0613147	0.0
0.0005483716	0.04854951	0.0
0.0005256758	0.03517264	0.0
0.0005017393	0.02138062	0.0
0.0004770068	0.007308305	0.0
0.0004510404	-0.00681172	0.0
0.000424426	-0.02086574	0.0
0.0003961994	-0.03467159	0.0
0.0003684585	-0.04806046	0.0
0.000343338	-0.06087906	0.0
0.0003176978	-0.07294936	0.0
0.0002946262	-0.08413991	0.0
0.0002714414	-0.09432703	0.0
0.0002504762	-0.103342	0.0
0.0002326372	-0.1111108	0.0
0.0002175767	-0.1175562	0.0
0.0002032633	-0.1225407	0.0
0.0001929628	-0.1260554	0.0
0.0001840795	-0.1280476	0.0
0.000177442	-0.1284878	0.0
0.000175393	-0.1273762	0.0
0.0001741344	-0.1247128	0.0
0.0001769404	-0.120546	0.0
0.0001828971	-0.1149171	0.0
0.000190952	-0.107901	0.0
0.0002016894	-0.09956963	0.0
0.0002166697	-0.0900487	0.0
0.0002344595	-0.07943805	0.0
0.0002526597	-0.06784486	0.0
0.0002726676	-0.05548346	0.0
0.0002969498	-0.04242122	0.0
0.0003223964	-0.02887156	0.0
0.0003495415	-0.0149744	0.0
0.0003773972	-0.0009026688	0.0
0.0004068106	0.01317584	0.0
0.0004343893	0.02709758	0.0
0.000464136	0.04066836	0.0
0.0004911394	0.05374771	0.0
0.000517084	0.06616019	0.0
0.0005424747	0.07776465	0.0
0.0005634465	0.08841905	0.0
0.0005818728	0.09798756	0.0
0.0005985643	0.1063679	0.0
0.0006109449	0.1134583	0.0
0.0006182966	0.1191452	0.0
0.0006192855	0.1233917	0.0
0.0006208198	0.1261373	0.0
0.0006130273	0.1273447	0.0
0.0006023952	0.127005	0.0
0.0005857507	0.1251181	0.0
0.0005662328	0.1217053	0.0
0.0005405763	0.1168221	0.0
0.000512571	0.1105088	0.0
0.0004784258	0.1028547	0.0
0.000443949	0.09394447	0.0
0.0004034253	0.08389755	0.0
0.0003627246	0.07283287	0.0
0.0003199992	0.06086211	0.0
0.0002742913	0.04817193	0.0
0.000229675	0.03489023	0.0
0.0001829242	0.02116901	0.0
0.000136374	0.007187586	0.0
9.136786e-05	-0.006857897	0.0
4.535965e-05	-0.02083374	0.0
8.197808e-07	-0.03455857	0.0
-4.228541e-05	-0.04786335	0.0
-8.303533e-05	-0.06057831	0.0
-0.0001211568	-0.07258757	0.0
-0.0001591995	-0.0836749	0.0
-0.0001912445	-0.09376898	0.0
-0.0002236801	-0.1027209	0.0
-0.0002504784	-0.1104363	0.0
-0.0002739286	-0.1167977	0.0
-0.0002943804	-0.1217487	0.0
-0.0003137472	-0.1252138	0.0
-0.0003246778	-0.1271639	0.0
-0.0003338551	-0.1275663	0.0
-0.0003391986	-0.1264187	0.0
-0.0003383871	-0.1237396	0.0
-0.0003361836	-0.1195537	0.0
-0.0003244543	-0.113908	0.0
-0.0003149964	-0.1068864	0.0
-0.0002959404	-0.09856135	0.0
-0.0002763007	-0.08902224	0.0
-0.0002503155	-0.07842277	0.0
-0.0002223774	-0.06685386	0.0
-0.0001915047	-0.054478	0.0
-0.0001543657	-0.04143019	0.0
-0.0001187174	-0.02788316	0.0
-7.815771e-05	-0.01398212	0.0
-3.766043e-05	8.38339e-05	0.0
4.938104e-06	0.0141512	0.0
4.7209e-05	0.02805316	0.0
9.211857e-05	0.04161892	0.0
0.0001350881	0.05468842	0.0
0.0001766788	0.06709634	0.0
0.0002145693	0.07869827	0.0
0.000250773	0.08936111	0.0
0.0002863415	0.09895345	0.0
0.0003168111	0.1073233	0.0
0.0003431686	0.1143995	0.0
0.0003651906	0.1201041	0.0
0.0003823794	0.1243514	0.0
0.0003957095	0.1270959	0.0
0.0004025664	0.1283057	0.0
0.0004051051	0.1279624	0.0
0.0004011759	0.1260732	0.0
0.0003911016	0.1226595	0.0
0.0003775687	0.1177594	0.0
0.0003561235	0.1114329	0.0
0.0003334951	0.1037532	0.0
0.0003035084	0.09482212	0.0
0.0002712484	0.08472608	0.0
0.0002324176	0.07363729	0.0
0.0001917063	0.06163652	0.0
0.000148755	0.04889272	0.0
0.0001027597	0.03555386	0.0
5.412028e-05	0.02178719	0.0
6.196883e-06	0.007744213	0.0
-4.527659e-05	-0.006371841	0.0
-9.479689e-05	-0.02041133	0.0
-0.0001437935	-0.0342137	0.0
-0.0001963523	-0.0476003	0.0
-0.0002439112	-0.06040839	0.0
-0.0002917197	-0.07247556	0.0
-0.0003372128	-0.08367641	0.0
-0.0003810986	-0.09384256	0.0
-0.0004223906	-0.1028794	0.0
-0.0004607914	-0.1106694	0.0
-0.000495753	-0.1171129	0.0
-0.0005280865	-0.1221371	0.0
-0.0005570996	-0.12568	0.0
-0.0005828702	-0.1276978	0.0
-0.0006048613	-0.1281664	0.0
-0.0006233284	-0.1270823	0.0
-0.0006359352	-0.1244554	0.0
-0.0006448808	-0.1203199	0.0
-0.0006506157	-0.1147202	0.0
-0.0006505277	-0.1077398	0.0
-0.0006482392	-0.09944715	0.0
-0.0006377691	-0.0899509	0.0
-0.0006265652	-0.07936943	0.0
-0.0006083226	-0.06780811	0.0
-0.0005856572	-0.05545815	0.0
-0.0005592064	-0.04243531	0.0
-0.0005285998	-0.02889172	0.0
-0.0004945562	-0.01498115	0.0
-0.0004577221	-0.0009209145	0.0
-0.0004170488	0.01315617	0.0
-0.0003727646	0.0270725	0.0
-0.0003265433	0.04064486	0.0
-0.0002788174	0.05371998	0.0
-0.00022967	0.06614389	0.0
-0.0001809857	0.07775708	0.0
-0.0001320957	0.0884225	0.0
-8.595712e-05	0.09804752	0.0
-3.972551e-05	0.1064288	0.0
2.387242e-06	0.1135138	0.0
4.549243e-05	0.1192268	0.0
8.130242e-05	0.1234953	0.0
0.0001139776	0.1262593	0.0
0.0001439206	0.1274837	0.0
0.0001678176	0.1271594	0.0
0.0001887021	0.1252936	0.0
0.0002016718	0.1219022	0.0
0.0002097252	0.1170227	0.0
0.0002134784	0.1107321	0.0
0.0002130611	0.1030886	0.0
0.0002070133	0.09417783	0.0
0.0001951348	0.08415402	0.0
0.0001794895	0.07307588	0.0
0.0001618128	0.06111134	0.0
0.0001391027	0.04839912	0.0
0.0001144725	0.03509275	0.0
8.700746e-05	0.02133425	0.0
5.768252e-05	0.0073495	0.0
2.722361e-05	-0.00674776	0.0
-3.684628e-06	-0.0207675	0.0
-3.342641e-05	-0.03453748	0.0
-6.437095e-05	-0.04791048	0.0
-9.561342e-05	-0.06067658	0.0
-0.0001264697	-0.07272027	0.0
-0.0001555834	-0.08389261	0.0
-0.0001818335	-0.09404916	0.0
-0.0002061417	-0.1030699	0.0
-0.0002306777	-0.1108369	0.0
-0.0002517815	-0.1172675	0.0
-0.0002720959	-0.1222672	0.0
-0.0002891371	-0.125789	0.0
-0.0003025332	-0.1277807	0.0
-0.0003162192	-0.1282242	0.0
-0.0003244215	-0.1271148	0.0
-0.0003320075	-0.1244623	0.0
-0.0003371956	-0.1202991	0.0
-0.0003375888	-0.1146768	0.0
-0.0003375194	-0.1076569	0.0
-0.0003314065	-0.09934369	0.0
-0.0003242572	-0.08981775	0.0
-0.0003131902	-0.07917367	0.0
-0.000300874	-0.06761992	0.0
-0.0002848258	-0.05520556	0.0
-0.0002646703	-0.04214074	0.0
-0.0002451254	-0.0285647	0.0
-0.0002200655	-0.01463773	0.0
-0.0001960927	-0.0005246496	0.0
-0.0001691244	0.01359061	0.0
-0.0001404954	0.02755745	0.0
-0.0001104782	0.04115294	0.0
-8.184715e-05	0.05425296	0.0
-5.239762e-05	0.06672075	0.0
-2.412367e-05	0.07835719	0.0
4.397559e-06	0.08905665	0.0
2.681787e-05	0.09868453	0.0
5.033276e-05	0.1071049	0.0
7.001689e-05	0.1142281	0.0
8.855182e-05	0.1199691	0.0
0.0001034884	0.1242621	0.0
0.0001123207	0.1270402	0.0
0.0001202901	0.1282788	0.0
0.0001248421	0.1279666	0.0
0.0001219279	0.126107	0.0
0.0001190052	0.1227162	0.0
0.0001101054	0.1178403	0.0
9.775061e-05	0.1115353	0.0
8.401298e-05	0.1038662	0.0
6.519099e-05	0.0949586	0.0
4.607103e-05	0.08489642	0.0
2.208764e-05	0.07379056	0.0
-1.79649e-06	0.0618245	0.0
-2.710397e-05	0.04909527	0.0
-5.456713e-05	0.0357803	0.0
-8.118182e-05	0.02200695	0.0
-0.0001097459	0.008001766	0.0
-0.0001371717	-0.006112876	0.0
-0.0001622308	-0.02014809	0.0
-0.000187968	-0.03393518	0.0
-0.0002118411	-0.0473295	0.0
-0.0002332089	-0.06011611	0.0
-0.0002534775	-0.07217175	0.0
-0.0002712967	-0.08335984	0.0
-0.0002866938	-0.09353389	0.0
-0.0002997339	-0.1025677	0.0
-0.0003091599	-0.1103523	0.0
-0.0003175684	-0.1167994	0.0
-0.0003217266	-0.1218323	0.0
-0.0003248762	-0.1253746	0.0
-0.0003228069	-0.1274027	0.0
-0.0003207427	-0.1278793	0.0
-0.0003151828	-0.1268087	0.0
-0.0003041774	-0.1241927	0.0
-0.0002932445	-0.1200733	0.0
-0.0002775571	-0.1144909	0.0
-0.0002615183	-0.1075145	0.0
-0.0002376999	-0.0992432	0.0
-0.0002144551	-0.08976486	0.0
-0.0001877848	-0.07917599	0.0
-0.0001565121	-0.06765579	0.0
-0.0001249339	-0.05530199	0.0
-8.80615e-05	-0.04226953	0.0
-4.980315e-05	-0.02873767	0.0
-7.756291e-06	-0.01484218	0.0
3.431741e-05	-0.00076354	0.0
7.929816e-05	0.01330731	0.0
0.0001262788	0.02724554	0.0
0.0001725216	0.04080381	0.0
0.0002213137	0.05387769	0.0
0.0002686393	0.06631706	0.0
0.0003143173	0.07793422	0.0
0.0003600827	0.08860531	0.0
0.0004034567	0.09819777	0.0
0.0004448441	0.1066002	0.0
0.0004820323	0.1137077	0.0
0.000515336	0.1194335	0.0
0.0005433507	0.1237077	0.0
0.0005692415	0.1264821	0.0
0.0005873961	0.1277155	0.0
0.0006011188	0.1274001	0.0
0.0006081392	0.1255413	0.0
0.0006089197	0.1221558	0.0
0.0006059979	0.1172901	0.0
0.0005942695	0.1109981	0.0
0.0005781235	0.1033659	0.0
0.0005556313	0.0944571	0.0
0.0005285718	0.08443335	0.0
0.0004965318	0.07335579	0.0
0.0004590811	0.06140756	0.0
0.0004179803	0.04870217	0.0
0.0003734656	0.03540709	0.0
0.0003264484	0.02168576	0.0
0.0002779264	0.007704196	0.0
0.0002267836	-0.006379091	0.0
0.0001742681	-0.02038581	0.0
0.0001211908	-0.03416808	0.0
6.735e-05	-0.0475088	0.0
1.575093e-05	-0.06026385	0.0
-3.532631e-05	-0.07228789	0.0
-8.337276e-05	-0.08344214	0.0
-0.000130975	-0.09357676	0.0
-0.0001753916	-0.1025764	0.0
-0.0002189903	-0.1103251	0.0
-0.0002562559	-0.116734	0.0
-0.0002915775	-0.1217241	0.0
-0.0003230037	-0.1252421	0.0
-0.0003508398	-0.127232	0.0
-0.0003728098	-0.1276793	0.0
-0.0003915804	-0.1265771	0.0
-0.0004048206	-0.1239391	0.0
-0.0004143213	-0.1197904	0.0
-0.0004180285	-0.1141977	0.0
-0.0004172015	-0.107207	0.0
-0.0004133321	-0.09891403	0.0
-0.0004024581	-0.0894132	0.0
-0.0003869442	-0.078833	0.0
-0.0003681467	-0.06728544	0.0
-0.0003440487	-0.05493189	0.0
-0.0003177629	-0.04189935	0.0
-0.0002858291	-0.02833891	0.0
-0.0002514915	-0.01446196	0.0
-0.0002157615	-0.0003887672	0.0
-0.0001747971	0.01368903	0.0
-0.0001320735	0.02760278	0.0
-9.041224e-05	0.04118722	0.0
-4.79482e-05	0.05427366	0.0
-3.608238e-06	0.06672601	0.0
3.863261e-05	0.07835435	0.0
8.106248e-05	0.08902878	0.0
0.0001198245	0.09863359	0.0
0.0001579884	0.1070537	0.0
0.0001952966	0.1141659	0.0
0.0002243309	0.1199095	0.0
0.0002536207	0.1241946	0.0
0.0002773202	0.1269834	0.0
0.0002964938	0.1282308	0.0
0.000311821	0.1279245	0.0
0.0003211134	0.1260704	0.0
0.0003275337	0.1226851	0.0
0.0003261931	0.1178179	0.0
0.0003216871	0.1115213	0.0
0.0003127706	0.1038664	0.0
0.0002990146	0.09497174	0.0
0.0002817236	0.08491081	0.0
0.0002595596	0.07381848	0.0
0.0002333724	0.06183394	0.0
0.0002036505	0.04909241	0.0
0.000171453	0.03576683	0.0
0.0001364194	0.02200121	0.0
9.965067e-05	0.007968643	0.0
6.34807e-05	-0.006184083	0.0
2.666066e-05	-0.02022697	0.0
-1.372302e-05	-0.03402909	0.0
-5.221089e-05	-0.04742277	0.0
-8.959296e-05	-0.0602369	0.0
-0.0001265529	-0.07234887	0.0
-0.0001609638	-0.08354198	0.0
-0.0001926059	-0.09372511	0.0
-0.0002236016	-0.1027786	0.0
-0.000252846	-0.1105925	0.0
-0.0002774941	-0.117046	0.0
-0.0002998624	-0.1220796	0.0
-0.0003173986	-0.1256397	0.0
-0.0003333093	-0.1276701	0.0
-0.0003431276	-0.1281503	0.0
-0.0003519488	-0.1270743	0.0
-0.0003550264	-0.1244565	0.0
-0.00035459	-0.1203337	0.0
-0.0003498716	-0.1147441	0.0
-0.0003408659	-0.1077489	0.0
-0.0003293802	-0.099481	0.0
-0.0003124056	-0.08997877	0.0
-0.0002912553	-0.07940042	0.0
-0.0002667072	-0.06785531	0.0
-0.0002395215	-0.05548654	0.0
-0.0002096939	-0.04243332	0.0
-0.0001737483	-0.02889363	0.0
-0.0001380676	-0.01499666	0.0
-9.752162e-05	-0.0009017466	0.0
-5.611106e-05	0.01315865	0.0
-1.42205e-05	0.02708113	0.0
2.901794e-05	0.04066845	0.0
7.261683e-05	0.05375554	0.0
0.0001148435	0.06618901	0.0
0.0001553239	0.07781591	0.0
0.0001963477	0.0885004	0.0
0.0002320857	0.09809015	0.0
0.0002681536	0.1064952	0.0
0.0002986576	0.1136223	0.0
0.0003252477	0.119346	0.0
0.0003471531	0.1236267	0.0
0.0003618312	0.1264029	0.0
0.0003757006	0.1276452	0.0
0.0003807751	0.1273377	0.0
0.0003808457	0.12548	0.0
0.0003750467	0.1221008	0.0
0.0003646034	0.1172352	0.0
0.000347206	0.1109464	0.0
0.0003233003	0.1032947	0.0
0.000297565	0.09441088	0.0
0.0002651708	0.08435233	0.0
0.0002291728	0.07327358	0.0
0.0001903239	0.06131139	0.0
0.0001482853	0.04859355	0.0
0.0001054925	0.03527377	0.0
5.812175e-05	0.02153043	0.0
1.236131e-05	0.007527555	0.0
-3.416478e-05	-0.006582181	0.0
-8.05302e-05	-0.02059972	0.0
-0.0001253974	-0.03438659	0.0
-0.0001711401	-0.04776661	0.0
-0.000213706	-0.06056242	0.0
-0.000253102	-0.07264745	0.0
-0.0002899163	-0.08385813	0.0
-0.000322933	-0.0940375	0.0
-0.0003535704	-0.1030763	0.0
-0.0003796883	-0.1108837	0.0
-0.0004019054	-0.117337	0.0
-0.000421732	-0.1223742	0.0
-0.0004350052	-0.1259342	0.0
-0.0004450223	-0.1279667	0.0
-0.0004515088	-0.1284513	0.0
-0.0004514551	-0.1273814	0.0
-0.0004486493	-0.1247653	0.0
-0.0004399225	-0.1206385	0.0
-0.0004270245	-0.1150497	0.0
-0.0004090407	-0.1080386	0.0
-0.0003881175	-0.09977641	0.0
-0.0003614798	-0.09027155	0.0
-0.0003305445	-0.07967854	0.0
-0.0002962103	-0.06811618	0.0
-0.000258785	-0.05573498	0.0
-0.000216414	-0.04264031	0.0
-0.0001707911	-0.02906403	0.0
-0.0001240449	-0.01513335	0.0
-7.542263e-05	-0.0009990069	0.0
-2.562112e-05	0.01309909	0.0
2.757887e-05	0.02706827	0.0
7.91417e-05	0.04069907	0.0
0.0001311686	0.05383332	0.0
0.0001828846	0.06631955	0.0
0.0002307841	0.07799501	0.0
0.000278299	0.08874838	0.0
0.0003228469	0.09839284	0.0
0.0003644963	0.1068509	0.0
0.0004013762	0.1140177	0.0
0.0004343682	0.1198053	0.0
0.0004616324	0.1241409	0.0
0.0004836222	0.1269738	0.0
0.0005018121	0.1282681	0.0
0.0005122232	0.1280098	0.0
0.0005192622	0.1261998	0.0
0.0005175387	0.122864	0.0
0.0005135712	0.11804	0.0
0.0005024516	0.1117896	0.0
0.0004844457	0.1041798	0.0
0.0004636883	0.09531108	0.0
0.0004346549	0.08527008	0.0
0.0004043129	0.0742387	0.0
0.0003695023	0.06228249	0.0
0.0003305716	0.04958399	0.0
0.0002887047	0.03628915	0.0
0.0002436138	0.02254647	0.0
0.0001985305	0.008531351	0.0
0.0001496819	-0.005559844	0.0
0.0001004778	-0.01958965	0.0
5.187185e-05	-0.03337676	0.0
1.122897e-06	-0.04675001	0.0
-4.819098e-05	-0.05955019	0.0
-9.638576e-05	-0.07161723	0.0
-0.0001440994	-0.08281044	0.0
-0.000189504	-0.09299132	0.0
-0.0002330096	-0.1020408	0.0
-0.0002725952	-0.1098353	0.0
-0.0003098302	-0.1162832	0.0
-0.0003471491	-0.1213206	0.0
-0.0003765128	-0.1248723	0.0
-0.0004068692	-0.1268997	0.0
-0.0004295902	-0.127381	0.0
-0.0004471847	-0.1263094	0.0
-0.0004638055	-0.1236919	0.0
-0.0004712605	-0.1195729	0.0
-0.0004769308	-0.1139925	0.0
-0.0004760417	-0.1070218	0.0
-0.0004696536	-0.09874644	0.0
-0.0004585685	-0.0892657	0.0
-0.0004422827	-0.07868516	0.0
-0.0004209638	-0.06717274	0.0
-0.0003943728	-0.05482393	0.0
-0.0003618828	-0.04178967	0.0
-0.0003259239	-0.02827781	0.0
-0.0002855166	-0.01440908	0.0
-0.0002409349	-0.0003583398	0.0
-0.0001922717	0.01370203	0.0
-0.0001409084	0.02759709	0.0
-8.785599e-05	0.04115001	0.0
-3.282787e-05	0.05421028	0.0
2.230884e-05	0.06661969	0.0
7.838523e-05	0.07821826	0.0
0.0001321284	0.08887922	0.0
0.0001852017	0.0984548	0.0
0.0002339011	0.1068503	0.0
0.000280083	0.1139551	0.0
0.0003237907	0.119663	0.0
0.0003611902	0.1239375	0.0
0.0003950619	0.1267117	0.0
0.0004224979	0.1279538	0.0
0.0004431968	0.1276482	0.0
0.0004573049	0.1258006	0.0
0.0004643558	0.1224274	0.0
0.0004665777	0.1175803	0.0
0.0004583654	0.1113072	0.0
0.0004459391	0.1036841	0.0
0.0004258016	0.09479541	0.0
0.0004004018	0.08478253	0.0
0.0003685126	0.07373948	0.0
0.0003321209	0.06177854	0.0
0.0002896689	0.04910092	0.0
0.0002432035	0.03581393	0.0
0.0001942375	0.02209609	0.0
0.0001417993	0.008098632	0.0
8.78536e-05	-0.005994147	0.0
3.339226e-05	-0.02001139	0.0
-2.328803e-05	-0.03378023	0.0
-7.827322e-05	-0.04713878	0.0
-0.000136895	-0.05993208	0.0
-0.0001904496	-0.07198946	0.0
-0.0002416072	-0.08317342	0.0
-0.0002923034	-0.09337075	0.0
-0.0003404585	-0.1024104	0.0
-0.0003829311	-0.1102098	0.0
-0.000423077	-0.116676	0.0
-0.0004593453	-0.1217282	0.0
-0.0004905551	-0.1252976	0.0
-0.0005172604	-0.1273471	0.0
-0.0005375083	-0.1278494	0.0
-0.000555031	-0.1267985	0.0
-0.0005648487	-0.1242131	0.0
-0.0005704527	-0.1201173	0.0
-0.0005690213	-0.1145588	0.0
-0.0005617696	-0.1076079	0.0
-0.0005500861	-0.09934898	0.0
-0.0005328142	-0.08986269	0.0
-0.0005081146	-0.07932321	0.0
-0.000479539	-0.06778499	0.0
-0.0004462652	-0.05544661	0.0
-0.0004078203	-0.04242907	0.0
-0.0003625682	-0.02889383	0.0
-0.0003139378	-0.01499878	0.0
-0.0002653163	-0.0009441074	0.0
-0.0002101204	0.01313268	0.0
-0.0001519622	0.02704301	0.0
-9.221137e-05	0.04063077	0.0
-3.050084e-05	0.05371094	0.0
3.111971e-05	0.06614307	0.0
9.285923e-05	0.07776907	0.0
0.0001544364	0.0884399	0.0
0.0002145531	0.09804365	0.0
0.0002711706	0.1064525	0.0
0.0003270278	0.1135548	0.0
0.0003806427	0.1192719	0.0
0.0004287768	0.1235469	0.0
0.0004715198	0.1263202	0.0
0.0005110316	0.1275535	0.0
0.0005434736	0.1272369	0.0
0.0005713694	0.1253753	0.0
0.0005943495	0.1219711	0.0
0.0006085195	0.1171047	0.0
0.000618736	0.1108066	0.0
0.0006184274	0.1031605	0.0
0.0006140689	0.09426121	0.0
0.0006022564	0.08421163	0.0
0.0005870858	0.07313504	0.0
0.0005627019	0.06117867	0.0
0.0005346607	0.04847188	0.0
0.0004989478	0.03513763	0.0
0.0004601428	0.02142764	0.0
0.0004188047	0.007421704	0.0
0.0003716185	-0.006655814	0.0
0.0003211002	-0.02067532	0.0
0.0002671258	-0.03443374	0.0
0.0002118065	-0.04778239	0.0
0.0001552903	-0.06056817	0.0
9.917322e-05	-0.07261626	0.0
4.125029e-05	-0.08379763	0.0
-1.612484e-05	-0.0939651	0.0
-7.183597e-05	-0.1029983	0.0
-0.0001243917	-0.1107924	0.0
-0.0001762692	-0.1172516	0.0
-0.0002245126	-0.1222849	0.0
-0.0002699985	-0.1258353	0.0
-0.0003110956	-0.1278702	0.0
-0.0003460891	-0.1283578	0.0
-0.0003777791	-0.1272912	0.0
-0.000404654	-0.1246845	0.0
-0.0004237452	-0.1205693	0.0
-0.0004393588	-0.1149958	0.0
-0.000446301	-0.1080258	0.0
-0.0004493974	-0.09973724	0.0
-0.0004432877	-0.09026038	0.0
-0.0004343937	-0.07968009	0.0
-0.000417508	-0.06811521	0.0
-0.0003946168	-0.05576849	0.0
-0.000365623	-0.04271456	0.0
-0.0003320198	-0.02917419	0.0
-0.0002931409	-0.0152676	0.0
-0.0002506445	-0.001165941	0.0
-0.0002054544	0.01294605	0.0
-0.0001566698	0.02690854	0.0
-0.0001060589	0.04052068	0.0
-5.255295e-05	0.05364237	0.0
-7.407079e-07	0.066122	0.0
5.139512e-05	0.07778732	0.0
0.0001030587	0.08851738	0.0
0.0001504838	0.09817123	0.0
0.0001972974	0.1066278	0.0
0.0002405387	0.1137968	0.0
0.0002761858	0.1195928	0.0
0.0003100075	0.123924	0.0
0.0003372091	0.1267586	0.0
0.0003593049	0.1280547	0.0
0.000375959	0.1277988	0.0
0.0003850716	0.1259907	0.0
0.0003891217	0.1226643	0.0
0.0003855194	0.1178453	0.0
0.0003773599	0.1115842	0.0
0.0003619282	0.1039963	0.0
0.000339761	0.09512814	0.0
0.0003160308	0.08511639	0.0
0.000285695	0.07406203	0.0
0.0002529297	0.06210926	0.0
0.0002159566	0.04938717	0.0
0.0001753319	0.03610289	0.0
0.0001345203	0.02236582	0.0
8.966296e-05	0.008328747	0.0
4.470177e-05	-0.005765226	0.0
-7.936537e-07	-0.01980606	0.0
-4.547833e-05	-0.0336051	0.0
-9.114981e-05	-0.04699666	0.0
-0.0001345588	-0.05982517	0.0
-0.0001772174	-0.07190498	0.0
-0.0002182163	-0.08312143	0.0
-0.0002574894	-0.0933261	0.0
-0.0002941544	-0.1023999	0.0
-0.0003294162	-0.1102186	0.0
-0.0003616887	-0.1166945	0.0
-0.0003906304	-0.1217551	0.0
-0.0004184393	-0.1253392	0.0
-0.0004412862	-0.127386	0.0
-0.0004613793	-0.1278875	0.0
-0.0004784047	-0.1268335	0.0
-0.0004902525	-0.1242299	0.0
-0.0004989307	-0.1201167	0.0
-0.0005043693	-0.1145388	0.0
-0.0005047137	-0.1075769	0.0
-0.000499249	-0.09929183	0.0
-0.0004894211	-0.08979576	0.0
-0.0004763571	-0.07920558	0.0
-0.0004574705	-0.06764549	0.0
-0.0004334174	-0.05526091	0.0
-0.0004045067	-0.04219807	0.0
-0.000372944	-0.0286173	0.0
-0.0003362272	-0.01466869	0.0
-0.0002945194	-0.0005664735	0.0
-0.0002504691	0.01356221	0.0
-0.0002024651	0.02753079	0.0
-0.0001518193	0.04117441	0.0
-9.872419e-05	0.05432976	0.0
-4.50353e-05	0.06682245	0.0
8.85904e-06	0.0785079	0.0
6.388871e-05	0.08926105	0.0
0.0001169854	0.09891585	0.0
0.0001687941	0.1073954	0.0
0.0002196365	0.1145533	0.0
0.0002644117	0.1203465	0.0
0.0003080238	0.1246778	0.0
0.0003488465	0.1275073	0.0
0.0003814457	0.1287972	0.0
0.0004123987	0.1285302	0.0
0.0004344294	0.1267094	0.0
0.0004550672	0.1233609	0.0
0.0004670406	0.118522	0.0
0.0004745483	0.1122508	0.0
0.0004775323	0.1046244	0.0
0.0004747684	0.0957431	0.0
0.0004637169	0.08570314	0.0
0.0004497379	0.07464065	0.0
0.0004307037	0.0626742	0.0
0.0004081374	0.0499564	0.0
0.0003800897	0.03665146	0.0
0.0003491722	0.02290102	0.0
0.0003156064	0.008878121	0.0
0.0002786087	-0.005233237	0.0
0.0002401484	-0.01928355	0.0
0.0001991589	-0.03306786	0.0
0.0001569499	-0.04649711	0.0
0.0001131701	-0.05925689	0.0
6.98333e-05	-0.07138018	0.0
2.511285e-05	-0.08252804	0.0
-1.808707e-05	-0.09271513	0.0
-6.317951e-05	-0.101789	0.0
-0.0001055305	-0.109588	0.0
-0.0001453196	-0.1160465	0.0
-0.0001852611	-0.1210867	0.0
-0.0002204872	-0.1246469	0.0
-0.0002556791	-0.1266812	0.0
-0.0002865549	-0.1271658	0.0
-0.0003122284	-0.1260964	0.0
-0.0003365548	-0.1234832	0.0
-0.0003541399	-0.1193605	0.0
-0.000369506	-0.1137731	0.0
-0.0003780463	-0.1067851	0.0
-0.0003835309	-0.09850257	0.0
-0.0003815605	-0.08899802	0.0
-0.00037585	-0.07839804	0.0
-0.0003656114	-0.06683757	0.0
-0.0003475382	-0.05443935	0.0
-0.0003262093	-0.04136549	0.0
-0.0002999369	-0.02776428	0.0
-0.0002679263	-0.01382671	0.0
-0.0002315933	0.0002693721	0.0
-0.0001942908	0.01440673	0.0
-0.00015272	0.02838157	0.0
-0.0001061723	0.0420379	0.0
-6.155637e-05	0.05519888	0.0
-1.478463e-05	0.0677105	0.0
3.503071e-05	0.07941768	0.0
8.09987e-05	0.09017874	0.0
0.0001296318	0.09985996	0.0
0.0001748212	0.1083511	0.0
0.0002169294	0.1155506	0.0
0.0002565317	0.1213652	0.0
0.0002917875	0.1257321	0.0
0.0003231572	0.1285894	0.0
0.000350834	0.1299164	0.0
0.0003728046	0.1296883	0.0
0.0003903314	0.1279101	0.0
0.0004037254	0.1246077	0.0
0.0004099088	0.1198175	0.0
0.000413368	0.1135945	0.0
0.0004109334	0.1060202	0.0
0.0004018794	0.09719355	0.0
0.0003905545	0.08720443	0.0
0.0003729627	0.07619248	0.0
0.0003539781	0.06428229	0.0
0.0003296192	0.05163356	0.0
0.0003023969	0.0383791	0.0
0.0002718806	0.02468463	0.0
0.0002385634	0.01072268	0.0
0.000204117	-0.003333591	0.0
0.0001683164	-0.0173298	0.0
0.0001306834	-0.03106237	0.0
9.065803e-05	-0.04441974	0.0
5.150576e-05	-0.05715836	0.0
1.058434e-05	-0.06920364	0.0
-2.822173e-05	-0.08033343	0.0
-6.795939e-05	-0.09047095	0.0
-0.0001038219	-0.09947442	0.0
-0.0001409049	-0.1072251	0.0
-0.0001755867	-0.1136354	0.0
-0.0002076181	-0.1186284	0.0
-0.0002374787	-0.1221358	0.0
-0.0002638521	-0.124118	0.0
-0.0002875696	-0.1245481	0.0
-0.0003076543	-0.1234146	0.0
-0.0003213692	-0.1207408	0.0
-0.0003331495	-0.116549	0.0
-0.0003407899	-0.1108891	0.0
-0.0003414286	-0.1038269	0.0
-0.0003405277	-0.09544782	0.0
-0.0003298462	-0.08585574	0.0
-0.000316538	-0.07516477	0.0
-0.000298251	-0.06349559	0.0
-0.0002725485	-0.05098747	0.0
-0.0002441505	-0.03781088	0.0
-0.0002104388	-0.02412637	0.0
-0.0001731567	-0.01006534	0.0
-0.0001316866	0.004184904	0.0
-8.62379e-05	0.01845812	0.0
-3.747589e-05	0.0325809	0.0
1.044859e-05	0.04636754	0.0
6.393059e-05	0.05969698	0.0
0.000116439	0.07233629	0.0
0.0001678496	0.08419392	0.0
0.0002208608	0.09512208	0.0
0.0002708116	0.1049704	0.0
0.0003196738	0.113633	0.0
0.0003654862	0.1209923	0.0
0.0004084318	0.1269794	0.0
0.0004459644	0.1315169	0.0
0.0004786443	0.1345488	0.0
0.000508406	0.1360404	0.0
0.0005304755	0.1359767	0.0
0.0005478422	0.1343555	0.0
0.000556969	0.1311996	0.0
0.0005618266	0.1265512	0.0
0.0005606279	0.1204569	0.0
0.0005509918	0.1129936	0.0
0.0005386541	0.1042505	0.0
0.0005170786	0.09433318	0.0
0.0004922787	0.08335002	0.0
0.000461003	0.0714387	0.0
0.0004256636	0.05873679	0.0
0.0003868006	0.04539338	0.0
0.0003421715	0.03158469	0.0
0.0002952316	0.01743823	0.0
0.0002450857	0.003112974	0.0
0.0001950193	-0.01120193	0.0
0.0001411774	-0.02536316	0.0
8.814744e-05	-0.03920592	0.0
3.168167e-05	-0.05257879	0.0
-2.279425e-05	-0.06532236	0.0
-7.699116e-05	-0.07733974	0.0
-0.0001305143	-0.08843402	0.0
-0.0001808109	-0.09856703	0.0
-0.0002300005	-0.1076019	0.0
-0.0002758405	-0.1154685	0.0
-0.0003185449	-0.1220911	0.0
-0.0003588409	-0.1274045	0.0
-0.0003942439	-0.1313856	0.0
-0.0004271521	-0.1340083	0.0
-0.0004555426	-0.1352723	0.0
-0.0004787281	-0.1351848	0.0
-0.0004959657	-0.1337799	0.0
-0.000510359	-0.1310982	0.0
-0.0005195325	-0.1271999	0.0
-0.0005245705	-0.1221544	0.0
-0.0005226698	-0.116042	0.0
-0.0005202246	-0.1089659	0.0
-0.0005097362	-0.1010188	0.0
-0.0004978516	-0.09232345	0.0
-0.0004808344	-0.08300558	0.0
-0.0004602479	-0.0731796	0.0
-0.0004384876	-0.06298557	0.0
-0.000411766	-0.05255137	0.0
-0.0003853344	-0.04200919	0.0
-0.0003555123	-0.03144819	0.0
-0.0003252309	-0.02105758	0.0
-0.0002955906	-0.0109188	0.0
-0.0002638363	-0.001173168	0.0
-0.0002340442	0.008112571	0.0
-0.0002032882	0.01684277	0.0
-0.0001741496	0.024926	0.0
-0.0001454186	0.03230288	0.0
-0.0001197334	0.03891701	0.0
-9.30758e-05	0.04473182	0.0
-7.186362e-05	0.04971903	0.0
-5.054074e-05	0.05387693	0.0
-3.020172e-05	0.05719188	0.0
-1.578243e-05	0.05969736	0.0
-9.733458e-07	0.06141295	0.0
1.128562e-05	0.06237583	0.0
1.979168e-05	0.06263661	0.0
2.744281e-05	0.06225058	0.0
3.346397e-05	0.06127774	0.0
3.845971e-05	0.05978591	0.0
4.092979e-05	0.05784655	0.0
4.403554e-05	0.05552671	0.0
4.353561e-05	0.05289815	0.0
4.275176e-05	0.0500316	0.0
4.211171e-05	0.04698818	0.0
3.847581e-05	0.04382927	0.0
3.657319e-05	0.04061301	0.0
3.485719e-05	0.03738391	0.0
3.052269e-05	0.03418925	0.0
2.67937e-05	0.03106004	0.0
2.312241e-05	0.02803234	0.0
1.880177e-05	0.02512727	0.0
1.452206e-05	0.02236778	0.0
1.039061e-05	0.01976184	0.0
7.110948e-06	0.01731686	0.0
2.823952e-06	0.01504136	0.0
-4.077762e-07	0.01293111	0.0
-3.144359e-06	0.01098702	0.0
-6.32525e-06	0.009207324	0.0
-9.147319e-06	0.007581581	0.0
-1.172244e-05	0.006106679	0.0
-1.428815e-05	0.004770103	0.0
-1.638659e-05	0.003570786	0.0
-1.801209e-05	0.002494577	0.0
-1.975433e-05	0.001532114	0.0
-1.976123e-05	0.0006776826	0.0
-2.01041e-05	-8.023931e-05	0.0
-2.079023e-05	-0.0007455552	0.0
-2.217507e-05	-0.001327668	0.0
-2.171309e-05	-0.00183598	0.0
-2.170665e-05	-0.002274061	0.0
-2.112775e-05	-0.00265183	0.0
-1.996978e-05	-0.002971809	0.0
-1.858026e-05	-0.003241596	0.0
-1.730648e-05	-0.003466001	0.0
-1.580305e-05	-0.003648335	0.0
-1.418253e-05	-0.003795662	0.0
-1.291167e-05	-0.003911709	0.0
-1.037154e-05	-0.003998289	0.0
-8.17472e-06	-0.00405853	0.0
-5.867033e-06	-0.004098462	0.0
-3.09198e-06	-0.004119208	0.0
-2.39727e-06	-0.004121991	0.0
3.701115e-07	-0.004109683	0.0
3.029829e-06	-0.00408393	0.0
3.723654e-06	-0.00404885	0.0
5.570664e-06	-0.00400487	0.0
6.379471e-06	-0.003951425	0.0
8.455994e-06	-0.003892217	0.0
1.018993e-05	-0.003826289	0.0
9.961042e-06	-0.003756522	0.0
1.053554e-05	-0.003683322	0.0
1.342239e-05	-0.003606166	0.0
1.261656e-05	-0.003527597	0.0
1.330863e-05	-0.003447953	0.0
1.377094e-05	-0.003366512	0.0
1.515635e-05	-0.003284538	0.0
1.550335e-05	-0.003203392	0.0
1.446534e-05	-0.003120322	0.0
1.365839e-05	-0.003039598	0.0
1.262006e-05	-0.002957885	0.0
1.354376e-05	-0.00287909	0.0
1.308343e-05	-0.002799594	0.0
1.239163e-05	-0.002721596	0.0
1.204595e-05	-0.00264648	0.0
1.250814e-05	-0.002571495	0.0
1.285572e-05	-0.002498718	0.0
1.158714e-05	-0.002426875	0.0
1.112641e-05	-0.002357237	0.0
9.511735e-06	-0.002289924	0.0
8.589423e-06	-0.002223444	0.0
8.474857e-06	-0.002158338	0.0
8.937707e-06	-0.002095702	0.0
7.554201e-06	-0.002034429	0.0
7.093238e-06	-0.001973705	0.0
7.325675e-06	-0.001916556	0.0
5.826268e-06	-0.001861033	0.0
6.865972e-06	-0.001806466	0.0
6.174707e-06	-0.001752868	0.0
6.060463e-06	-0.001702151	0.0
4.676884e-06	-0.001652936	0.0
5.139726e-06	-0.001605226	0.0
3.755312e-06	-0.001556831	0.0
3.065131e-06	-0.001511601	0.0
3.181757e-06	-0.001468017	0.0
2.489922e-06	-0.001425109	0.0
1.337384e-06	-0.001383577	0.0
7.620788e-07	-0.001344246	0.0
3.019992e-07	-0.001305592	0.0
3.033775e-07	-0.001268443	0.0
3.056347e-07	-0.001232248	0.0
1.113706e-06	-0.001197153	0.0
-2.716307e-07	-0.001163436	0.0
-7.283549e-07	-0.001131223	0.0
3.104653e-07	-0.001098042	0.0
-8.449778e-07	-0.001067063	0.0
-1.301639e-06	-0.00103595	0.0
-7.234011e-07	-0.001007315	0.0
-9.541775e-07	-0.000980587	0.0
-1.531334e-06	-0.0009528981	0.0
-2.798507e-06	-0.0009264501	0.0
-2.67867e-06	-0.0009016455	0.0
-2.216747e-06	-0.0008777881	0.0
-2.679889e-06	-0.0008532446	0.0
-3.367551e-06	-0.0008288482	0.0
-2.556723e-06	-0.0008065158	0.0
-2.442035e-06	-0.0007852705	0.0
-2.324513e-06	-0.0007640246	0.0
-2.441193e-06	-0.0007438767	0.0
-3.363735e-06	-0.0007235949	0.0
-3.820975e-06	-0.0007035983	0.0
-3.703857e-06	-0.0006872885	0.0
-4.168051e-06	-0.0006674093	0.0
-4.968311e-06	-0.000650699	0.0
-3.698502e-06	-0.000633423	0.0
-4.389816e-06	-0.0006171185	0.0
-3.232504e-06	-0.0006014926	0.0
-3.8137e-06	-0.0005851859	0.0
-4.388944e-06	-0.0005706704	0.0
-5.076208e-06	-0.0005565525	0.0
-4.148564e-06	-0.0005409286	0.0
-4.037422e-06	-0.0005284642	0.0
-4.610793e-06	-0.0005147589	0.0
-3.913188e-06	-0.0005013374	0.0
-3.106216e-06	-0.0004891392	0.0
-3.572733e-06	-0.0004769479	0.0
-5.068422e-06	-0.000466532	0.0
-4.600802e-06	-0.0004537874	0.0
-4.953895e-06	-0.0004432411	0.0
-6.67842e-06	-0.0004318684	0.0
-5.168036e-06	-0.0004206343	0.0
-4.138825e-06	-0.0004102193	0.0
-5.865793e-06	-0.000399539	0.0
-4.591726e-06	-0.0003902196	0.0
-5.171689e-06	-0.0003806329	0.0
-5.167289e-06	-0.0003732335	0.0
-5.1673e-06	-0.0003626775	0.0
-5.395346e-06	-0.0003537812	0.0
-4.931427e-06	-0.0003463771	0.0
-5.048722e-06	-0.0003367859	0.0
-6.203097e-06	-0.0003300841	0.0
-6.771314e-06	-0.0003232321	0.0
-5.04144e-06	-0.0003152845	0.0
-6.31129e-06	-0.0003080269	0.0
-5.382037e-06	-0.0002999433	0.0
-4.807928e-06	-0.0002943288	0.0
-5.612314e-06	-0.0002877471	0.0
-4.455704e-06	-0.0002789772	0.0
-5.035694e-06	-0.0002730926	0.0
-5.838588e-06	-0.0002669292	0.0
-4.912878e-06	-0.0002615878	0.0
-5.029438e-06	-0.0002561055	0.0
-5.604376e-06	-0.0002488483	0.0
-5.833506e-06	-0.0002444701	0.0
-6.061861e-06	-0.0002389903	0.0
-5.367905e-06	-0.0002328261	0.0
-5.713874e-06	-0.0002287191	0.0
-6.288398e-06	-0.0002229631	0.0
-6.288705e-06	-0.0002170748	0.0
-7.553309e-06	-0.0002133795	0.0
-5.128954e-06	-0.0002073461	0.0
-6.630033e-06	-0.0002029695	0.0
-6.04894e-06	-0.0001998198	0.0
-5.933322e-06	-0.0001962584	0.0
-5.931337e-06	-0.0001911892	0.0
-5.583499e-06	-0.000186671	0.0
-5.351524e-06	-0.0001831112	0.0
-5.465518e-06	-0.000179823	0.0
-5.811511e-06	-0.000174617	0.0
-6.962894e-06	-0.0001706501	0.0
-6.15173e-06	-0.0001677736	0.0
-5.921564e-06	-0.0001646224	0.0
-6.381209e-06	-0.0001610642	0.0
-6.148212e-06	-0.0001580513	0.0
-6.031477e-06	-0.0001542174	0.0
-5.799091e-06	-0.0001513428	0.0
-6.029911e-06	-0.0001480574	0.0
-6.950284e-06	-0.0001453218	0.0
-6.140247e-06	-0.0001418953	0.0
-6.486414e-06	-0.0001388854	0.0
-6.483428e-06	-0.0001358719	0.0
-5.789092e-06	-0.0001321754	0.0
-5.095223e-06	-0.0001310833	0.0
-4.74944e-06	-0.0001286149	0.0
-5.785959e-06	-0.0001243731	0.0
-4.859317e-06	-0.0001230066	0.0
-4.167307e-06	-0.000120815	0.0
-5.205341e-06	-0.0001184897	0.0
-6.011424e-06	-0.0001156157	0.0
-6.353595e-06	-0.0001131539	0.0
-4.620998e-06	-0.0001110969	0.0
-5.084333e-06	-0.0001079481	0.0
-5.65776e-06	-0.0001061732	0.0
-5.194515e-06	-0.0001046682	0.0
-5.65645e-06	-0.00010289	0.0
-6.113473e-06	-0.0001001508	0.0
-4.728632e-06	-9.714031e-05	0.0
-5.99751e-06	-9.714563e-05	0.0
-5.649248e-06	-9.399449e-05	0.0
-6.570406e-06	-9.2767e-05	0.0
-5.529336e-06	-8.975205e-05	0.0
-5.991212e-06	-8.852498e-05	0.0
-5.756991e-06	-8.674662e-05	0.0
-5.29505e-06	-8.578922e-05	0.0
-5.871263e-06	-8.305235e-05	0.0
-6.330801e-06	-8.155082e-05	0.0
-6.444276e-06	-8.018434e-05	0.0
-5.74861e-06	-7.92275e-05	0.0
-3.901629e-06	-7.82678e-05	0.0
-4.825796e-06	-7.635378e-05	0.0
-6.20746e-06	-7.430386e-05	0.0
-5.2821e-06	-7.238786e-05	0.0
-5.51239e-06	-7.198095e-05	0.0
-5.625537e-06	-7.020297e-05	0.0
-5.047425e-06	-6.910959e-05	0.0
-6.315152e-06	-6.760812e-05	0.0
-4.928771e-06	-6.569028e-05	0.0
-7.004558e-06	-6.501294e-05	0.0
-4.349011e-06	-6.418931e-05	0.0
-6.193331e-06	-6.282571e-05	0.0
-5.730649e-06	-6.132095e-05	0.0
-6.075228e-06	-5.995436e-05	0.0
-5.496589e-06	-5.927207e-05	0.0
-6.302741e-06	-5.708417e-05	0.0
-5.494479e-06	-5.735971e-05	0.0
-4.569387e-06	-5.640379e-05	0.0
-4.566505e-06	-5.503695e-05	0.0
-5.25844e-06	-5.380809e-05	0.0
-4.679179e-06	-5.257743e-05	0.0
-5.601877e-06	-5.148444e-05	0.0
-3.639349e-06	-5.189771e-05	0.0
-3.866643e-06	-4.957111e-05	0.0
-4.441974e-06	-4.998653e-05	0.0
-5.363897e-06	-4.780047e-05	0.0
-5.478264e-06	-4.656831e-05	0.0
-5.246687e-06	-4.698372e-05	0.0
-4.090586e-06	-4.520385e-05	0.0
-4.895834e-06	-4.493538e-05	0.0
-4.780555e-06	-4.315548e-05	0.0
-4.316298e-06	-4.466588e-05	0.0
-5.351922e-06	-4.302979e-05	0.0
-6.160085e-06	-4.166291e-05	0.0
-5.696745e-06	-4.097908e-05	0.0
-5.927175e-06	-4.125771e-05	0.0
-4.195306e-06	-4.016421e-05	0.0
-4.421236e-06	-3.865903e-05	0.0
-5.228329e-06	-3.866307e-05	0.0
-5.457257e-06	-3.812054e-05	0.0
-6.149108e-06	-3.689418e-05	0.0
-5.686451e-06	-3.511214e-05	0.0
-5.801136e-06	-3.566359e-05	0.0
-4.76198e-06	-3.443614e-05	0.0
-4.642928e-06	-3.36128e-05	0.0
-4.64021e-06	-3.375549e-05	0.0
-5.445576e-06	-3.266346e-05	0.0
-5.563305e-06	-3.280519e-05	0.0
-4.867461e-06	-3.102979e-05	0.0
-5.557141e-06	-3.034012e-05	0.0
-5.441696e-06	-3.158381e-05	0.0
-5.670459e-06	-2.912061e-05	0.0
-5.782817e-06	-2.994435e-05	0.0
-6.24735e-06	-2.844334e-05	0.0
-4.514669e-06	-2.926066e-05	0.0
-4.85692e-06	-2.900138e-05	0.0
-4.277716e-06	-2.653307e-05	0.0
-4.970592e-06	-2.735378e-05	0.0
-3.585302e-06	-2.722433e-05	0.0
-4.041678e-06	-2.640677e-05	0.0
-3.810888e-06	-2.572282e-05	0.0
-4.154315e-06	-2.572639e-05	0.0
-4.153407e-06	-2.532085e-05	0.0
-4.382792e-06	-2.477599e-05	0.0
-4.494187e-06	-2.450507e-05	0.0
-5.531586e-06	-2.423712e-05	0.0
-5.418328e-06	-2.342359e-05	0.0
-4.95883e-06	-2.191261e-05	0.0
-3.798945e-06	-2.260039e-05	0.0
-4.602113e-06	-2.123819e-05	0.0
-4.259548e-06	-2.150723e-05	0.0
-4.138605e-06	-2.165574e-05	0.0
-4.143114e-06	-2.06948e-05	0.0
-2.982758e-06	-2.165779e-05	0.0
-4.131508e-06	-2.002898e-05	0.0
-3.904796e-06	-1.892213e-05	0.0
-3.901937e-06	-2.002542e-05	0.0
-3.782873e-06	-1.879939e-05	0.0
-4.47301e-06	-1.880233e-05	0.0
-4.360986e-06	-1.784553e-05	0.0
-3.897482e-06	-1.839402e-05	0.0
-3.663635e-06	-1.798989e-05	0.0
-3.888097e-06	-1.799162e-05	0.0
-4.925378e-06	-1.772618e-05	0.0
-4.931533e-06	-1.70446e-05	0.0
-4.007687e-06	-1.649998e-05	0.0
-3.767836e-06	-1.56775e-05	0.0
-4.689583e-06	-1.595607e-05	0.0
-4.577817e-06	-1.554818e-05	0.0
-4.228272e-06	-1.609757e-05	0.0
-4.341054e-06	-1.583418e-05	0.0
-4.11333e-06	-1.474027e-05	0.0
-3.52805e-06	-1.446603e-05	0.0
-5.022746e-06	-1.41985e-05	0.0
-5.14843e-06	-1.39288e-05	0.0
-3.989239e-06	-1.351892e-05	0.0
-4.333723e-06	-1.365624e-05	0.0
-3.86486e-06	-1.448092e-05	0.0
-5.598181e-06	-1.463224e-05	0.0
-3.645077e-06	-1.312695e-05	0.0
-2.824404e-06	-1.257532e-05	0.0
-3.856737e-06	-1.298904e-05	0.0
-4.55664e-06	-1.313767e-05	0.0
-3.515381e-06	-1.217606e-05	0.0
-4.088243e-06	-1.259884e-05	0.0
-3.286925e-06	-1.040265e-05	0.0
-2.468943e-06	-1.218395e-05	0.0
-3.392005e-06	-1.082575e-05	0.0
-2.926643e-06	-1.096095e-05	0.0
-4.42517e-06	-1.05553e-05	0.0
-3.736883e-06	-1.070115e-05	0.0
-3.96158e-06	-8.783501e-06	0.0
-3.621542e-06	-1.000986e-05	0.0
-2.117673e-06	-1.043591e-05	0.0
-2.567645e-06	-8.930827e-06	0.0
-3.726466e-06	-9.205094e-06	0.0
-2.804055e-06	-9.209104e-06	0.0
-3.029186e-06	-9.215787e-06	0.0
-3.374305e-06	-8.12318e-06	0.0
-3.6059e-06	-8.260762e-06	0.0
-2.912995e-06	-8.40235e-06	0.0
-2.907326e-06	-8.405148e-06	0.0
-3.485137e-06	-8.549165e-06	0.0
-2.679001e-06	-8.000631e-06	0.0
-2.325824e-06	-8.82943e-06	0.0
-3.591554e-06	-7.191912e-06	0.0
-3.943584e-06	-7.055794e-06	0.0
-2.554193e-06	-6.781954e-06	0.0
-3.475927e-06	-7.883793e-06	0.0
-2.091812e-06	-7.340177e-06	0.0
-2.317437e-06	-7.20724e-06	0.0
-2.546576e-06	-6.52412e-06	0.0
-3.009181e-06	-7.350124e-06	0.0
-1.968379e-06	-6.671929e-06	0.0
-2.657975e-06	-5.849107e-06	0.0
-2.196539e-06	-7.224244e-06	0.0
-1.84885e-06	-6.405878e-06	0.0
-1.383911e-06	-6.958684e-06	0.0
-2.651992e-06	-4.907393e-06	0.0
-2.074633e-06	-5.593768e-06	0.0
-2.18732e-06	-6.147225e-06	0.0
-3.109231e-06	-5.466671e-06	0.0
-2.993012e-06	-5.606297e-06	0.0
-2.414924e-06	-6.432685e-06	0.0
-1.374311e-06	-5.887634e-06	0.0
-1.372474e-06	-6.028562e-06	0.0
-1.48596e-06	-4.935975e-06	0.0
-2.408059e-06	-5.076985e-06	0.0
-1.483297e-06	-5.491478e-06	0.0
-2.751154e-06	-4.125417e-06	0.0
-1.249377e-06	-5.087794e-06	0.0
-2.287187e-06	-4.954482e-06	0.0
-2.976983e-06	-3.451372e-06	0.0
-1.93691e-06	-4.415181e-06	0.0
-2.166366e-06	-5.240591e-06	0.0
-1.356669e-06	-4.557144e-06	0.0
-1.818804e-06	-3.191155e-06	0.0
-3.316801e-06	-3.746161e-06	0.0
-2.966857e-06	-4.434617e-06	0.0
-1.927241e-06	-4.848218e-06	0.0
-1.927309e-06	-4.164094e-06	0.0
-2.733603e-06	-2.251418e-06	0.0
-2.730756e-06	-4.041682e-06	0.0
-2.382915e-06	-4.860006e-06	0.0
-1.918916e-06	-1.711601e-06	0.0
-1.342286e-06	-2.955e-06	0.0
-2.149638e-06	-3.228478e-06	0.0
-2.261691e-06	-2.961257e-06	0.0
-2.377164e-06	-3.921988e-06	0.0
-2.95119e-06	-2.279753e-06	0.0
-2.488226e-06	-2.423956e-06	0.0
-2.832064e-06	-2.564171e-06	0.0
-2.139465e-06	-2.842561e-06	0.0
-2.944936e-06	-3.119317e-06	0.0
-1.903347e-06	-2.849977e-06	0.0
-2.133825e-06	-3.399154e-06	0.0
-1.672788e-06	-2.169536e-06	0.0
-2.708812e-06	-2.723183e-06	0.0
-2.014378e-06	-1.627318e-06	0.0
-3.054703e-06	-1.773703e-06	0.0
-2.931374e-06	-2.050759e-06	0.0
-2.240255e-06	-2.050867e-06	0.0
-2.819194e-06	-1.51049e-06	0.0
-3.042527e-06	-2.335171e-06	0.0
-2.236825e-06	-1.515798e-06	0.0
-2.924964e-06	-2.483452e-06	0.0
-1.537864e-06	-2.481961e-06	0.0
-2.234818e-06	-2.347788e-06	0.0
-2.345119e-06	-1.805504e-06	0.0
-2.107982e-06	-2.220626e-06	0.0
-1.425301e-06	-1.811197e-06	0.0
-3.495014e-06	-1.81677e-06	0.0
-1.407807e-06	-1.269919e-06	0.0
-1.415878e-06	-1.275971e-06	0.0
-1.18095e-06	-1.140039e-06	0.0
-1.414284e-06	-8.732104e-07	0.0
-1.872024e-06	-1.42563e-06	0.0
-1.637273e-06	-1.430421e-06	0.0
-1.522429e-06	-1.838445e-06	0.0
-1.754353e-06	-7.521335e-07	0.0
-2.330706e-06	-1.847721e-06	0.0
-2.436013e-06	7.099275e-08	0.0
-1.394905e-06	-7.685487e-07	0.0
-9.311305e-07	-9.01542e-07	0.0
-3.660524e-07	-9.030057e-07	0.0
-2.213545e-06	-3.594868e-07	0.0
-1.846395e-06	-6.457406e-07	0.0
-5.721735e-07	-1.471712e-06	0.0
2.170164e-07	-1.881315e-06	0.0
-1.27896e-06	-2.02616e-06	0.0
-3.40025e-07	-2.573012e-06	0.0
-3.568739e-07	-1.601699e-06	0.0
-1.391276e-06	-3.881488e-07	0.0
-1.381906e-06	-1.218367e-06	0.0
-1.145428e-06	-8.022275e-07	0.0
-3.349784e-07	-9.526421e-07	0.0
-4.687841e-07	-1.080291e-06	0.0
-1.725477e-06	-1.320076e-07	0.0
-9.09433e-07	-6.833702e-07	0.0
-1.382098e-06	1.373721e-07	0.0
-1.482633e-06	-4.253332e-07	0.0
-1.148237e-06	-4.162405e-07	0.0
-2.537351e-06	-1.648219e-08	0.0
-2.50993e-06	-5.743232e-07	0.0
-1.481351e-06	-8.456548e-07	0.0
-2.297799e-06	-5.637813e-07	0.0
-2.280731e-06	2.412405e-07	0.0
-1.58215e-06	-8.688597e-07	0.0
-1.015991e-06	-8.478131e-07	0.0
-1.476269e-06	2.422931e-07	0.0
-1.363539e-06	-2.053894e-07	0.0
-1.807271e-06	-1.974602e-06	0.0
-4.285502e-07	-9.942333e-07	0.0
-1.477819e-06	-6.113542e-07	0.0
-9.942528e-07	-1.296763e-06	0.0
-7.78834e-07	-1.020955e-06	0.0
-1.352485e-06	-1.450839e-06	0.0
-1.109202e-06	-1.985226e-06	0.0
-8.873777e-07	-1.023241e-06	0.0
-1.227456e-06	-9.026459e-07	0.0
-1.002154e-06	-7.620084e-07	0.0
-1.687096e-06	-5.014762e-07	0.0
-9.86152e-07	-7.683967e-07	0.0
-9.87254e-07	1.879528e-07	0.0
-5.306708e-07	-2.484919e-07	0.0
-8.639206e-07	-1.073717e-06	0.0
2.875033e-07	-1.183169e-06	0.0
-4.176411e-07	1.999197e-08	0.0
-2.881887e-07	-1.198365e-06	0.0
-2.884907e-07	1.283497e-06	0.0
-1.767724e-07	9.562185e-07	0.0
-6.38155e-07	-1.441506e-07	0.0
-5.098781e-07	-6.604672e-07	0.0
-4.414044e-08	5.463196e-07	0.0
6.565097e-07	-9.606503e-07	0.0
1.089588e-06	4.215407e-07	0.0
-5.272577e-07	-4.407539e-07	0.0
-3.834207e-07	-9.56644e-07	0.0
7.706372e-08	5.563957e-07	0.0
2.984293e-07	5.051003e-07	0.0
-4.042236e-07	-8.326766e-07	0.0
-9.610691e-07	1.082787e-06	0.0
-3.811007e-07	-3.347016e-07	0.0
-4.979362e-07	-9.774758e-07	0.0
-1.503069e-07	5.261762e-07	0.0
-3.827005e-07	7.666971e-08	0.0
-1.425439e-07	-7.224206e-07	0.0
-3.75005e-08	3.705897e-07	0.0
-4.915385e-07	-1.991658e-07	0.0
-2.650725e-07	-3.275523e-07	0.0
-8.300029e-07	-4.81125e-07	0.0
3.359466e-07	-1.015528e-06	0.0
4.319292e-07	5.121147e-07	0.0
-3.22742e-08	1.570537e-06	0.0
-4.82093e-07	4.573259e-07	0.0
2.315311e-07	5.720729e-08	0.0
1.133753e-06	-8.473815e-08	0.0
2.020402e-07	-7.992062e-08	0.0
-1.914212e-08	1.779963e-07	0.0
-2.370925e-07	-3.604334e-07	0.0
6.929927e-07	8.775855e-07	0.0
5.507372e-07	8.531979e-07	0.0
7.043065e-09	5.729441e-07	0.0
1.496139e-06	2.19346e-08	0.0
8.458973e-08	-1.145507e-07	0.0
-3.497163e-07	-3.963958e-07	0.0
