#Bx [T], By [T], Bz [T] on 3D mesh: inmost loop vs X (horizontal transverse position), outmost loop vs Z (longitudinal position)
#0.0 #initial X position [m]
#0.0 #step of X [m]
#1 #number of points vs X
#0.0 #initial Y position [m]
#0.0 #step of Y [m]
#1 #number of points vs Y
#-1.1855 #initial Z position [m]
#0.001 #step of Z [m]
#2371 #number of points vs Z
8.766299e-08	-1.0472577e-06	0.0
2.0481482e-07	-5.0221126e-07	0.0
2.0660862e-07	8.6541309e-07	0.0
3.2368996e-07	9.9963711e-07	0.0
1.0179273e-06	3.7061504e-08	0.0
5.5812319e-07	-3.775545e-07	0.0
1.1367788e-06	1.6782663e-07	0.0
1.1388075e-06	-6.5799554e-07	0.0
1.0235281e-07	7.0991075e-07	0.0
-5.8915504e-07	-1.2115343e-06	0.0
7.9691489e-07	-6.6820496e-07	0.0
9.156181e-07	4.2581249e-07	0.0
-2.359363e-07	4.2370326e-07	0.0
-8.1283781e-07	1.4544236e-07	0.0
-4.6644386e-09	6.9118545e-07	0.0
5.7607139e-07	3.4227332e-09	0.0
-1.138617e-07	-1.3731895e-07	0.0
-5.7360711e-07	-4.1495048e-07	0.0
-9.2059116e-07	1.2896453e-07	0.0
1.2260024e-07	4.0268506e-07	0.0
-1.6072501e-06	-5.6079466e-07	0.0
-2.2344831e-07	-1.5299459e-07	0.0
-5.6556723e-07	-7.0492609e-07	0.0
-1.0187016e-07	2.4972945e-07	0.0
-9.0813717e-07	2.498667e-07	0.0
-1.0073911e-07	-1.6454922e-07	0.0
-9.6924197e-08	-3.0668423e-07	0.0
-9.415497e-08	1.0215808e-07	0.0
-6.7041054e-07	-3.1071531e-07	0.0
-3.2236554e-07	-4.5266299e-07	0.0
-6.6825675e-07	-4.6721954e-08	0.0
1.4249049e-07	6.3767908e-07	0.0
-8.902507e-07	8.9823921e-08	0.0
-1.2392914e-06	-5.9988696e-07	0.0
-1.006781e-06	-6.0796242e-07	0.0
-8.901817e-07	3.4990182e-07	0.0
-5.4123171e-07	-6.022492e-08	0.0
-8.8338584e-07	-4.7625062e-07	0.0
-1.0015222e-06	-4.8176497e-07	0.0
-7.6274468e-08	-7.2340598e-08	0.0
-3.0053172e-07	-4.8444821e-07	0.0
-6.4823263e-07	-6.2790201e-07	0.0
-1.8559355e-07	-7.6098394e-07	0.0
-2.9599684e-07	-2.2795973e-06	0.0
-5.2816353e-07	-2.3153633e-07	0.0
5.0562786e-08	-3.6299571e-07	0.0
1.6613983e-07	-2.3247331e-07	0.0
5.2375088e-07	-3.6784351e-07	0.0
-1.5582971e-06	-1.3312196e-06	0.0
5.1438752e-07	-1.3381673e-06	0.0
-1.6293565e-07	-1.2030209e-06	0.0
-8.6433863e-07	-1.4776803e-06	0.0
6.3759461e-07	-1.7610489e-06	0.0
-4.2078909e-08	-5.2970688e-07	0.0
-8.5888718e-07	-6.6904067e-07	0.0
5.3029692e-07	1.5221748e-07	0.0
-6.170502e-07	-8.073095e-07	0.0
-3.8947593e-07	-9.4743274e-07	0.0
-6.1745891e-07	-1.6433646e-06	0.0
-4.9752151e-07	9.1354269e-10	0.0
-1.4205335e-06	-1.2301686e-06	0.0
-7.3152603e-07	-8.2808197e-07	0.0
-2.6793469e-07	-1.5067734e-06	0.0
2.0340119e-07	-2.2107724e-06	0.0
-1.0684003e-06	-1.5300524e-08	0.0
1.9836244e-07	-1.6539782e-06	0.0
-2.5373231e-07	-1.6620883e-06	0.0
-5.9692053e-07	-2.2217814e-06	0.0
-1.5234698e-06	-3.046766e-08	0.0
-3.7388691e-07	-9.8323346e-07	0.0
-1.321161e-07	-8.5392981e-07	0.0
-7.0670274e-07	-1.4043443e-06	0.0
-9.3917481e-07	-1.0004223e-06	0.0
-5.950904e-07	-8.6364628e-07	0.0
-3.5219114e-07	-1.000579e-06	0.0
-1.853816e-06	-1.5551026e-06	0.0
-1.0520006e-06	-1.1478991e-06	0.0
-1.1574326e-06	-1.5582168e-06	0.0
-1.5053686e-06	-1.8377438e-06	0.0
-1.0470071e-06	-1.7090731e-06	0.0
-3.4903289e-07	-1.0215289e-06	0.0
-6.8834282e-07	-1.8446899e-06	0.0
-1.1493577e-06	-1.7143931e-06	0.0
-1.154909e-06	-1.7223867e-06	0.0
-4.5459595e-07	-7.6001317e-07	0.0
-1.3737883e-06	-1.8556115e-06	0.0
-1.2587869e-06	-1.5916826e-06	0.0
-1.7224576e-06	-1.4604744e-06	0.0
-5.7165227e-07	-6.3471794e-07	0.0
-4.4425249e-07	-1.7303927e-06	0.0
-1.1283448e-06	-1.6025624e-06	0.0
-2.0617576e-06	-2.0128327e-06	0.0
-9.0850756e-07	-1.7551977e-06	0.0
-1.2456202e-06	-2.4875709e-07	0.0
-9.0391001e-07	-3.7299691e-07	0.0
-8.9418359e-07	-1.2023879e-06	0.0
-1.1328607e-06	-1.2097286e-06	0.0
-3.1519144e-07	-1.3483839e-06	0.0
-1.3521279e-06	-1.3532198e-06	0.0
-5.4928984e-07	-1.3550834e-06	0.0
-8.8858792e-07	-1.6273253e-06	0.0
-6.5148282e-07	-2.1833878e-06	0.0
-1.3551186e-06	-1.9151805e-06	0.0
4.3373007e-08	-2.1854034e-06	0.0
-2.2480731e-06	-2.4704145e-06	0.0
-1.9367301e-06	-1.9272291e-06	0.0
-6.4928372e-07	-1.6590454e-06	0.0
-1.4464309e-06	-1.1009278e-06	0.0
-1.4526876e-06	-2.3359225e-06	0.0
-1.9015271e-06	-2.0742527e-06	0.0
-2.6037058e-06	-2.4822386e-06	0.0
-1.9142399e-06	-2.3588357e-06	0.0
-2.1301769e-06	-1.8121922e-06	0.0
-2.3735784e-06	-1.5415712e-06	0.0
-1.2224087e-06	-8.6382954e-07	0.0
-1.3084853e-06	-3.1021386e-07	0.0
-2.928442e-06	-7.1457623e-07	0.0
-2.4873796e-06	-1.5382684e-06	0.0
-1.7836345e-06	-2.1011283e-06	0.0
-1.6700907e-06	-1.8267222e-06	0.0
-1.3038419e-06	-2.2488668e-06	0.0
-3.4746763e-06	-1.4223027e-06	0.0
-4.3315008e-06	-2.3858588e-06	0.0
-2.1273577e-06	-1.4366238e-06	0.0
-3.2572411e-06	-1.8450571e-06	0.0
-3.0427352e-06	-1.298541e-06	0.0
-3.0382148e-06	-2.1199739e-06	0.0
-2.6874438e-06	-1.9860263e-06	0.0
-3.03243e-06	-2.5535103e-06	0.0
-2.7950312e-06	-9.0633631e-07	0.0
-3.3804647e-06	-2.3867565e-06	0.0
-2.0037141e-06	-2.9735179e-06	0.0
-2.3098598e-06	-1.7449426e-06	0.0
-4.0532132e-06	-1.8607313e-06	0.0
-3.1606835e-06	-2.5645302e-06	0.0
-2.3151968e-06	-1.8789178e-06	0.0
-4.0460459e-06	-2.8301283e-06	0.0
-3.4846892e-06	-2.8529068e-06	0.0
-3.706044e-06	-2.3028035e-06	0.0
-3.1395987e-06	-2.5693594e-06	0.0
-2.6638793e-06	-2.9912985e-06	0.0
-2.7862111e-06	-2.5914749e-06	0.0
-1.8571675e-06	-2.3087812e-06	0.0
-2.6430212e-06	-3.1210118e-06	0.0
-3.1270695e-06	-3.8323651e-06	0.0
-2.3104699e-06	-2.4807114e-06	0.0
-2.8860786e-06	-2.0352566e-06	0.0
-1.9699389e-06	-3.6850572e-06	0.0
-2.1801761e-06	-3.3048223e-06	0.0
-2.4239891e-06	-2.8752943e-06	0.0
-2.0605253e-06	-3.4430984e-06	0.0
-2.999861e-06	-2.3339978e-06	0.0
-1.1594796e-06	-3.9821725e-06	0.0
-1.814286e-06	-3.031555e-06	0.0
-2.7476865e-06	-4.3972732e-06	0.0
-2.9842013e-06	-3.3336057e-06	0.0
-2.8713389e-06	-2.8957304e-06	0.0
-2.8554193e-06	-3.8562616e-06	0.0
-3.8935309e-06	-4.139712e-06	0.0
-3.899881e-06	-4.425729e-06	0.0
-3.800581e-06	-3.4819329e-06	0.0
-2.1737228e-06	-3.0457074e-06	0.0
-2.9617975e-06	-4.4177905e-06	0.0
-2.7473502e-06	-4.436054e-06	0.0
-2.5065899e-06	-4.5727647e-06	0.0
-2.8407881e-06	-4.4434432e-06	0.0
-3.4294887e-06	-4.3066198e-06	0.0
-2.626098e-06	-4.3106425e-06	0.0
-2.6130929e-06	-3.9136035e-06	0.0
-2.613697e-06	-3.6098115e-06	0.0
-2.8343347e-06	-5.8118758e-06	0.0
-3.5253372e-06	-4.892263e-06	0.0
-3.3195277e-06	-4.3190803e-06	0.0
-2.3602693e-06	-5.40164e-06	0.0
-4.3329173e-06	-6.3910079e-06	0.0
-2.0661359e-06	-5.1762804e-06	0.0
-1.3147834e-06	-4.7438148e-06	0.0
-2.8232596e-06	-5.4254037e-06	0.0
-2.2527483e-06	-6.1146548e-06	0.0
-3.0496369e-06	-6.1525216e-06	0.0
-2.9373973e-06	-4.2171559e-06	0.0
-3.7341567e-06	-5.704148e-06	0.0
-3.538031e-06	-5.5985383e-06	0.0
-1.5686825e-06	-5.4538227e-06	0.0
-1.8750163e-06	-5.8567043e-06	0.0
-3.0351498e-06	-6.6927018e-06	0.0
-3.3850604e-06	-5.9006802e-06	0.0
-3.8492481e-06	-4.9108112e-06	0.0
-3.5108515e-06	-6.2886584e-06	0.0
-3.2692922e-06	-5.4768916e-06	0.0
-3.277511e-06	-6.4277783e-06	0.0
-2.4640492e-06	-5.9065842e-06	0.0
-2.7990463e-06	-5.4820043e-06	0.0
-2.6886987e-06	-6.1529831e-06	0.0
-2.9059636e-06	-7.0045458e-06	0.0
-3.5975304e-06	-5.7790953e-06	0.0
-3.9437623e-06	-6.4308188e-06	0.0
-4.2972101e-06	-7.2967441e-06	0.0
-3.6149013e-06	-5.5111741e-06	0.0
-3.355138e-06	-6.9800708e-06	0.0
-4.515718e-06	-7.7211807e-06	0.0
-3.944936e-06	-5.8003839e-06	0.0
-4.28984e-06	-6.459672e-06	0.0
-3.5897619e-06	-6.7519354e-06	0.0
-4.6191894e-06	-6.625733e-06	0.0
-4.2882548e-06	-6.0730854e-06	0.0
-4.1651797e-06	-6.8773852e-06	0.0
-4.1539029e-06	-7.9927268e-06	0.0
-4.7411813e-06	-7.7300056e-06	0.0
-3.5981795e-06	-8.2599854e-06	0.0
-3.2305675e-06	-9.2441287e-06	0.0
-3.5730507e-06	-8.2894785e-06	0.0
-3.8030198e-06	-8.8331908e-06	0.0
-3.8147409e-06	-8.4280664e-06	0.0
-3.1062721e-06	-8.8452889e-06	0.0
-4.3642412e-06	-8.1592543e-06	0.0
-4.1628628e-06	-9.243442e-06	0.0
-3.2172834e-06	-9.9375384e-06	0.0
-4.2523043e-06	-1.0637292e-05	0.0
-3.9056581e-06	-1.0225148e-05	0.0
-4.7196222e-06	-1.0657164e-05	0.0
-3.5627415e-06	-8.8669294e-06	0.0
-4.699782e-06	-1.0494924e-05	0.0
-4.4895182e-06	-1.011946e-05	0.0
-4.1289572e-06	-9.4219768e-06	0.0
-4.589232e-06	-1.0226799e-05	0.0
-4.140049e-06	-1.1484029e-05	0.0
-3.4344353e-06	-1.0404534e-05	0.0
-4.001618e-06	-1.011706e-05	0.0
-4.2380389e-06	-1.0525659e-05	0.0
-4.1257285e-06	-1.1084892e-05	0.0
-3.8840167e-06	-1.1078019e-05	0.0
-4.131849e-06	-1.2322036e-05	0.0
-2.49962e-06	-1.1777346e-05	0.0
-4.2152265e-06	-1.2874643e-05	0.0
-3.9969127e-06	-1.2205029e-05	0.0
-4.796223e-06	-1.2466544e-05	0.0
-4.5756992e-06	-1.3022332e-05	0.0
-4.2290412e-06	-1.3165631e-05	0.0
-3.8679636e-06	-1.3172241e-05	0.0
-4.7952531e-06	-1.3163542e-05	0.0
-3.8792427e-06	-1.4136471e-05	0.0
-4.0923233e-06	-1.3183396e-05	0.0
-4.6688142e-06	-1.4123983e-05	0.0
-5.0199701e-06	-1.5102715e-05	0.0
-4.676579e-06	-1.470039e-05	0.0
-4.5515535e-06	-1.4963899e-05	0.0
-5.1201582e-06	-1.5397221e-05	0.0
-5.4816792e-06	-1.4158381e-05	0.0
-4.3260325e-06	-1.5381478e-05	0.0
-4.8766919e-06	-1.5666539e-05	0.0
-6.0439711e-06	-1.6093141e-05	0.0
-5.247326e-06	-1.512354e-05	0.0
-4.5532765e-06	-1.663727e-05	0.0
-3.729896e-06	-1.5548687e-05	0.0
-4.9834698e-06	-1.71712e-05	0.0
-5.4662023e-06	-1.7890612e-05	0.0
-4.876993e-06	-1.6930786e-05	0.0
-5.8012279e-06	-1.7735269e-05	0.0
-4.5525976e-06	-1.8714292e-05	0.0
-3.9365236e-06	-1.8571427e-05	0.0
-6.0210282e-06	-1.9952276e-05	0.0
-4.8835373e-06	-1.8871826e-05	0.0
-5.2081459e-06	-1.9262139e-05	0.0
-5.5602191e-06	-2.010292e-05	0.0
-5.4483671e-06	-1.9554078e-05	0.0
-4.9844703e-06	-2.0644835e-05	0.0
-4.7531234e-06	-2.0931699e-05	0.0
-4.2854194e-06	-2.1208723e-05	0.0
-4.5146362e-06	-2.1080454e-05	0.0
-3.9430784e-06	-2.1071126e-05	0.0
-3.8099083e-06	-2.2038599e-05	0.0
-4.7340836e-06	-2.1901944e-05	0.0
-4.7324547e-06	-2.2739472e-05	0.0
-5.4287807e-06	-2.176622e-05	0.0
-4.8470229e-06	-2.3969882e-05	0.0
-5.7673433e-06	-2.2602007e-05	0.0
-5.1948223e-06	-2.5192012e-05	0.0
-5.4260959e-06	-2.4949131e-05	0.0
-4.2751371e-06	-2.54814e-05	0.0
-4.3725545e-06	-2.6051101e-05	0.0
-4.9438627e-06	-2.5227384e-05	0.0
-5.4223756e-06	-2.6043015e-05	0.0
-4.2601478e-06	-2.6454385e-05	0.0
-5.1730644e-06	-2.7698898e-05	0.0
-4.7229414e-06	-2.7160475e-05	0.0
-4.9340715e-06	-2.7967961e-05	0.0
-5.7516086e-06	-2.8940107e-05	0.0
-4.9510386e-06	-2.9217019e-05	0.0
-5.0437784e-06	-2.9908457e-05	0.0
-5.9765093e-06	-2.9645706e-05	0.0
-5.175129e-06	-2.9770234e-05	0.0
-5.1642855e-06	-3.0742256e-05	0.0
-4.8268066e-06	-3.0331732e-05	0.0
-4.3473851e-06	-3.1692565e-05	0.0
-5.3884341e-06	-3.2659649e-05	0.0
-4.7003787e-06	-3.3501245e-05	0.0
-5.1532138e-06	-3.294104e-05	0.0
-5.0373433e-06	-3.5136251e-05	0.0
-5.6108247e-06	-3.4475754e-05	0.0
-5.4988677e-06	-3.4999677e-05	0.0
-5.3864401e-06	-3.6789639e-05	0.0
-4.9105092e-06	-3.7083602e-05	0.0
-5.9553195e-06	-3.6942667e-05	0.0
-4.68999e-06	-3.8026919e-05	0.0
-5.2507917e-06	-3.9551549e-05	0.0
-5.4810544e-06	-3.9286639e-05	0.0
-6.2893191e-06	-3.9965424e-05	0.0
-5.9494655e-06	-4.0256808e-05	0.0
-5.8282703e-06	-4.0236107e-05	0.0
-5.3763492e-06	-4.2718224e-05	0.0
-4.1003373e-06	-4.1502539e-05	0.0
-4.4273661e-06	-4.257718e-05	0.0
-5.3528934e-06	-4.3820277e-05	0.0
-5.3629337e-06	-4.4920973e-05	0.0
-4.8917509e-06	-4.5750174e-05	0.0
-5.8049031e-06	-4.6037752e-05	0.0
-6.2766585e-06	-4.5888417e-05	0.0
-5.8160877e-06	-4.8078524e-05	0.0
-5.6935646e-06	-4.8915728e-05	0.0
-5.8085757e-06	-4.9476803e-05	0.0
-5.2430705e-06	-4.9320854e-05	0.0
-4.182732e-06	-5.2212668e-05	0.0
-6.2469057e-06	-5.1127579e-05	0.0
-6.3894149e-06	-5.3302403e-05	0.0
-5.3380681e-06	-5.4412965e-05	0.0
-6.2514905e-06	-5.5790853e-05	0.0
-6.0371485e-06	-5.6066277e-05	0.0
-5.1003017e-06	-5.7977173e-05	0.0
-6.242783e-06	-5.8965332e-05	0.0
-6.3762914e-06	-5.840118e-05	0.0
-5.3307376e-06	-6.1277868e-05	0.0
-5.8937835e-06	-6.1302657e-05	0.0
-6.3629072e-06	-6.224103e-05	0.0
-6.1289275e-06	-6.497954e-05	0.0
-6.6972507e-06	-6.6654815e-05	0.0
-7.3887581e-06	-6.6237939e-05	0.0
-7.4077543e-06	-6.8294044e-05	0.0
-5.5515784e-06	-6.8570873e-05	0.0
-6.5698055e-06	-7.0902461e-05	0.0
-7.0420197e-06	-7.1452334e-05	0.0
-6.7047154e-06	-7.4192707e-05	0.0
-5.6552603e-06	-7.4759904e-05	0.0
-6.4521373e-06	-7.625061e-05	0.0
-6.6867838e-06	-7.8727142e-05	0.0
-6.6968482e-06	-7.983471e-05	0.0
-5.195302e-06	-8.1072947e-05	0.0
-5.5161145e-06	-8.1893981e-05	0.0
-7.0160354e-06	-8.3812556e-05	0.0
-7.601775e-06	-8.5056337e-05	0.0
-7.4903928e-06	-8.6424559e-05	0.0
-7.0243691e-06	-8.8609908e-05	0.0
-7.1363706e-06	-9.1363509e-05	0.0
-7.0179613e-06	-9.2203329e-05	0.0
-7.5865778e-06	-9.3553273e-05	0.0
-8.0572054e-06	-9.6591197e-05	0.0
-7.362803e-06	-9.6447875e-05	0.0
-7.5892699e-06	-0.00010108497	0.0
-7.2414723e-06	-0.00010346057	0.0
-7.8090416e-06	-0.00010372252	0.0
-7.9393303e-06	-0.00010687547	0.0
-6.5497816e-06	-0.00010811115	0.0
-6.8839213e-06	-0.00011154205	0.0
-6.7740084e-06	-0.00011264265	0.0
-6.9876419e-06	-0.00011606926	0.0
-8.6062573e-06	-0.0001174465	0.0
-8.2705765e-06	-0.00012100227	0.0
-8.1494172e-06	-0.00012361702	0.0
-7.8048988e-06	-0.0001266358	0.0
-7.4536679e-06	-0.00012896878	0.0
-7.7882078e-06	-0.00013185381	0.0
-8.6034988e-06	-0.00013350742	0.0
-7.9117053e-06	-0.00013623414	0.0
-8.0266927e-06	-0.00013995079	0.0
-7.0997053e-06	-0.00014186402	0.0
-7.8941966e-06	-0.00014679319	0.0
-8.4761978e-06	-0.00014955922	0.0
-8.5930769e-06	-0.00015255468	0.0
-8.4750081e-06	-0.00015763887	0.0
-8.7014032e-06	-0.00015970922	0.0
-8.9324185e-06	-0.00016339932	0.0
-8.819251e-06	-0.00016670406	0.0
-8.3566001e-06	-0.00016944202	0.0
-8.6821246e-06	-0.00017395265	0.0
-1.0765394e-05	-0.0001790394	0.0
-1.0085764e-05	-0.0001824739	0.0
-9.9593635e-06	-0.00018672261	0.0
-9.9627168e-06	-0.00019056485	0.0
-9.6092317e-06	-0.00019495092	0.0
-1.0187248e-05	-0.00019974507	0.0
-9.4953493e-06	-0.00020537461	0.0
-1.0171839e-05	-0.00020948946	0.0
-1.1108681e-05	-0.00021497473	0.0
-9.8365008e-06	-0.00021909444	0.0
-1.0409208e-05	-0.00022456846	0.0
-9.7119018e-06	-0.0002306026	0.0
-1.1091528e-05	-0.0002363674	0.0
-1.0638867e-05	-0.00024171808	0.0
-1.0517848e-05	-0.00024746984	0.0
-1.0059051e-05	-0.00025379049	0.0
-9.9275503e-06	-0.00025830721	0.0
-1.1659186e-05	-0.00026638716	0.0
-1.1320671e-05	-0.00027257492	0.0
-1.1431556e-05	-0.00027873536	0.0
-1.1085026e-05	-0.00028639982	0.0
-1.1195983e-05	-0.00029464235	0.0
-1.1307641e-05	-0.00030053817	0.0
-1.1769725e-05	-0.00030889112	0.0
-1.1763289e-05	-0.00031616894	0.0
-1.2464655e-05	-0.00032396853	0.0
-1.084875e-05	-0.00033329873	0.0
-1.1636213e-05	-0.00034110958	0.0
-1.2679126e-05	-0.00035111923	0.0
-1.269145e-05	-0.00035906918	0.0
-1.1866165e-05	-0.00036975581	0.0
-1.3599957e-05	-0.00037867381	0.0
-1.2224916e-05	-0.00038881722	0.0
-1.2556739e-05	-0.0003973289	0.0
-1.2555696e-05	-0.00040703471	0.0
-1.3134759e-05	-0.00042031647	0.0
-1.2442928e-05	-0.0004326842	0.0
-1.3005675e-05	-0.00044282331	0.0
-1.381845e-05	-0.00045584241	0.0
-1.3817725e-05	-0.00046750068	0.0
-1.4276257e-05	-0.00048078792	0.0
-1.4053666e-05	-0.00049394876	0.0
-1.3351904e-05	-0.00050806202	0.0
-1.4038409e-05	-0.00052272435	0.0
-1.4041538e-05	-0.00053822331	0.0
-1.4267774e-05	-0.00055220944	0.0
-1.4608886e-05	-0.00056755199	0.0
-1.541522e-05	-0.00058371964	0.0
-1.5761498e-05	-0.000601131	0.0
-1.5998732e-05	-0.00061812706	0.0
-1.5185678e-05	-0.00063689728	0.0
-1.587006e-05	-0.00065580802	0.0
-1.5761656e-05	-0.0006755552	0.0
-1.5526368e-05	-0.00069391821	0.0
-1.5971715e-05	-0.00071487279	0.0
-1.7592385e-05	-0.00073624472	0.0
-1.7366168e-05	-0.00075995724	0.0
-1.8052577e-05	-0.000782858	0.0
-1.8166271e-05	-0.00080668973	0.0
-1.8748868e-05	-0.00083190622	0.0
-1.7936645e-05	-0.00085725507	0.0
-1.9075342e-05	-0.00088451774	0.0
-1.9775782e-05	-0.00091235113	0.0
-1.9783747e-05	-0.00094002986	0.0
-1.9083644e-05	-0.00097042695	0.0
-1.9879162e-05	-0.0010030514	0.0
-2.0797541e-05	-0.001034862	0.0
-2.2296914e-05	-0.0010675999	0.0
-2.2657468e-05	-0.0011024044	0.0
-2.2414506e-05	-0.0011385807	0.0
-2.3455525e-05	-0.0011769383	0.0
-2.2880271e-05	-0.0012169657	0.0
-2.4011417e-05	-0.001256162	0.0
-2.5300069e-05	-0.001298629	0.0
-2.4713267e-05	-0.0013429146	0.0
-2.6553442e-05	-0.0013881389	0.0
-2.6782922e-05	-0.0014365043	0.0
-2.8631417e-05	-0.0014865351	0.0
-2.8172119e-05	-0.0015376718	0.0
-2.9662271e-05	-0.0015904043	0.0
-3.0123303e-05	-0.0016486448	0.0
-3.1962911e-05	-0.0017074574	0.0
-3.2665448e-05	-0.0017677451	0.0
-3.3458608e-05	-0.0018310504	0.0
-3.5422156e-05	-0.0018976505	0.0
-3.6002886e-05	-0.0019671586	0.0
-3.7378042e-05	-0.00203731	0.0
-3.8876744e-05	-0.002113217	0.0
-4.0042014e-05	-0.0021916111	0.0
-4.0253348e-05	-0.002274239	0.0
-4.3821063e-05	-0.0023586431	0.0
-4.5106783e-05	-0.0024482361	0.0
-4.659807e-05	-0.0025418515	0.0
-4.8100366e-05	-0.0026378913	0.0
-4.9589038e-05	-0.002739951	0.0
-5.2579129e-05	-0.0028469614	0.0
-5.5015276e-05	-0.0029565881	0.0
-5.6619512e-05	-0.0030719943	0.0
-6.0301769e-05	-0.0031933766	0.0
-6.3191226e-05	-0.0033195831	0.0
-6.6416498e-05	-0.003450979	0.0
-6.9532602e-05	-0.0035885498	0.0
-7.2869574e-05	-0.003732437	0.0
-7.7133336e-05	-0.003882166	0.0
-8.0946666e-05	-0.0040394613	0.0
-8.4742038e-05	-0.0042037787	0.0
-8.9820423e-05	-0.0043749367	0.0
-9.3849616e-05	-0.0045533977	0.0
-9.984299e-05	-0.0047410931	0.0
-0.0001044637	-0.0049356669	0.0
-0.0001102174	-0.0051395618	0.0
-0.00011644908	-0.0053511243	0.0
-0.00012266741	-0.0055727274	0.0
-0.00013027237	-0.0058043045	0.0
-0.00013811399	-0.0060447869	0.0
-0.0001464224	-0.0062957746	0.0
-0.00015437001	-0.0065555796	0.0
-0.00016429002	-0.006826588	0.0
-0.00017294174	-0.0071089217	0.0
-0.00018388061	-0.0074000326	0.0
-0.00019506972	-0.0077033686	0.0
-0.000206724	-0.0080171572	0.0
-0.00021869452	-0.0083419951	0.0
-0.00023449928	-0.0086770104	0.0
-0.0002477837	-0.0090236627	0.0
-0.00026252188	-0.0093799895	0.0
-0.00027947378	-0.0097455885	0.0
-0.00029587347	-0.010121182	0.0
-0.00031246201	-0.010504019	0.0
-0.00033241781	-0.010895805	0.0
-0.0003501921	-0.011293428	0.0
-0.00037069418	-0.011696073	0.0
-0.00039205886	-0.012102839	0.0
-0.00041108852	-0.012511827	0.0
-0.00043299861	-0.012918497	0.0
-0.00045400529	-0.0133217	0.0
-0.00047535292	-0.013715864	0.0
-0.0004954316	-0.014097368	0.0
-0.00051619683	-0.01445953	0.0
-0.00053469447	-0.014791686	0.0
-0.00055052323	-0.015085233	0.0
-0.00056462165	-0.015328627	0.0
-0.00057573908	-0.015505164	0.0
-0.00058291876	-0.015592339	0.0
-0.0005881465	-0.015566654	0.0
-0.00058842538	-0.01540533	0.0
-0.00058534346	-0.015063612	0.0
-0.00057823537	-0.01450262	0.0
-0.00056685274	-0.013676954	0.0
-0.00055143365	-0.012518085	0.0
-0.00053151924	-0.010958905	0.0
-0.00050754391	-0.0089142639	0.0
-0.00048137465	-0.0062954682	0.0
-0.00045163432	-0.0029889999	0.0
-0.00041808368	0.0011283349	0.0
-0.00038173844	0.0061704405	0.0
-0.00034503359	0.012293076	0.0
-0.00030590734	0.019627851	0.0
-0.00026339781	0.028299922	0.0
-0.00021994345	0.038409851	0.0
-0.00017160038	0.050031275	0.0
-0.00012157111	0.063116364	0.0
-6.7922301e-05	0.077642687	0.0
-9.3330946e-06	0.09344852	0.0
5.4411055e-05	0.11025953	0.0
0.00012426343	0.12776227	0.0
0.00019812174	0.14559335	0.0
0.00027952637	0.1633037	0.0
0.00036646376	0.1804878	0.0
0.00045664312	0.19657251	0.0
0.00055454648	0.21119703	0.0
0.0006551753	0.22395398	0.0
0.0007614218	0.2342581	0.0
0.00087153242	0.24178195	0.0
0.00097868196	0.24612869	0.0
0.0010854771	0.24695133	0.0
0.0011898932	0.24398096	0.0
0.001284734	0.23702654	0.0
0.0013739804	0.22598267	0.0
0.001442167	0.21083939	0.0
0.0014992475	0.19167218	0.0
0.0015321269	0.16862997	0.0
0.0015394527	0.14193825	0.0
0.0015247489	0.11189491	0.0
0.0014792113	0.07879284	0.0
0.0014073591	0.043156102	0.0
0.0013073358	0.0052770777	0.0
0.0011804458	-0.034224585	0.0
0.0010296251	-0.074914619	0.0
0.00085840654	-0.11603802	0.0
0.00067202019	-0.15712865	0.0
0.00047394869	-0.1976015	0.0
0.00026910062	-0.2367405	0.0
5.982157e-05	-0.27408144	0.0
-0.00014574623	-0.30913779	0.0
-0.00035321456	-0.34137818	0.0
-0.00054786057	-0.37046117	0.0
-0.00073618791	-0.39596918	0.0
-0.00091300422	-0.4176411	0.0
-0.0010771253	-0.43509141	0.0
-0.0012289324	-0.44816941	0.0
-0.0013630838	-0.45664924	0.0
-0.0014874442	-0.46033037	0.0
-0.0015921372	-0.45908353	0.0
-0.0016913463	-0.45278922	0.0
-0.0017651307	-0.44134611	0.0
-0.0018290086	-0.42478278	0.0
-0.0018806076	-0.4030751	0.0
-0.0019076585	-0.37636405	0.0
-0.0019287639	-0.3448213	0.0
-0.0019234294	-0.30883399	0.0
-0.0019127973	-0.26869407	0.0
-0.0018792412	-0.22498782	0.0
-0.0018306642	-0.17818141	0.0
-0.0017692096	-0.12881795	0.0
-0.0016892586	-0.07782755	0.0
-0.0015980257	-0.025457859	0.0
-0.0014895546	0.027396131	0.0
-0.0013702023	0.080250248	0.0
-0.0012343494	0.13250843	0.0
-0.0010872582	0.18349816	0.0
-0.00092499296	0.23259558	0.0
-0.00075751217	0.27916753	0.0
-0.00056981918	0.32258841	0.0
-0.00038440945	0.36225241	0.0
-0.00018404773	0.39762196	0.0
1.8875386e-05	0.428379	0.0
0.000215459	0.45410562	0.0
0.00042435521	0.47454157	0.0
0.00060852536	0.48950833	0.0
0.00080634857	0.49883777	0.0
0.00098331552	0.50248402	0.0
0.0011483345	0.50039572	0.0
0.0013132069	0.49257144	0.0
0.0014506573	0.47909206	0.0
0.0015812893	0.46001801	0.0
0.001690209	0.43548155	0.0
0.0017802771	0.40577349	0.0
0.0018526675	0.37112647	0.0
0.0018984057	0.33204183	0.0
0.0019279715	0.28890431	0.0
0.0019285528	0.24218105	0.0
0.0019068174	0.19277287	0.0
0.0018658963	0.1410179	0.0
0.0017946465	0.087789848	0.0
0.0017110341	0.033675589	0.0
0.0016040028	-0.020754259	0.0
0.0014813341	-0.074795187	0.0
0.0013441793	-0.12795129	0.0
0.0011943768	-0.17938697	0.0
0.0010346908	-0.22855395	0.0
0.00087013206	-0.27482322	0.0
0.00069782475	-0.31758049	0.0
0.00052611489	-0.3563107	0.0
0.00035690487	-0.3905198	0.0
0.00018725658	-0.41977787	0.0
3.1809992e-05	-0.4438315	0.0
-0.0001262493	-0.4624148	0.0
-0.00026718725	-0.47542697	0.0
-0.00039882661	-0.48269773	0.0
-0.00052309694	-0.4842259	0.0
-0.00063036324	-0.47999662	0.0
-0.00073419063	-0.47003654	0.0
-0.00081910007	-0.45440525	0.0
-0.00089778617	-0.43323931	0.0
-0.00096306123	-0.40671447	0.0
-0.0010153872	-0.37509468	0.0
-0.0010612347	-0.33879086	0.0
-0.0010910272	-0.29819912	0.0
-0.0011142378	-0.25384647	0.0
-0.0011254172	-0.20624216	0.0
-0.0011265844	-0.15618853	0.0
-0.0011195713	-0.10422519	0.0
-0.0011007005	-0.050871018	0.0
-0.001072402	0.0028293706	0.0
-0.0010346157	0.056746431	0.0
-0.00098322437	0.10987789	0.0
-0.00091807795	0.16173175	0.0
-0.00084224564	0.21179143	0.0
-0.00074920966	0.25915897	0.0
-0.00064427708	0.30336559	0.0
-0.00052393356	0.34384826	0.0
-0.00038887301	0.38003051	0.0
-0.0002512355	0.41152433	0.0
-9.8498356e-05	0.43795022	0.0
4.9936032e-05	0.45905548	0.0
0.00020095102	0.47463375	0.0
0.0003498494	0.48459032	0.0
0.00048563714	0.48879638	0.0
0.00062356796	0.48725492	0.0
0.00073798315	0.47996497	0.0
0.00084417558	0.46698606	0.0
0.00094115222	0.44838858	0.0
0.0010052626	0.42431289	0.0
0.0010673278	0.39505652	0.0
0.0010978852	0.36081725	0.0
0.0011138044	0.32215899	0.0
0.0011120047	0.27941844	0.0
0.0010872617	0.23318493	0.0
0.001052302	0.1840843	0.0
0.00099839468	0.13271023	0.0
0.00093671575	0.079618052	0.0
0.00086539704	0.02595582	0.0
0.00078908552	-0.028224237	0.0
0.00070944749	-0.082108989	0.0
0.00063025241	-0.13484667	0.0
0.00055150379	-0.18606557	0.0
0.00047355634	-0.23515834	0.0
0.00040036638	-0.28121486	0.0
0.00032347566	-0.32372141	0.0
0.00025263667	-0.36220682	0.0
0.00017948815	-0.39614478	0.0
0.00010712638	-0.42516416	0.0
3.8067294e-05	-0.44894835	0.0
-3.6725891e-05	-0.46729562	0.0
-0.00010535709	-0.47998804	0.0
-0.00017350397	-0.48697588	0.0
-0.00024826609	-0.48820972	0.0
-0.00030684148	-0.48368976	0.0
-0.00037249981	-0.47341856	0.0
-0.00042395233	-0.45747688	0.0
-0.0004667711	-0.43599123	0.0
-0.00050147285	-0.40915787	0.0
-0.0005131872	-0.37718192	0.0
-0.00051257439	-0.34058622	0.0
-0.00048622454	-0.29963341	0.0
-0.00043727731	-0.25495335	0.0
-0.00036167138	-0.20707975	0.0
-0.00026444698	-0.15667152	0.0
-0.00014023962	-0.10435814	0.0
8.9328687e-06	-0.050814558	0.0
0.0001786333	0.0033339693	0.0
0.00036712814	0.057367947	0.0
0.00057153706	0.11090709	0.0
0.0007874273	0.16299494	0.0
0.0010132539	0.21312192	0.0
0.0012409161	0.26068673	0.0
0.0014705494	0.30510759	0.0
0.0016914665	0.34562534	0.0
0.0019064627	0.38184622	0.0
0.0021011024	0.41335174	0.0
0.0022777894	0.43976349	0.0
0.0024347496	0.46081781	0.0
0.0025578262	0.47634539	0.0
0.0026647097	0.48619792	0.0
0.0027330259	0.49030888	0.0
0.0027803762	0.4886606	0.0
0.0027953666	0.48124045	0.0
0.0027807173	0.46815011	0.0
0.0027460721	0.44944048	0.0
0.0026774139	0.42527592	0.0
0.0025913031	0.39586565	0.0
0.0024786459	0.36161146	0.0
0.0023454425	0.32281879	0.0
0.0021945273	0.27990118	0.0
0.0020214424	0.23363839	0.0
0.0018405945	0.1844143	0.0
0.0016411665	0.13298532	0.0
0.0014325673	0.079992644	0.0
0.00121722	0.02606198	0.0
0.00099300453	-0.028238589	0.0
0.00076717034	-0.082066596	0.0
0.00053699745	-0.13497809	0.0
0.00030800811	-0.18627366	0.0
7.8201359e-05	-0.23534209	0.0
-0.00014309886	-0.28154317	0.0
-0.00036723554	-0.32421008	0.0
-0.00057636318	-0.3628915	0.0
-0.00078193028	-0.39698327	0.0
-0.00097593223	-0.42617497	0.0
-0.0011489557	-0.45011014	0.0
-0.0013218123	-0.46859065	0.0
-0.0014620002	-0.48141512	0.0
-0.0016022302	-0.48850536	0.0
-0.0017134311	-0.489824	0.0
-0.0018169234	-0.48534036	0.0
-0.0018962128	-0.47508961	0.0
-0.0019613821	-0.45914602	0.0
-0.0020070546	-0.43758163	0.0
-0.0020309759	-0.41071752	0.0
-0.0020354581	-0.37873632	0.0
-0.00201859	-0.34200296	0.0
-0.0019776323	-0.30100253	0.0
-0.00192043	-0.25624737	0.0
-0.0018399737	-0.20828778	0.0
-0.0017399003	-0.15780638	0.0
-0.0016233656	-0.10542138	0.0
-0.0014905885	-0.051769324	0.0
-0.0013419155	0.0022632398	0.0
-0.0011835021	0.056391228	0.0
-0.0010158169	0.10978357	0.0
-0.00083874736	0.16190968	0.0
-0.00065802224	0.21213689	0.0
-0.00047474774	0.25970182	0.0
-0.00028892586	0.30404651	0.0
-0.00010705374	0.34459767	0.0
7.4204676e-05	0.38082802	0.0
0.00024691437	0.41234291	0.0
0.00040814184	0.43877131	0.0
0.00056503084	0.45984319	0.0
0.0007045872	0.47539428	0.0
0.0008309891	0.48525348	0.0
0.00094532809	0.4894124	0.0
0.0010389381	0.48780176	0.0
0.0011228609	0.48044276	0.0
0.0011880607	0.46737903	0.0
0.0012293161	0.44869655	0.0
0.0012593049	0.42454526	0.0
0.0012591432	0.39526233	0.0
0.0012476122	0.36103061	0.0
0.0012077455	0.32228044	0.0
0.0011483313	0.27951577	0.0
0.0010689342	0.2332764	0.0
0.00096695719	0.18416505	0.0
0.00084771513	0.13282968	0.0
0.00071180071	0.079863943	0.0
0.00055999664	0.026049145	0.0
0.00039808598	-0.028082272	0.0
0.00022580416	-0.081868775	0.0
4.2296251e-05	-0.13476406	0.0
-0.00014832063	-0.18607502	0.0
-0.00034514759	-0.23513158	0.0
-0.00054303469	-0.2812916	0.0
-0.00074466696	-0.32399273	0.0
-0.00094276224	-0.36266357	0.0
-0.0011423242	-0.39680725	0.0
-0.0013322318	-0.42606491	0.0
-0.00150944	-0.45011571	0.0
-0.0016865911	-0.4686867	0.0
-0.0018317832	-0.48169228	0.0
-0.0019786828	-0.48893929	0.0
-0.0020976171	-0.49043477	0.0
-0.0021944656	-0.4861488	0.0
-0.0022823201	-0.47611362	0.0
-0.0023276648	-0.46037489	0.0
-0.0023701556	-0.43907955	0.0
-0.0023726344	-0.412413	0.0
-0.0023536598	-0.38051546	0.0
-0.0023146258	-0.34409571	0.0
-0.0022395889	-0.30322063	0.0
-0.0021524655	-0.25861204	0.0
-0.0020342183	-0.21059321	0.0
-0.0019044058	-0.16001692	0.0
-0.0017537567	-0.10769285	0.0
-0.001589964	-0.054057013	0.0
-0.0014179056	0.00012299063	0.0
-0.0012366978	0.054385226	0.0
-0.0010526682	0.1079455	0.0
-0.00086607801	0.16032347	0.0
-0.00067970285	0.21060462	0.0
-0.00049323315	0.2583608	0.0
-0.0003136801	0.30291626	0.0
-0.00013791109	0.34366557	0.0
2.9109558e-05	0.38010344	0.0
0.0001886102	0.41181475	0.0
0.00033602805	0.43842959	0.0
0.00047594038	0.45967415	0.0
0.00059903791	0.47536826	0.0
0.00071116217	0.48541692	0.0
0.00081376237	0.4896943	0.0
0.00089769217	0.48821172	0.0
0.00097766519	0.48095655	0.0
0.0010397984	0.46801847	0.0
0.0010942273	0.44945857	0.0
0.0011341174	0.42545551	0.0
0.0011613388	0.39622614	0.0
0.0011793171	0.36201325	0.0
0.0011829549	0.32340381	0.0
0.0011724309	0.28067985	0.0
0.0011531858	0.2345043	0.0
0.0011180898	0.18543245	0.0
0.0010717568	0.13412696	0.0
0.0010091187	0.081234798	0.0
0.00093284744	0.027404059	0.0
0.00084315008	-0.02679698	0.0
0.00073701376	-0.080570191	0.0
0.00061578705	-0.13337006	0.0
0.00047556229	-0.18464941	0.0
0.00031660934	-0.23375365	0.0
0.00013933923	-0.27987894	0.0
-5.4354801e-05	-0.32256326	0.0
-0.00026447073	-0.3612299	0.0
-0.00049049471	-0.39539763	0.0
-0.00072497618	-0.42467389	0.0
-0.00096798188	-0.44872928	0.0
-0.0012116405	-0.46734154	0.0
-0.0014493105	-0.4803403	0.0
-0.0016859672	-0.4876442	0.0
-0.0019013607	-0.48917758	0.0
-0.0021117073	-0.48494816	0.0
-0.0022925548	-0.47497338	0.0
-0.0024543831	-0.45930332	0.0
-0.0025914244	-0.43810576	0.0
-0.0026945213	-0.41150117	0.0
-0.0027682884	-0.37984872	0.0
-0.0028058582	-0.34343103	0.0
-0.0028131963	-0.30266318	0.0
-0.002779834	-0.2582241	0.0
-0.0027199232	-0.21055746	0.0
-0.0026249357	-0.16030405	0.0
-0.0025009124	-0.10816766	0.0
-0.0023523159	-0.054764438	0.0
-0.0021757057	-0.00074140192	0.0
-0.0019807746	0.053243697	0.0
-0.0017644146	0.10662515	0.0
-0.0015311908	0.15883325	0.0
-0.0012837277	0.20898902	0.0
-0.0010253801	0.25654262	0.0
-0.00075726176	0.30096179	0.0
-0.00049024954	0.34159347	0.0
-0.00021809417	0.37796623	0.0
4.0805266e-05	0.40964705	0.0
0.0002917586	0.43625146	0.0
0.00053157209	0.45751446	0.0
0.00074578373	0.47325778	0.0
0.00094395649	0.483338	0.0
0.0011179221	0.48770827	0.0
0.0012662013	0.48630953	0.0
0.0013956648	0.47914979	0.0
0.0014946512	0.46629503	0.0
0.0015798741	0.44782609	0.0
0.0016374887	0.42389655	0.0
0.0016762031	0.39474326	0.0
0.0017043264	0.36067623	0.0
0.0017058125	0.32210714	0.0
0.0017040214	0.27948275	0.0
0.0016853145	0.23337159	0.0
0.001658455	0.18435784	0.0
0.0016239469	0.13304472	0.0
0.0015816682	0.080123872	0.0
0.0015309931	0.026414251	0.0
0.0014737904	-0.027666584	0.0
0.0014070766	-0.081525408	0.0
0.001329653	-0.13425648	0.0
0.0012397056	-0.1854538	0.0
0.0011369213	-0.23446351	0.0
0.0010210485	-0.28047445	0.0
0.00088800257	-0.32299304	0.0
0.0007452101	-0.36148918	0.0
0.00059057772	-0.39546323	0.0
0.00042577399	-0.42451876	0.0
0.00025845005	-0.44838804	0.0
8.3554885e-05	-0.4667474	0.0
-7.8529389e-05	-0.47953176	0.0
-0.00025271761	-0.48656887	0.0
-0.00040564733	-0.48786232	0.0
-0.00055518612	-0.483383	0.0
-0.00070097338	-0.47316861	0.0
-0.00081807922	-0.45727667	0.0
-0.0009389685	-0.43586922	0.0
-0.0010290777	-0.40913093	0.0
-0.0011080209	-0.37731066	0.0
-0.0011728422	-0.34076971	0.0
-0.0012093711	-0.29992253	0.0
-0.0012350989	-0.25535178	0.0
-0.0012334837	-0.20769526	0.0
-0.0012178757	-0.15742034	0.0
-0.0011827557	-0.10525464	0.0
-0.0011290764	-0.051881641	0.0
-0.0010602126	0.0020971799	0.0
-0.00097606151	0.056083169	0.0
-0.00087996648	0.10940871	0.0
-0.00076944305	0.16152702	0.0
-0.00065256347	0.21164146	0.0
-0.00052632933	0.25921628	0.0
-0.00039075591	0.30360064	0.0
-0.00025593827	0.34426117	0.0
-0.00011241968	0.38062307	0.0
2.4475341e-05	0.41229826	0.0
0.00016150132	0.43886325	0.0
0.00029574323	0.46010348	0.0
0.0004233355	0.4758032	0.0
0.00054484728	0.48586291	0.0
0.00065692916	0.49014634	0.0
0.00076062791	0.4886632	0.0
0.0008581804	0.48145032	0.0
0.00094361691	0.46851245	0.0
0.0010183983	0.44992062	0.0
0.0010818149	0.42588735	0.0
0.0011296257	0.39662838	0.0
0.0011620658	0.36243474	0.0
0.0011853453	0.323737	0.0
0.0011784696	0.28096771	0.0
0.0011669972	0.23472719	0.0
0.0011309261	0.18553717	0.0
0.0010791116	0.1342402	0.0
0.001009864	0.081288263	0.0
0.00092446833	0.027431075	0.0
0.00082647166	-0.026725076	0.0
0.00071085582	-0.080574229	0.0
0.00058475457	-0.13346118	0.0
0.0004463467	-0.18486097	0.0
0.0003040033	-0.23400193	0.0
0.0001487822	-0.28017405	0.0
-2.296867e-06	-0.32297623	0.0
-0.00016111368	-0.3615399	0.0
-0.000314882	-0.39571875	0.0
-0.00046558987	-0.42498934	0.0
-0.00061189977	-0.44901514	0.0
-0.00074439187	-0.46760216	0.0
-0.00087208825	-0.4805859	0.0
-0.00098329934	-0.48787335	0.0
-0.0010885026	-0.48940349	0.0
-0.001178916	-0.48516485	0.0
-0.0012527638	-0.47518831	0.0
-0.0013206261	-0.45952627	0.0
-0.0013607665	-0.43832543	0.0
-0.0013988105	-0.41176468	0.0
-0.0014124227	-0.38008878	0.0
-0.0014142486	-0.34370464	0.0
-0.0014007912	-0.30299598	0.0
-0.0013656679	-0.25848395	0.0
-0.0013213208	-0.21075803	0.0
-0.0012554977	-0.16048819	0.0
-0.0011783324	-0.10826179	0.0
-0.0010830829	-0.054753117	0.0
-0.00097425201	-0.00059398636	0.0
-0.00085243885	0.053576946	0.0
-0.00071741221	0.10711115	0.0
-0.0005693502	0.1594568	0.0
-0.0004109701	0.20974933	0.0
-0.00024304626	0.25753248	0.0
-6.4128464e-05	0.30217403	0.0
0.00011879345	0.3429985	0.0
0.00030926426	0.37956282	0.0
0.00050088984	0.41140524	0.0
0.00068786857	0.43816912	0.0
0.00087823963	0.45958972	0.0
0.0010531723	0.47546321	0.0
0.0012246984	0.48565963	0.0
0.0013802598	0.4901045	0.0
0.0015225749	0.48875919	0.0
0.0016485023	0.48163313	0.0
0.0017529423	0.46877709	0.0
0.0018411019	0.45028353	0.0
0.0019053414	0.42630768	0.0
0.0019485268	0.39707109	0.0
0.00196829	0.36289337	0.0
0.0019641682	0.32417291	0.0
0.0019418233	0.2814	0.0
0.0018938638	0.23509531	0.0
0.0018341719	0.18583998	0.0
0.0017532336	0.13436621	0.0
0.0016608975	0.081307851	0.0
0.0015571838	0.027307414	0.0
0.0014449464	-0.026991898	0.0
0.0013293111	-0.080980614	0.0
0.0012097554	-0.13396826	0.0
0.0010911683	-0.18539836	0.0
0.00097333227	-0.2345608	0.0
0.00086144236	-0.28087148	0.0
0.00075295375	-0.32363462	0.0
0.00064970047	-0.36245713	0.0
0.00055848499	-0.39664799	0.0
0.00047300517	-0.4259823	0.0
0.00040168769	-0.45008886	0.0
0.00033665018	-0.46869203	0.0
0.00028884184	-0.48171234	0.0
0.00025186746	-0.48899001	0.0
0.00022158601	-0.49051544	0.0
0.00021091523	-0.48625809	0.0
0.00020473303	-0.47624502	0.0
0.00021827036	-0.46055368	0.0
0.00023977782	-0.43930364	0.0
0.00026900743	-0.41267344	0.0
0.0003175876	-0.38093987	0.0
0.00036912522	-0.3444556	0.0
0.00043865759	-0.30369252	0.0
0.00051222404	-0.25914297	0.0
0.00059947913	-0.2113961	0.0
0.00069131784	-0.16102485	0.0
0.00079165917	-0.10874832	0.0
0.00089851406	-0.055275097	0.0
0.0010080585	-0.001339753	0.0
0.0011237935	0.052706376	0.0
0.0012377669	0.10613935	0.0
0.0013497754	0.15819333	0.0
0.0014594673	0.2083912	0.0
0.0015653243	0.25600082	0.0
0.0016591342	0.30045027	0.0
0.001741318	0.34112227	0.0
0.0018111098	0.37752169	0.0
0.0018598145	0.40917134	0.0
0.0018955728	0.43579713	0.0
0.0019030656	0.457021	0.0
0.001897497	0.47277969	0.0
0.0018678297	0.4828653	0.0
0.0018183409	0.4872396	0.0
0.0017526901	0.48586026	0.0
0.0016674756	0.47873288	0.0
0.0015744984	0.46589839	0.0
0.0014655099	0.4474501	0.0
0.0013457944	0.4235262	0.0
0.0012238384	0.39438441	0.0
0.0010900298	0.36032632	0.0
0.0009624316	0.32176265	0.0
0.00081957027	0.27914381	0.0
0.00068627921	0.23314463	0.0
0.00054882583	0.18418461	0.0
0.0004066079	0.13299662	0.0
0.00026715724	0.080268845	0.0
0.00012049897	0.02653978	0.0
-2.5113033e-05	-0.027424727	0.0
-0.00017558697	-0.080974549	0.0
-0.00032781213	-0.13367021	0.0
-0.00048479397	-0.18480816	0.0
-0.00064388756	-0.23362201	0.0
-0.00080513762	-0.27958268	0.0
-0.00096311729	-0.32209539	0.0
-0.0011186519	-0.36058098	0.0
-0.0012731282	-0.39457238	0.0
-0.001408277	-0.42378882	0.0
-0.0015412448	-0.44756159	0.0
-0.0016454742	-0.46604347	0.0
-0.001737366	-0.47897059	0.0
-0.0018085456	-0.4861511	0.0
-0.0018518583	-0.48759583	0.0
-0.0018789797	-0.48328352	0.0
-0.001872529	-0.47324294	0.0
-0.0018487921	-0.45752853	0.0
-0.0017954047	-0.43629542	0.0
-0.0017248704	-0.4097119	0.0
-0.0016275874	-0.37807542	0.0
-0.0015117703	-0.34176084	0.0
-0.0013829782	-0.30120453	0.0
-0.0012306314	-0.25684187	0.0
-0.0010739682	-0.20926318	0.0
-0.00090052478	-0.15907899	0.0
-0.00072325126	-0.1071118	0.0
-0.00053942372	-0.053766061	0.0
-0.00035421515	0.00014056385	0.0
-0.00016953828	0.054054748	0.0
1.1150441e-05	0.10740039	0.0
0.00018948108	0.15940359	0.0
0.00035791632	0.20965365	0.0
0.00051848858	0.25714952	0.0
0.00066825707	0.30158225	0.0
0.00080468564	0.34229851	0.0
0.00093346351	0.37872535	0.0
0.0010424141	0.41051671	0.0
0.0011438691	0.43716753	0.0
0.0012267481	0.45856801	0.0
0.0012971489	0.47442034	0.0
0.0013588911	0.48463336	0.0
0.0013949842	0.48911431	0.0
0.0014343666	0.48783392	0.0
0.0014497695	0.48080727	0.0
0.0014546034	0.46807534	0.0
0.0014482855	0.44971859	0.0
0.0014173125	0.42593321	0.0
0.0013848465	0.39686218	0.0
0.0013224341	0.36285943	0.0
0.0012522456	0.32439303	0.0
0.001157245	0.28181013	0.0
0.0010461737	0.23568018	0.0
0.00092219963	0.18661927	0.0
0.0007777423	0.13525255	0.0
0.00062383572	0.082406089	0.0
0.00045720045	0.028550269	0.0
0.00028072624	-0.025647555	0.0
9.7415519e-05	-0.079581738	0.0
-9.2202725e-05	-0.13249891	0.0
-0.00028336159	-0.18399425	0.0
-0.00047340564	-0.23309653	0.0
-0.00066375086	-0.27937034	0.0
-0.00084938138	-0.3222453	0.0
-0.0010292362	-0.36101621	0.0
-0.001203729	-0.39529726	0.0
-0.0013610362	-0.42469534	0.0
-0.0015131863	-0.44884846	0.0
-0.001649254	-0.46755388	0.0
-0.0017694175	-0.48064217	0.0
-0.0018799701	-0.48800367	0.0
-0.0019689465	-0.48960829	0.0
-0.0020475069	-0.4854399	0.0
-0.0020994837	-0.47551998	0.0
-0.0021478075	-0.459921	0.0
-0.0021705236	-0.43876991	0.0
-0.0021807703	-0.41225711	0.0
-0.0021726035	-0.38063696	0.0
-0.0021486694	-0.34426942	0.0
-0.0021060896	-0.30360699	0.0
-0.0020519502	-0.2591531	0.0
-0.0019765412	-0.21147002	0.0
-0.0018931729	-0.16127269	0.0
-0.001788344	-0.10923574	0.0
-0.0016739866	-0.055874243	0.0
-0.0015439529	-0.0018659777	0.0
-0.0014002956	0.052140053	0.0
-0.0012433419	0.10550289	0.0
-0.0010743185	0.15760918	0.0
-0.00089322351	0.20782144	0.0
-0.00070306589	0.25548932	0.0
-0.00050203147	0.29997677	0.0
-0.00029336708	0.34070477	0.0
-8.172552e-05	0.37719399	0.0
0.00013208823	0.40888652	0.0
0.00034189899	0.43562669	0.0
0.00054838753	0.45697132	0.0
0.00074064085	0.47285599	0.0
0.00092315406	0.48309869	0.0
0.0010864164	0.48763683	0.0
0.001233996	0.48643476	0.0
0.0013573125	0.47949111	0.0
0.0014632585	0.46686658	0.0
0.0015403694	0.44861031	0.0
0.0015878251	0.42492488	0.0
0.0016164975	0.39600733	0.0
0.0016110473	0.36220688	0.0
0.0015827171	0.32386622	0.0
0.0015270121	0.28141245	0.0
0.0014511514	0.23542495	0.0
0.0013546267	0.18648545	0.0
0.0012362727	0.13522959	0.0
0.0011096373	0.082368106	0.0
0.0009671225	0.028641425	0.0
0.00082023366	-0.025572404	0.0
0.00066824252	-0.079608262	0.0
0.00051405735	-0.13253412	0.0
0.000359628	-0.18394996	0.0
0.00021132262	-0.2332271	0.0
6.3866268e-05	-0.27955863	0.0
-7.5704003e-05	-0.32242084	0.0
-0.00020664073	-0.3612645	0.0
-0.00033585922	-0.39561871	0.0
-0.00044424747	-0.42506939	0.0
-0.00055087352	-0.44929302	0.0
-0.0006433464	-0.46802336	0.0
-0.00072915549	-0.48115984	0.0
-0.00080659974	-0.48853663	0.0
-0.00086716784	-0.49014416	0.0
-0.00093003659	-0.48595822	0.0
-0.00097250129	-0.47599885	0.0
-0.0010181384	-0.46036187	0.0
-0.0010495245	-0.43915769	0.0
-0.0010666442	-0.41257414	0.0
-0.001086583	-0.38090754	0.0
-0.0010802904	-0.34445724	0.0
-0.0010737298	-0.30370837	0.0
-0.0010475257	-0.25905365	0.0
-0.001006735	-0.21150737	0.0
-0.00096022798	-0.16123025	0.0
-0.00089024554	-0.10897648	0.0
-0.0008165816	-0.055512827	0.0
-0.00072712102	-0.001361676	0.0
-0.00063229172	0.05271123	0.0
-0.00053041038	0.10618246	0.0
-0.0004259079	0.15855519	0.0
-0.00032020299	0.20888144	0.0
-0.00021928019	0.2566714	0.0
-0.00012209552	0.30124322	0.0
-2.9241688e-05	0.34209618	0.0
5.2421849e-05	0.3787016	0.0
0.00012905919	0.41058573	0.0
0.00019299828	0.43741634	0.0
0.00024601235	0.45893511	0.0
0.00029128819	0.47487825	0.0
0.00032024406	0.48519158	0.0
0.00034895464	0.48973712	0.0
0.00035972832	0.48852673	0.0
0.0003638395	0.4815512	0.0
0.0003624204	0.46885568	0.0
0.00034809802	0.45053372	0.0
0.00033116338	0.42673329	0.0
0.00030301855	0.39769012	0.0
0.00026974172	0.36370465	0.0
0.00022739529	0.32512599	0.0
0.00017982442	0.28260565	0.0
0.00012364145	0.23648925	0.0
6.1314327e-05	0.18747434	0.0
-3.9585093e-06	0.13618404	0.0
-8.0410035e-05	0.083290823	0.0
-0.00015559861	0.029492533	0.0
-0.00023773906	-0.024655022	0.0
-0.0003205931	-0.078507267	0.0
-0.00040375322	-0.13140924	0.0
-0.00048469039	-0.18278912	0.0
-0.00056222087	-0.23185518	0.0
-0.00063263834	-0.27809238	0.0
-0.00069852988	-0.32085687	0.0
-0.00075489492	-0.35960203	0.0
-0.0008031266	-0.3938396	0.0
-0.00084111717	-0.42320421	0.0
-0.00086768775	-0.44737956	0.0
-0.00088782614	-0.46612248	0.0
-0.00089763984	-0.47928372	0.0
-0.00089757063	-0.48676968	0.0
-0.00089291984	-0.48851004	0.0
-0.00087734527	-0.4844957	0.0
-0.00085653481	-0.47475094	0.0
-0.00082951557	-0.45933321	0.0
-0.00079055142	-0.43834719	0.0
-0.00075145753	-0.41200361	0.0
-0.00070223364	-0.38054183	0.0
-0.00064793642	-0.34434083	0.0
-0.00058801746	-0.30378923	0.0
-0.00051948283	-0.25940517	0.0
-0.00044622199	-0.21187973	0.0
-0.0003665174	-0.16170745	0.0
-0.00027850136	-0.10953585	0.0
-0.00018180821	-0.056087654	0.0
-7.5156095e-05	-0.0019743333	0.0
4.3099721e-05	0.052141551	0.0
0.00017177356	0.1055103	0.0
0.00031080307	0.15785518	0.0
0.00046371098	0.20807077	0.0
0.00062741002	0.25592986	0.0
0.00079925486	0.300396	0.0
0.00098012842	0.34119639	0.0
0.0011619574	0.37772092	0.0
0.0013446228	0.40950617	0.0
0.0015225054	0.43626428	0.0
0.0016959556	0.45765498	0.0
0.0018493206	0.47355628	0.0
0.0019982802	0.48377654	0.0
0.0021186348	0.48829019	0.0
0.0022271157	0.48704681	0.0
0.0023136435	0.4800415	0.0
0.0023718798	0.46733886	0.0
0.0024110423	0.44902444	0.0
0.0024217956	0.42525926	0.0
0.0024075641	0.39632133	0.0
0.0023677079	0.36241335	0.0
0.0023008627	0.32396913	0.0
0.0022098867	0.28145614	0.0
0.0020930429	0.23543313	0.0
0.0019571194	0.18648659	0.0
0.001798365	0.13526829	0.0
0.0016274486	0.082440473	0.0
0.0014364645	0.028656928	0.0
0.0012350059	-0.025478939	0.0
0.0010201627	-0.079248518	0.0
0.00079843786	-0.13208874	0.0
0.00056792371	-0.18336302	0.0
0.00033568821	-0.23241137	0.0
0.00010063727	-0.27857473	0.0
-0.00012910931	-0.32124344	0.0
-0.00035487852	-0.359943	0.0
-0.00056732062	-0.39407858	0.0
-0.00076881307	-0.4234001	0.0
-0.00094782258	-0.44741124	0.0
-0.0011152488	-0.46602246	0.0
-0.0012514619	-0.47905686	0.0
-0.0013723976	-0.48638216	0.0
-0.0014654476	-0.48796526	0.0
-0.0015379383	-0.48379824	0.0
-0.0015907212	-0.47390246	0.0
-0.0016166875	-0.45834991	0.0
-0.0016242679	-0.43726152	0.0
-0.0016116729	-0.41081545	0.0
-0.0015739871	-0.37928641	0.0
-0.0015210941	-0.34306043	0.0
-0.0014487361	-0.30258673	0.0
-0.001357722	-0.25827715	0.0
-0.0012529579	-0.21077646	0.0
-0.0011339936	-0.16063304	0.0
-0.001001137	-0.10859276	0.0
-0.00086089835	-0.055315342	0.0
-0.00071542914	-0.0015267899	0.0
-0.00056492345	0.052374855	0.0
-0.00041127595	0.10569642	0.0
-0.00025981033	0.15777123	0.0
-0.00010947192	0.20805669	0.0
3.5845071e-05	0.2557292	0.0
0.00017650143	0.30029634	0.0
0.00031471357	0.34115225	0.0
0.00044195654	0.3778086	0.0
0.0005667322	0.40973842	0.0
0.00068476435	0.43666285	0.0
0.00078846881	0.45822975	0.0
0.00089718739	0.47429439	0.0
0.00098496128	0.48471177	0.0
0.0010745185	0.48939693	0.0
0.0011567977	0.48832703	0.0
0.0012220682	0.48149842	0.0
0.0012867943	0.46895131	0.0
0.0013319781	0.45077834	0.0
0.0013706309	0.4271163	0.0
0.0013906636	0.39818001	0.0
0.0013935871	0.36429	0.0
0.0013809761	0.32572213	0.0
0.0013392656	0.28327745	0.0
0.0012802421	0.23719607	0.0
0.001196934	0.18818352	0.0
0.0010912	0.13671781	0.0
0.0009638638	0.083773993	0.0
0.00081936066	0.029798884	0.0
0.0006591673	-0.024354439	0.0
0.0004867668	-0.078332007	0.0
0.00030521073	-0.1313749	0.0
0.00012096798	-0.18287937	0.0
-6.3695312e-05	-0.23213527	0.0
-0.00024594602	-0.27851737	0.0
-0.00042302936	-0.32149422	0.0
-0.00058722013	-0.36030146	0.0
-0.00074144127	-0.39466381	0.0
-0.0008782323	-0.42413375	0.0
-0.00099890667	-0.44835496	0.0
-0.0011012936	-0.46714836	0.0
-0.0011774979	-0.48033744	0.0
-0.0012422742	-0.48780012	0.0
-0.0012807515	-0.4895061	0.0
-0.0013063408	-0.48542699	0.0
-0.0013095833	-0.47559634	0.0
-0.0012969562	-0.46007076	0.0
-0.0012695546	-0.43898654	0.0
-0.0012254245	-0.41253921	0.0
-0.0011693671	-0.38100421	0.0
-0.001100678	-0.34470907	0.0
-0.0010212469	-0.30409753	0.0
-0.00093312794	-0.2597056	0.0
-0.00083253841	-0.21206217	0.0
-0.00072845491	-0.16188698	0.0
-0.0006123886	-0.10976307	0.0
-0.0004892709	-0.056379985	0.0
-0.0003617183	-0.0023390963	0.0
-0.00022542928	0.051719319	0.0
-8.6551277e-05	0.10509687	0.0
5.8399273e-05	0.15734035	0.0
0.00020800762	0.20753112	0.0
0.00036120438	0.25522345	0.0
0.00051661028	0.29974246	0.0
0.0006697512	0.34049234	0.0
0.00082454516	0.37702897	0.0
0.00096893468	0.40883631	0.0
0.001104622	0.43560889	0.0
0.0012295867	0.45705751	0.0
0.0013337837	0.4729985	0.0
0.0014250027	0.48329061	0.0
0.0014933095	0.4878644	0.0
0.0015329196	0.48668423	0.0
0.0015591417	0.47974989	0.0
0.0015487894	0.46711448	0.0
0.0015238451	0.44887704	0.0
0.0014655254	0.42518997	0.0
0.0013850719	0.39626709	0.0
0.0012826967	0.36245382	0.0
0.0011547841	0.32409313	0.0
0.0010110388	0.2816827	0.0
0.00084357616	0.23573764	0.0
0.00066703622	0.18686919	0.0
0.00047923674	0.13570899	0.0
0.0002812077	0.082886398	0.0
7.8012308e-05	0.029208805	0.0
-0.00012662141	-0.024868531	0.0
-0.00033032551	-0.078608088	0.0
-0.00053197664	-0.13149025	0.0
-0.00072676234	-0.18284167	0.0
-0.00091454282	-0.23196419	0.0
-0.0010898471	-0.2783359	0.0
-0.001256203	-0.3211728	0.0
-0.0014043443	-0.36007458	0.0
-0.0015376152	-0.39449018	0.0
-0.0016538365	-0.42401314	0.0
-0.0017480837	-0.44833884	0.0
-0.0018278376	-0.46722054	0.0
-0.001882587	-0.48049754	0.0
-0.0019228857	-0.48805642	0.0
-0.00194132	-0.4898589	0.0
-0.0019408414	-0.48587409	0.0
-0.0019255041	-0.47613996	0.0
-0.0018891295	-0.46072638	0.0
-0.0018374033	-0.43972269	0.0
-0.0017664336	-0.41335857	0.0
-0.0016768629	-0.38191316	0.0
-0.0015749144	-0.34565189	0.0
-0.0014494035	-0.3051157	0.0
-0.0013117059	-0.26075009	0.0
-0.0011577869	-0.21313837	0.0
-0.00098593347	-0.16292283	0.0
-0.00080783124	-0.11075992	0.0
-0.00061461172	-0.057413191	0.0
-0.00041910168	-0.0033741568	0.0
-0.0002169965	0.050688297	0.0
-1.3727687e-05	0.10416007	0.0
0.0001884832	0.15638156	0.0
0.00038301878	0.20679903	0.0
0.00057583849	0.25461504	0.0
0.00075693941	0.29933473	0.0
0.00092837762	0.34028155	0.0
0.0010899745	0.37705791	0.0
0.0012330044	0.40904441	0.0
0.0013699115	0.4360739	0.0
0.001484575	0.45770594	0.0
0.0015895022	0.4738597	0.0
0.0016794534	0.48436415	0.0
0.0017478426	0.48913571	0.0
0.0018125443	0.48815048	0.0
0.0018524376	0.48140457	0.0
0.0018854561	0.46893942	0.0
0.0019016049	0.45085439	0.0
0.0018974032	0.42728099	0.0
0.0018849148	0.39845762	0.0
0.0018442585	0.36463866	0.0
0.0017918153	0.32630107	0.0
0.0017157777	0.28391945	0.0
0.0016213227	0.23795488	0.0
0.0015087775	0.18904719	0.0
0.0013738705	0.137814	0.0
0.0012278351	0.084942646	0.0
0.0010589737	0.031147586	0.0
0.00088270457	-0.023004441	0.0
0.00069231202	-0.076926805	0.0
0.0004948483	-0.12992962	0.0
0.00028705096	-0.18140644	0.0
7.9216908e-05	-0.23066479	0.0
-0.00013359691	-0.27700487	0.0
-0.0003454336	-0.31994417	0.0
-0.00055418961	-0.3587622	0.0
-0.00076180237	-0.39317405	0.0
-0.00095127703	-0.42256963	0.0
-0.0011436902	-0.44675848	0.0
-0.001310759	-0.46553826	0.0
-0.0014708283	-0.47865614	0.0
-0.0016136075	-0.48606476	0.0
-0.0017331918	-0.48769194	0.0
-0.0018452911	-0.48351598	0.0
-0.0019244001	-0.47359106	0.0
-0.0019959942	-0.45799667	0.0
-0.0020398472	-0.43685287	0.0
-0.0020604564	-0.41036323	0.0
-0.0020641536	-0.3787947	0.0
-0.0020381652	-0.34248921	0.0
-0.0019905134	-0.30201021	0.0
-0.0019192264	-0.25766781	0.0
-0.0018216779	-0.21014449	0.0
-0.0017070342	-0.16005352	0.0
-0.0015663236	-0.10807099	0.0
-0.0014083756	-0.05479655	0.0
-0.0012327519	-0.00091658835	0.0
-0.0010414579	0.052862313	0.0
-0.00083704264	0.10601323	0.0
-0.00062086422	0.15798594	0.0
-0.00039568829	0.20801067	0.0
-0.00016009263	0.25555566	0.0
7.6656695e-05	0.29983887	0.0
0.00032408291	0.34044468	0.0
0.00056364742	0.37687781	0.0
0.00080144178	0.40853912	0.0
0.0010367886	0.43521208	0.0
0.0012529414	0.45661125	0.0
0.0014649867	0.47250703	0.0
0.0016523052	0.48280451	0.0
0.0018227418	0.48741361	0.0
0.0019658988	0.48629811	0.0
0.002084912	0.47947311	0.0
0.0021746899	0.46693492	0.0
0.0022338675	0.44882762	0.0
0.0022606128	0.42526475	0.0
0.0022516369	0.39647484	0.0
0.0022097665	0.3628318	0.0
0.0021316605	0.32459578	0.0
0.0020250338	0.28228512	0.0
0.0018825893	0.23642047	0.0
0.0017164698	0.18764013	0.0
0.0015213909	0.13656019	0.0
0.001306278	0.083833642	0.0
0.0010723673	0.030116225	0.0
0.0008225838	-0.023872348	0.0
0.00056336995	-0.077629998	0.0
0.00029484896	-0.13049714	0.0
1.9998148e-05	-0.18178952	0.0
-0.00025444041	-0.23089084	0.0
-0.00052767852	-0.27720159	0.0
-0.00079581584	-0.31995034	0.0
-0.001051074	-0.35875559	0.0
-0.0012940653	-0.39310572	0.0
-0.0015225118	-0.42253986	0.0
-0.0017288273	-0.44680327	0.0
-0.0019145267	-0.46564239	0.0
-0.0020721275	-0.47890478	0.0
-0.002207442	-0.48647183	0.0
-0.0023121051	-0.48829421	0.0
-0.0023935339	-0.48435381	0.0
-0.0024458917	-0.4746708	0.0
-0.0024684207	-0.45931754	0.0
-0.0024714479	-0.43841404	0.0
-0.002435613	-0.4121258	0.0
-0.0023879262	-0.38075995	0.0
-0.0023060241	-0.34457254	0.0
-0.0022044242	-0.30412251	0.0
-0.0020837088	-0.25982013	0.0
-0.0019409665	-0.21228185	0.0
-0.0017907534	-0.16215937	0.0
-0.0016180018	-0.1100105	0.0
-0.0014415527	-0.056610607	0.0
-0.0012535721	-0.0025129775	0.0
-0.0010580262	0.051578354	0.0
-0.00085639075	0.10493869	0.0
-0.00065011799	0.15719946	0.0
-0.00043601988	0.20755437	0.0
-0.00021829479	0.25528869	0.0
5.7066391e-06	0.29993647	0.0
0.00023439951	0.34069031	0.0
0.00046251534	0.37724498	0.0
0.00069138815	0.40905094	0.0
0.00092412886	0.43580997	0.0
0.0011433465	0.45724377	0.0
0.001367606	0.47315893	0.0
0.0015714308	0.48344028	0.0
0.0017731963	0.48799551	0.0
0.0019587574	0.48679963	0.0
0.0021268236	0.47984713	0.0
0.0022818914	0.46719387	0.0
0.0024054679	0.44892621	0.0
0.0025172194	0.42520669	0.0
0.0025920791	0.39624956	0.0
0.0026414657	0.36236906	0.0
0.0026581865	0.32398239	0.0
0.0026389577	0.28151947	0.0
0.0025887955	0.23550899	0.0
0.0025040938	0.18662018	0.0
0.0023858347	0.13540398	0.0
0.0022395102	0.082612418	0.0
0.0020618883	0.028823363	0.0
0.0018580917	-0.025268409	0.0
0.001631571	-0.079091676	0.0
0.0013821477	-0.13195777	0.0
0.0011131393	-0.18338272	0.0
0.00082992914	-0.23241223	0.0
0.00053335406	-0.27865121	0.0
0.00022721299	-0.32142708	0.0
-8.2002371e-05	-0.36022869	0.0
-0.00039054576	-0.39453506	0.0
-0.00068891433	-0.42398188	0.0
-0.00097691792	-0.44823736	0.0
-0.0012510733	-0.46707457	0.0
-0.0014946143	-0.48031417	0.0
-0.0017231406	-0.48784825	0.0
-0.0019158077	-0.48964977	0.0
-0.0020815029	-0.48567203	0.0
-0.0022183983	-0.47596103	0.0
-0.002314951	-0.46058121	0.0
-0.0023886585	-0.4396624	0.0
-0.0024146291	-0.41335392	0.0
-0.0024144042	-0.38196212	0.0
-0.0023795951	-0.34580961	0.0
-0.0023051337	-0.30534664	0.0
-0.0022082597	-0.26105705	0.0
-0.0020736316	-0.21348563	0.0
-0.0019201579	-0.16333698	0.0
-0.0017388116	-0.11119421	0.0
-0.0015395038	-0.057767045	0.0
-0.0013262713	-0.0038131964	0.0
-0.0010977255	0.050246689	0.0
-0.00085947884	0.10374299	0.0
-0.00061520061	0.15595011	0.0
-0.00036389267	0.20648025	0.0
-0.00011110218	0.25417209	0.0
0.00014039488	0.2988914	0.0
0.00039365303	0.33986512	0.0
0.00063158304	0.37662551	0.0
0.00086886866	0.40866145	0.0
0.001084111	0.43576333	0.0
0.0012817197	0.45738453	0.0
0.0014641208	0.47360227	0.0
0.0016120037	0.48411271	0.0
0.0017456801	0.48891461	0.0
0.0018418713	0.48796469	0.0
0.0019195289	0.48127013	0.0
0.0019626571	0.46885952	0.0
0.0019770348	0.45082805	0.0
0.0019677829	0.42732525	0.0
0.0019197395	0.39855447	0.0
0.0018592045	0.36483949	0.0
0.001762146	0.3264991	0.0
0.0016504107	0.28415415	0.0
0.0015171459	0.23822606	0.0
0.0013665757	0.1893317	0.0
0.0012080108	0.13814618	0.0
0.0010379563	0.085248679	0.0
0.00086463062	0.031369988	0.0
0.00069029193	-0.022791721	0.0
0.00051625882	-0.076751277	0.0
0.00034510225	-0.12984709	0.0
0.00017934326	-0.18138409	0.0
1.7605043e-05	-0.23071285	0.0
-0.00013773619	-0.27721086	0.0
-0.0002889671	-0.32026738	0.0
-0.00043330211	-0.35926569	0.0
-0.00057191087	-0.39379159	0.0
-0.00070768036	-0.42336842	0.0
-0.00083234831	-0.44779596	0.0
-0.00095672184	-0.46668875	0.0
-0.0010735121	-0.48004115	0.0
-0.0011877358	-0.4876402	0.0
-0.0012980329	-0.48948929	0.0
-0.0013943232	-0.48554683	0.0
-0.0014960762	-0.47584966	0.0
-0.0015777126	-0.46046001	0.0
-0.0016606608	-0.43949032	0.0
-0.0017139773	-0.41314372	0.0
-0.0017651402	-0.38168642	0.0
-0.0017898114	-0.34544551	0.0
-0.0017944518	-0.30483437	0.0
-0.0017799422	-0.26054183	0.0
-0.0017339282	-0.21291809	0.0
-0.0016731244	-0.1626953	0.0
-0.001581407	-0.11046961	0.0
-0.001471498	-0.056961931	0.0
-0.0013424472	-0.0028005424	0.0
-0.001193265	0.051424991	0.0
-0.0010292332	0.10500992	0.0
-0.00084937195	0.1574894	0.0
-0.00065754214	0.20794399	0.0
-0.00045598473	0.2559756	0.0
-0.00024791973	0.30073184	0.0
-3.1044103e-05	0.34177575	0.0
0.00018247284	0.37857422	0.0
0.00040050448	0.41066489	0.0
0.00060682208	0.4377006	0.0
0.00081083609	0.45939523	0.0
0.001003301	0.47554538	0.0
0.0011765731	0.48603117	0.0
0.001343091	0.49075735	0.0
0.0014841025	0.48970985	0.0
0.0016158391	0.48285905	0.0
0.0017221399	0.47030631	0.0
0.0018097179	0.45211074	0.0
0.0018814241	0.42841858	0.0
0.0019226437	0.39945582	0.0
0.0019582142	0.36552957	0.0
0.0019595777	0.32702726	0.0
0.0019511237	0.28448629	0.0
0.0019182235	0.23835303	0.0
0.0018650807	0.18931235	0.0
0.0018010853	0.13796505	0.0
0.0017153672	0.085064657	0.0
0.0016148431	0.031144537	0.0
0.0014990593	-0.023116369	0.0
0.0013684367	-0.077061497	0.0
0.001225064	-0.13012189	0.0
0.0010663747	-0.18153477	0.0
0.00089656276	-0.23082159	0.0
0.00071370706	-0.2771436	0.0
0.00051921397	-0.32013574	0.0
0.00031613742	-0.35898921	0.0
0.00010935733	-0.39339742	0.0
-9.9872821e-05	-0.42293704	0.0
-0.00031045426	-0.44727322	0.0
-0.00051599584	-0.46615937	0.0
-0.00071503723	-0.47944012	0.0
-0.00090102438	-0.48701507	0.0
-0.0010778323	-0.48882702	0.0
-0.0012368859	-0.48487341	0.0
-0.0013781165	-0.47517687	0.0
-0.0015012976	-0.45979708	0.0
-0.0016050407	-0.4388541	0.0
-0.0016774908	-0.412494	0.0
-0.0017305228	-0.38108042	0.0
-0.0017506768	-0.34485132	0.0
-0.0017429729	-0.30427805	0.0
-0.0017063816	-0.25984195	0.0
-0.0016407385	-0.21225141	0.0
-0.0015446941	-0.16197959	0.0
-0.001425851	-0.1098013	0.0
-0.001283752	-0.05630881	0.0
-0.0011204209	-0.0021017327	0.0
-0.00094454532	0.051968876	0.0
-0.00075288641	0.10554972	0.0
-0.00055483868	0.15791519	0.0
-0.00035088847	0.20840353	0.0
-0.00014065909	0.25633544	0.0
6.7306755e-05	0.30118892	0.0
0.00027468009	0.3421936	0.0
0.00047647112	0.37897995	0.0
0.00066718436	0.41103509	0.0
0.00085625314	0.43804896	0.0
0.0010227173	0.45976374	0.0
0.0011827106	0.47591618	0.0
0.0013225595	0.4864406	0.0
0.0014454771	0.49123406	0.0
0.0015568625	0.49026874	0.0
0.0016436136	0.48355255	0.0
0.0017216984	0.47111964	0.0
0.0017756965	0.45307344	0.0
0.0018134663	0.42954695	0.0
0.0018415917	0.40075621	0.0
0.0018433264	0.36702523	0.0
0.0018405522	0.32870466	0.0
0.0018149825	0.28642029	0.0
0.0017788036	0.24050905	0.0
0.0017308918	0.19173513	0.0
0.001662668	0.14062369	0.0
0.0015880861	0.087907001	0.0
0.001492764	0.034168698	0.0
0.0013873056	-0.019882269	0.0
0.001264178	-0.073692158	0.0
0.0011237505	-0.12674946	0.0
0.00096857594	-0.17797871	0.0
0.00079864525	-0.22725806	0.0
0.00060883531	-0.27352804	0.0
0.00040959177	-0.31641272	0.0
0.00019939827	-0.35525298	0.0
-2.1036083e-05	-0.38962665	0.0
-0.00023856567	-0.41913825	0.0
-0.00046210899	-0.44343227	0.0
-0.00067218737	-0.46228835	0.0
-0.00087432523	-0.47555593	0.0
-0.0010622749	-0.48312226	0.0
-0.0012308852	-0.48491734	0.0
-0.0013864653	-0.48093474	0.0
-0.0015152717	-0.47119313	0.0
-0.0016268807	-0.45575514	0.0
-0.0017060303	-0.43474439	0.0
-0.0017684731	-0.40829861	0.0
-0.0017966281	-0.37680337	0.0
-0.0018057886	-0.34050205	0.0
-0.0017805642	-0.29983038	0.0
-0.0017378387	-0.2553114	0.0
-0.001663181	-0.20762122	0.0
-0.0015714186	-0.15720716	0.0
-0.0014583418	-0.10486498	0.0
-0.001325488	-0.05118553	0.0
-0.0011780353	0.0031879684	0.0
-0.0010143546	0.057498056	0.0
-0.00083813944	0.11131737	0.0
-0.00064997317	0.16390264	0.0
-0.00045388556	0.21463552	0.0
-0.00024892448	0.2628535	0.0
-3.6565958e-05	0.30791786	0.0
0.00017526865	0.34928656	0.0
0.00039489704	0.38650584	0.0
0.00060409115	0.41900358	0.0
0.00081311504	0.44649351	0.0
0.0010126696	0.46871522	0.0
0.0011986843	0.48546359	0.0
0.0013728703	0.49657473	0.0
0.0015335977	0.50200433	0.0
0.0016715135	0.50170606	0.0
0.0017975627	0.49568111	0.0
0.0018917093	0.48395741	0.0
0.0019749792	0.46671799	0.0
0.0020307726	0.4440276	0.0
0.0020583214	0.41611892	0.0
0.0020679154	0.38328341	0.0
0.002040186	0.34587827	0.0
0.0019973123	0.30458397	0.0
0.001924511	0.25964478	0.0
0.001826103	0.21187513	0.0
0.0017094278	0.1617709	0.0
0.0015663017	0.11002275	0.0
0.001406892	0.057358656	0.0
0.0012292719	0.0043042982	0.0
0.0010362194	-0.04850525	0.0
0.00082766317	-0.10036357	0.0
0.00060600095	-0.1507871	0.0
0.00037497072	-0.19907001	0.0
0.0001400382	-0.24465109	0.0
-0.00010183659	-0.28689638	0.0
-0.00034489101	-0.32531103	0.0
-0.00058081315	-0.35944676	0.0
-0.00081003498	-0.38895583	0.0
-0.0010281713	-0.41357118	0.0
-0.0012235295	-0.43312094	0.0
-0.0014052271	-0.44755036	0.0
-0.0015595359	-0.45681086	0.0
-0.0016943921	-0.46099091	0.0
-0.0017985244	-0.46016231	0.0
-0.001877389	-0.45446181	0.0
-0.0019348345	-0.44404554	0.0
-0.0019569865	-0.4290854	0.0
-0.0019601814	-0.4097847	0.0
-0.0019374564	-0.38649419	0.0
-0.0018891217	-0.35941935	0.0
-0.0018252222	-0.32894939	0.0
-0.001736911	-0.29536444	0.0
-0.0016393438	-0.25929621	0.0
-0.0015214666	-0.22103029	0.0
-0.0013999881	-0.18123792	0.0
-0.0012698271	-0.14036724	0.0
-0.0011385401	-0.09903688	0.0
-0.0010035427	-0.058043905	0.0
-0.0008726602	-0.017732238	0.0
-0.00074591296	0.021141499	0.0
-0.00062377844	0.058192976	0.0
-0.00051142852	0.092832059	0.0
-0.00040633522	0.12469146	0.0
-0.00031245945	0.15334819	0.0
-0.00022470053	0.17854355	0.0
-0.00015479392	0.19990295	0.0
-8.5921914e-05	0.21728571	0.0
-3.5850084e-05	0.23063827	0.0
9.9630279e-06	0.23983236	0.0
4.6542653e-05	0.24498066	0.0
7.0753733e-05	0.24620178	0.0
9.7094817e-05	0.24373202	0.0
0.00010879192	0.23787515	0.0
0.00012396638	0.22900012	0.0
0.00012879464	0.21752456	0.0
0.00013427956	0.20386522	0.0
0.00013494947	0.18844581	0.0
0.00013117411	0.17180213	0.0
0.00012907691	0.15431342	0.0
0.0001212751	0.1364871	0.0
0.00011504259	0.11877359	0.0
0.00010533654	0.10155131	0.0
9.7879471e-05	0.085189097	0.0
9.0789312e-05	0.070004053	0.0
8.0986829e-05	0.05618098	0.0
7.3211246e-05	0.043820601	0.0
6.2393607e-05	0.033020698	0.0
5.1131177e-05	0.023702584	0.0
3.921791e-05	0.015781306	0.0
2.4559331e-05	0.0091462927	0.0
8.3958148e-06	0.00365748	0.0
-7.9855663e-06	-0.00083140249	0.0
-2.6445134e-05	-0.004456304	0.0
-4.3064654e-05	-0.0073568514	0.0
-5.9793485e-05	-0.0096509689	0.0
-7.4122217e-05	-0.011446926	0.0
-8.4530009e-05	-0.012830496	0.0
-9.2157097e-05	-0.0138795	0.0
-9.7365453e-05	-0.014661517	0.0
-9.877039e-05	-0.015223342	0.0
-9.6818352e-05	-0.015606921	0.0
-9.3473165e-05	-0.015841028	0.0
-8.9888534e-05	-0.015948452	0.0
-8.7802939e-05	-0.015948713	0.0
-8.6979948e-05	-0.015853034	0.0
-9.0193527e-05	-0.015675019	0.0
-9.6408301e-05	-0.01542025	0.0
-0.00010632401	-0.015101193	0.0
-0.00011739767	-0.014725856	0.0
-0.00013010082	-0.014305949	0.0
-0.00013946138	-0.013854184	0.0
-0.00014743177	-0.013381301	0.0
-0.00015056778	-0.012898372	0.0
-0.00014712324	-0.012412993	0.0
-0.00013836411	-0.011931078	0.0
-0.00012510699	-0.01146307	0.0
-0.00010642118	-0.011003891	0.0
-8.4611631e-05	-0.010562119	0.0
-6.1878105e-05	-0.010135121	0.0
-3.9719413e-05	-0.009723139	0.0
-1.7207589e-05	-0.009325482	0.0
2.6526805e-06	-0.0089419549	0.0
2.0665013e-05	-0.0085723791	0.0
3.6597576e-05	-0.008218511	0.0
4.9412622e-05	-0.0078752609	0.0
5.8996688e-05	-0.007545975	0.0
6.5925371e-05	-0.0072277612	0.0
7.1583359e-05	-0.0069242143	0.0
7.5281285e-05	-0.0066319485	0.0
7.5860742e-05	-0.0063517108	0.0
7.701679e-05	-0.0060828915	0.0
7.5980344e-05	-0.0058263331	0.0
7.5635166e-05	-0.0055805184	0.0
7.4482785e-05	-0.0053465934	0.0
7.2406961e-05	-0.0051216166	0.0
6.9177266e-05	-0.0049094176	0.0
6.594757e-05	-0.0047040768	0.0
6.2487765e-05	-0.0045085032	0.0
5.8911424e-05	-0.0043234187	0.0
5.5220575e-05	-0.0041469014	0.0
5.3375858e-05	-0.0039781751	0.0
5.0377341e-05	-0.0038165587	0.0
4.7609621e-05	-0.0036631683	0.0
4.403307e-05	-0.0035174389	0.0
4.2765365e-05	-0.0033765354	0.0
3.9535906e-05	-0.003245193	0.0
3.6652062e-05	-0.0031164722	0.0
3.4922632e-05	-0.0029958352	0.0
3.1577852e-05	-0.0028805579	0.0
2.9502096e-05	-0.002769395	0.0
2.8465533e-05	-0.0026622082	0.0
2.5005627e-05	-0.0025625557	0.0
2.2467913e-05	-0.0024664658	0.0
2.2007933e-05	-0.0023746404	0.0
2.0971216e-05	-0.0022859417	0.0
1.9472362e-05	-0.0022024396	0.0
1.7281349e-05	-0.0021218359	0.0
1.6129226e-05	-0.0020454838	0.0
1.6246024e-05	-0.0019703603	0.0
1.359306e-05	-0.0019007138	0.0
1.313368e-05	-0.0018340846	0.0
1.1750005e-05	-0.0017684315	0.0
1.0482629e-05	-0.0017071647	0.0
9.6772537e-06	-0.0016464348	0.0
1.0024981e-05	-0.0015902362	0.0
9.1033571e-06	-0.0015355542	0.0
8.7586441e-06	-0.0014831919	0.0
7.3756373e-06	-0.0014326066	0.0
7.377625e-06	-0.001385032	0.0
6.455502e-06	-0.0013385554	0.0
5.7636967e-06	-0.0012941447	0.0
3.9199663e-06	-0.0012513797	0.0
4.0377636e-06	-0.001210928	0.0
2.8841403e-06	-0.001170081	0.0
2.541e-06	-0.0011340352	0.0
2.0816201e-06	-0.0010970308	0.0
2.0825341e-06	-0.0010618074	0.0
1.2771869e-06	-0.0010279522	0.0
1.6253762e-06	-0.00099601899	0.0
5.8522363e-07	-0.00096518063	0.0
-7.9691392e-07	-0.00093487836	0.0
-1.0213894e-06	-0.00090540608	0.0
-4.464068e-07	-0.0008788149	0.0
-1.5972385e-06	-0.00085167459	0.0
-7.8699082e-07	-0.00082440267	0.0
-1.8271875e-06	-0.00080000487	0.0
-1.9375495e-06	-0.00077533117	0.0
-2.1679457e-06	-0.00075286551	0.0
-2.1628418e-06	-0.00073121249	0.0
-1.4711704e-06	-0.00070983253	0.0
-2.2789927e-06	-0.00068872399	0.0
-2.6249695e-06	-0.00066885108	0.0
-4.0065388e-06	-0.00064828788	0.0
-3.3051356e-06	-0.00062938256	0.0
-2.7337926e-06	-0.00061280088	0.0
-3.7692394e-06	-0.0005951192	0.0
-3.1885411e-06	-0.00057826436	0.0
-3.7673258e-06	-0.00056086661	0.0
-3.7593877e-06	-0.0005460637	0.0
-2.9548835e-06	-0.0005300272	0.0
-4.5739603e-06	-0.00051551056	0.0
-5.1388065e-06	-0.00050181191	0.0
-3.7557002e-06	-0.00048837793	0.0
-4.6767859e-06	-0.00047453798	0.0
-3.6377094e-06	-0.00046234278	0.0
-5.137902e-06	-0.00044931949	0.0
-4.3221849e-06	-0.00043617137	0.0
-4.2100992e-06	-0.0004263107	0.0
-4.4364501e-06	-0.00041437769	0.0
-3.7421439e-06	-0.00040095687	0.0
-4.2072256e-06	-0.00039219845	0.0
-5.4723405e-06	-0.00038259794	0.0
-5.3547901e-06	-0.00037163688	0.0
-5.9278964e-06	-0.00036273297	0.0
-4.7712988e-06	-0.0003528668	0.0
-5.1191773e-06	-0.0003445122	0.0
-5.4641409e-06	-0.00033587407	0.0
-6.3854604e-06	-0.0003262845	0.0
-6.4970632e-06	-0.00031875196	0.0
-6.3786074e-06	-0.00030998158	0.0
-5.6848999e-06	-0.00030203947	0.0
-5.8000392e-06	-0.00029436691	0.0
-5.9129588e-06	-0.00028628419	0.0
-5.7957245e-06	-0.00027984678	0.0
-5.6779504e-06	-0.00027368058	0.0
-5.5633145e-06	-0.00026710122	0.0
-6.7150095e-06	-0.00025984159	0.0
-6.5970944e-06	-0.00025450366	0.0
-6.9395073e-06	-0.0002491544	0.0
-5.5535206e-06	-0.00024079879	0.0
-6.1301403e-06	-0.00023655839	0.0
-5.5502037e-06	-0.00023093801	0.0
-5.3175186e-06	-0.00022409091	0.0
-4.5091097e-06	-0.0002194353	0.0
-5.8933315e-06	-0.00021464004	0.0
-6.1194341e-06	-0.00020929621	0.0
-4.9653158e-06	-0.00020463826	0.0
-6.3498896e-06	-0.00019956927	0.0
-6.1137957e-06	-0.00019532433	0.0
-4.8438019e-06	-0.0001905286	0.0
-5.5367077e-06	-0.00018573554	0.0
-6.3408711e-06	-0.00018203822	0.0
-5.7623329e-06	-0.00017724247	0.0
-6.3374605e-06	-0.00017299864	0.0
-5.5273713e-06	-0.0001698493	0.0
-5.8735332e-06	-0.00016642394	0.0
-6.562796e-06	-0.00016258856	0.0
-5.9841764e-06	-0.00015902639	0.0
-6.4439332e-06	-0.00015478057	0.0
-5.6331737e-06	-0.00015162949	0.0
-5.2856944e-06	-0.00014711	0.0
-4.9395658e-06	-0.00014478584	0.0
-6.2073586e-06	-0.00014231987	0.0
-6.2044137e-06	-0.00013848361	0.0
-6.5491299e-06	-0.00013492559	0.0
-6.5472773e-06	-0.0001335589	0.0
-7.0077394e-06	-0.00013109212	0.0
-7.1197064e-06	-0.00012821652	0.0
-6.3101579e-06	-0.00012465368	0.0
-6.4253559e-06	-0.00012054685	0.0
-6.6529042e-06	-0.0001190447	0.0
-5.6119688e-06	-0.00011726444	0.0
-5.1493898e-06	-0.00011466183	0.0
-5.2650225e-06	-0.00011137647	0.0
-6.7618516e-06	-0.00010959838	0.0
-5.7219981e-06	-0.00010699553	0.0
-7.5676535e-06	-0.00010398227	0.0
-6.7545207e-06	-0.00010152096	0.0
-6.1793548e-06	-0.00010111149	0.0
-7.5608268e-06	-9.7683987e-05	0.0
-6.2888112e-06	-9.5223404e-05	0.0
-6.7491906e-06	-9.3855619e-05	0.0
-5.7087145e-06	-9.1802394e-05	0.0
-6.5163563e-06	-9.0435715e-05	0.0
-6.2812251e-06	-8.906734e-05	0.0
-5.7043208e-06	-8.7425833e-05	0.0
-6.1626793e-06	-8.5919935e-05	0.0
-4.544178e-06	-8.3318067e-05	0.0
-4.1978956e-06	-8.1402221e-05	0.0
-4.3146924e-06	-7.9213212e-05	0.0
-6.3883012e-06	-7.8120131e-05	0.0
-5.3460271e-06	-7.6341486e-05	0.0
-5.6915778e-06	-7.5247903e-05	0.0
-5.3438739e-06	-7.3057978e-05	0.0
-6.2652757e-06	-7.1827519e-05	0.0
-5.6853855e-06	-6.9638168e-05	0.0
-5.56955e-06	-6.9503927e-05	0.0
-5.9129616e-06	-6.7176479e-05	0.0
-5.1040838e-06	-6.6357774e-05	0.0
-5.9094214e-06	-6.4715598e-05	0.0
-4.407736e-06	-6.3210275e-05	0.0
-5.5603346e-06	-6.0473285e-05	0.0
-4.8659344e-06	-6.088796e-05	0.0
-5.5566188e-06	-5.9109101e-05	0.0
-5.4394432e-06	-5.8701127e-05	0.0
-5.5530313e-06	-5.637404e-05	0.0
-5.5513665e-06	-5.6102544e-05	0.0
-5.3186341e-06	-5.6380417e-05	0.0
-5.7786606e-06	-5.3642398e-05	0.0
-4.9690075e-06	-5.2959487e-05	0.0
-5.5442042e-06	-5.2140505e-05	0.0
-4.8502257e-06	-5.0910276e-05	0.0
-5.1944012e-06	-4.995312e-05	0.0
-5.1918323e-06	-4.9683542e-05	0.0
-6.3453372e-06	-4.708258e-05	0.0
-4.7286571e-06	-4.6809695e-05	0.0
-5.416885e-06	-4.5854773e-05	0.0
-5.9934691e-06	-4.4622931e-05	0.0
-5.3005256e-06	-4.4762888e-05	0.0
-4.4890971e-06	-4.3807533e-05	0.0
-5.6423078e-06	-4.2302938e-05	0.0
-3.6796355e-06	-4.1345382e-05	0.0
-3.9063843e-06	-4.1348605e-05	0.0
-4.4827925e-06	-4.06662e-05	0.0
-4.0188957e-06	-4.053281e-05	0.0
-5.2855848e-06	-3.86184e-05	0.0
-5.4012758e-06	-3.7522397e-05	0.0
-4.4765579e-06	-3.7800946e-05	0.0
-4.0122022e-06	-3.5749112e-05	0.0
-4.3556729e-06	-3.5064746e-05	0.0
-4.931811e-06	-3.4930399e-05	0.0
-4.2389129e-06	-3.4661341e-05	0.0
-3.6585068e-06	-3.247186e-05	0.0
-4.3488394e-06	-3.1924352e-05	0.0
-4.2325105e-06	-3.1790118e-05	0.0
-4.3459922e-06	-3.1521711e-05	0.0
-4.1137523e-06	-3.0014677e-05	0.0
-4.2261659e-06	-3.0704308e-05	0.0
-4.9152168e-06	-2.9061373e-05	0.0
-5.2653977e-06	-3.0298495e-05	0.0
-3.5305152e-06	-2.7705762e-05	0.0
-4.3351251e-06	-2.6325934e-05	0.0
-3.4109225e-06	-2.8113549e-05	0.0
-4.673017e-06	-2.6611891e-05	0.0
-5.7145712e-06	-2.7023118e-05	0.0
-4.9094542e-06	-2.607161e-05	0.0
-3.9794122e-06	-2.5111289e-05	0.0
-5.0153608e-06	-2.5252195e-05	0.0
-4.6707592e-06	-2.4296616e-05	0.0
-4.2081438e-06	-2.429686e-05	0.0
-3.5104981e-06	-2.4030463e-05	0.0
-4.6613591e-06	-2.2388131e-05	0.0
-4.3188029e-06	-2.238723e-05	0.0
-3.8516978e-06	-2.1983673e-05	0.0
-4.3125006e-06	-2.075207e-05	0.0
-3.8489561e-06	-2.0750291e-05	0.0
-3.9662582e-06	-2.1167989e-05	0.0
-2.5755812e-06	-2.0078107e-05	0.0
-4.1853373e-06	-1.9254941e-05	0.0
-3.9598317e-06	-1.9392714e-05	0.0
-3.8382373e-06	-1.9806424e-05	0.0
-4.414775e-06	-1.9951578e-05	0.0
-4.182687e-06	-1.8315379e-05	0.0
-4.412715e-06	-1.7075165e-05	0.0
-3.9477959e-06	-1.8307828e-05	0.0
-4.2961201e-06	-1.8320066e-05	0.0
-3.0226463e-06	-1.7498289e-05	0.0
-3.9411811e-06	-1.7501949e-05	0.0
-3.5933829e-06	-1.6817839e-05	0.0
-4.5170646e-06	-1.68282e-05	0.0
-3.3639205e-06	-1.4633685e-05	0.0
-3.590799e-06	-1.5997468e-05	0.0
-2.8954801e-06	-1.6011998e-05	0.0
-3.8133446e-06	-1.5190089e-05	0.0
-3.5889439e-06	-1.5192437e-05	0.0
-3.2316268e-06	-1.4514033e-05	0.0
-4.6179875e-06	-1.3963295e-05	0.0
-3.4712243e-06	-1.4513038e-05	0.0
-2.8856941e-06	-1.4384381e-05	0.0
-2.9963321e-06	-1.3837595e-05	0.0
-3.3444564e-06	-1.3435161e-05	0.0
-2.5378697e-06	-1.2059977e-05	0.0
-2.7535716e-06	-1.356465e-05	0.0
-4.6071473e-06	-1.3308497e-05	0.0
-2.9948383e-06	-1.1661177e-05	0.0
-3.6739123e-06	-1.2072535e-05	0.0
-4.5991928e-06	-1.1123186e-05	0.0
-4.4903022e-06	-1.0296735e-05	0.0
-3.3288736e-06	-1.0847359e-05	0.0
-4.2487591e-06	-1.0578353e-05	0.0
-3.5589999e-06	-1.0717588e-05	0.0
-3.7823988e-06	-1.0718448e-05	0.0
-3.9023098e-06	-1.1138784e-05	0.0
-2.8606462e-06	-9.6338881e-06	0.0
-3.2007788e-06	-9.7724269e-06	0.0
-3.2030159e-06	-8.679197e-06	0.0
-2.7383558e-06	-9.3607159e-06	0.0
-2.851873e-06	-9.6474987e-06	0.0
-2.6179762e-06	-8.413157e-06	0.0
-3.1919872e-06	-9.3711997e-06	0.0
-3.306656e-06	-9.1080728e-06	0.0
-3.4241698e-06	-8.4230423e-06	0.0
-2.7254546e-06	-8.290137e-06	0.0
-3.5356704e-06	-7.7410632e-06	0.0
-1.9181666e-06	-8.4327421e-06	0.0
-2.8348798e-06	-7.3375845e-06	0.0
-2.3744969e-06	-8.1650041e-06	0.0
-2.9475082e-06	-6.6601206e-06	0.0
-2.7175249e-06	-7.6197784e-06	0.0
-2.8294444e-06	-6.5324002e-06	0.0
-2.9425507e-06	-6.3923953e-06	0.0
-3.1737886e-06	-6.5336899e-06	0.0
-2.5953561e-06	-6.5365034e-06	0.0
-2.9351011e-06	-6.5414138e-06	0.0
-3.6303231e-06	-6.402191e-06	0.0
-2.9333125e-06	-7.7811774e-06	0.0
-4.2018937e-06	-5.8682999e-06	0.0
-3.0499484e-06	-6.1393557e-06	0.0
-3.0453341e-06	-6.1443698e-06	0.0
-2.5821309e-06	-5.877785e-06	0.0
-3.0393965e-06	-4.5045963e-06	0.0
-3.5000826e-06	-5.7436096e-06	0.0
-3.6163731e-06	-3.9648135e-06	0.0
-2.8067896e-06	-5.4711813e-06	0.0
-2.8032214e-06	-5.0695821e-06	0.0
-2.5730026e-06	-4.383066e-06	0.0
-1.8763913e-06	-5.2098758e-06	0.0
-2.7964531e-06	-4.3908294e-06	0.0
-2.6827449e-06	-4.8058e-06	0.0
-2.2170971e-06	-3.4390707e-06	0.0
-3.2520009e-06	-3.7131115e-06	0.0
-3.830794e-06	-3.9914489e-06	0.0
-2.7901417e-06	-3.8585217e-06	0.0
-3.1336003e-06	-3.0392828e-06	0.0
-2.901395e-06	-3.040155e-06	0.0
-2.6698019e-06	-3.8680801e-06	0.0
-1.1667162e-06	-1.6768772e-06	0.0
-2.4341459e-06	-3.8722401e-06	0.0
-1.6248445e-06	-3.1916354e-06	0.0
-2.5461522e-06	-3.4677062e-06	0.0
-1.6215506e-06	-3.6087426e-06	0.0
-2.196231e-06	-2.9261751e-06	0.0
-2.4255426e-06	-3.4774137e-06	0.0
-2.6544885e-06	-3.2066271e-06	0.0
-3.1143986e-06	-2.387166e-06	0.0
-2.535696e-06	-1.7049751e-06	0.0
-4.1494704e-06	-3.4901122e-06	0.0
-2.300663e-06	-3.0814538e-06	0.0
-2.2997979e-06	-2.2623565e-06	0.0
-2.1819524e-06	-2.403111e-06	0.0
-1.9501947e-06	-2.6799476e-06	0.0
-2.7556857e-06	-2.2717147e-06	0.0
-1.7146569e-06	-2.4124963e-06	0.0
-1.8293257e-06	-2.2769334e-06	0.0
-1.8275556e-06	-1.3225726e-06	0.0
-1.9401452e-06	-2.6951993e-06	0.0
-1.1318543e-06	-6.4103386e-07	0.0
-2.5156648e-06	-1.4709052e-06	0.0
-2.0496759e-06	-2.4303831e-06	0.0
-1.7033e-06	-1.4733355e-06	0.0
-2.164126e-06	-1.7530534e-06	0.0
-2.8553291e-06	-2.3037826e-06	0.0
-3.1962838e-06	-2.167634e-06	0.0
-2.0415418e-06	-1.6246941e-06	0.0
-2.8501361e-06	-2.4499177e-06	0.0
-2.9610676e-06	-1.7658697e-06	0.0
-2.3808143e-06	-1.7709201e-06	0.0
-1.8055196e-06	-1.9109634e-06	0.0
-2.7259225e-06	-2.188995e-06	0.0
-1.5654333e-06	-2.049607e-06	0.0
-7.6004551e-07	-2.7293095e-07	0.0
-1.2231873e-06	-9.6593874e-07	0.0
-1.7946943e-06	-1.1047096e-06	0.0
-1.0998692e-06	-1.3787459e-06	0.0
-1.2149618e-06	-8.9687084e-09	0.0
-8.6551825e-07	1.1778474e-07	0.0
-8.6699225e-07	-7.0539085e-07	0.0
-1.4412142e-06	-1.9309057e-08	0.0
-1.3234044e-06	1.0773452e-07	0.0
-1.2015864e-06	-1.2665976e-06	0.0
1.8125148e-07	-1.1234714e-06	0.0
-9.7655504e-07	-3.5046448e-08	0.0
-7.3255097e-07	-8.6265305e-07	0.0
5.3043914e-07	-3.1122835e-07	0.0
-1.0870142e-06	9.0519904e-08	0.0
-8.4511379e-07	-8.737756e-07	0.0
-3.8654082e-07	-7.3086318e-07	0.0
-9.6424162e-07	8.0375102e-08	0.0
-1.3056911e-06	-1.4315899e-06	0.0
-1.0705955e-06	-5.9949696e-07	0.0
-6.0795622e-07	6.2287108e-07	0.0
-4.9209632e-07	-2.088037e-07	0.0
-6.0911617e-07	-6.1666395e-07	0.0
-9.464402e-07	-3.474309e-07	0.0
2.0705581e-07	-7.616531e-07	0.0
-7.2358347e-07	-3.4937014e-07	0.0
-1.2927868e-06	5.7910583e-08	0.0
-1.0517805e-06	4.65727e-07	0.0
2.189549e-07	3.1624688e-07	0.0
2.0880839e-07	-7.7971708e-07	0.0
-8.3315803e-07	-2.2417233e-07	0.0
-1.6262389e-06	3.1480323e-07	0.0
-5.8132025e-07	1.7213523e-07	0.0
-4.7278269e-07	1.7181954e-07	0.0
-9.4155325e-07	5.859506e-07	0.0
-2.2026484e-06	9.7825284e-07	0.0
-1.137105e-06	-5.2940209e-07	0.0
6.914189e-07	3.0551575e-07	0.0
-3.5215777e-07	8.4353724e-07	0.0
3.5688728e-07	9.7081545e-07	0.0
4.5598793e-07	4.2011635e-07	0.0
-3.3964324e-07	6.9983952e-07	0.0
4.6934122e-07	9.6124279e-07	0.0
-1.0770152e-07	2.7094435e-07	0.0
4.723058e-07	2.7614112e-07	0.0
-2.2622997e-07	2.6405746e-07	0.0
-2.1269597e-07	-7.0412341e-07	0.0
-1.0768362e-07	-1.1012771e-06	0.0
-5.4726257e-07	-1.4094628e-07	0.0
1.0557035e-06	1.2050788e-07	0.0
-6.8384179e-07	2.6008155e-07	0.0
-3.2388078e-07	5.1845251e-07	0.0
-8.9594084e-07	-1.555741e-07	0.0
2.6956874e-08	1.4946803e-06	0.0
-1.0243873e-06	1.4677146e-06	0.0
-1.2371042e-06	9.1857339e-07	0.0
-7.648643e-07	9.3115159e-07	0.0
3.4860101e-08	1.5981103e-06	0.0
-9.1425375e-07	2.1156922e-07	0.0
-1.9063203e-06	-1.8092243e-07	0.0
8.7097123e-07	8.3771361e-08	0.0
3.6337113e-07	-3.2806977e-07	0.0
-2.8888456e-07	5.1279892e-07	0.0
8.3309249e-07	1.2964613e-06	0.0
-2.176205e-06	-3.4104039e-07	0.0
-1.5424207e-06	9.0565482e-07	0.0
-4.0659893e-07	7.5702695e-07	0.0
-5.2913032e-07	1.4331042e-06	0.0
-7.6705567e-07	6.0667452e-07	0.0
-1.4408064e-06	1.013365e-06	0.0
-7.6007206e-07	4.8680224e-08	0.0
-1.6579932e-06	3.2456899e-07	0.0
4.1035452e-07	6.15521e-08	0.0
-1.101953e-06	1.4223125e-06	0.0
8.0359449e-08	8.6860018e-07	0.0
-1.8023553e-07	1.6798493e-06	0.0
-7.4278819e-07	5.843529e-07	0.0
-7.4791654e-07	1.686413e-06	0.0
-1.4308213e-06	9.7706072e-07	0.0
-6.0244599e-07	8.5074635e-07	0.0
-4.4321105e-08	9.914005e-07	0.0
-3.8329088e-07	1.3864303e-06	0.0
5.5939699e-07	4.1356193e-07	0.0
1.3489083e-06	3.017731e-07	0.0
8.8178297e-07	1.1063975e-06	0.0
5.3006255e-07	2.7496645e-07	0.0
-5.000341e-07	5.5892878e-07	0.0
1.0717896e-07	5.5006382e-07	0.0
7.6588987e-07	6.87583e-07	0.0
-6.0238415e-07	5.3184374e-07	0.0
6.7704684e-07	-4.2616898e-07	0.0
-3.1242777e-08	7.4061455e-09	0.0
4.58062e-07	6.6160834e-07	0.0
8.9022825e-07	-7.1299388e-07	0.0
-6.0532136e-07	-2.8390986e-07	0.0
-3.6176388e-07	1.2557275e-07	0.0
-5.7804147e-07	9.3885552e-07	0.0
5.6188128e-07	5.0622884e-07	0.0
-7.0829873e-07	1.1232384e-07	0.0
1.1398932e-07	7.8481503e-07	0.0
-3.5788446e-07	-3.3147612e-07	0.0
-4.7933446e-07	-7.2082452e-07	0.0
-1.3808281e-06	-1.7935879e-07	0.0
9.4135189e-09	-4.6161875e-07	0.0
-2.2329361e-07	-6.1098154e-07	0.0
1.0561261e-06	-1.4225183e-06	0.0
1.0384111e-06	-4.5645041e-07	0.0
5.6123775e-07	-3.2833452e-07	0.0
-5.614063e-07	2.1060555e-07	0.0
7.009258e-07	8.6466706e-08	0.0
-8.1495466e-07	1.4413636e-06	0.0
-3.1090062e-07	-2.5602463e-07	0.0
