#Bx [T], By [T], Bz [T] on 3D mesh: inmost loop vs X (horizontal transverse position), outmost loop vs Z (longitudinal position)
#0.0 #initial X position [m]
#0.0 #step of X [m]
#1 #number of points vs X
#0.0 #initial Y position [m]
#0.0 #step of Y [m]
#1 #number of points vs Y
#-1.1855 #initial Z position [m]
#0.001 #step of Z [m]
#2371 #number of points vs Z
-4.431254e-07	5.3167525e-07	0.0
1.3504811e-07	-2.9348817e-07	0.0
4.8256356e-07	3.8913055e-07	0.0
2.5307597e-07	2.4950421e-07	0.0
-2.0721043e-07	1.0965413e-07	0.0
-7.8303134e-07	3.8116306e-07	0.0
-4.3572734e-07	-1.696913e-07	0.0
2.578515e-07	-8.5783938e-07	0.0
4.9041995e-07	-5.8678154e-07	0.0
-7.7760961e-07	3.6987521e-07	0.0
-4.3115168e-07	7.78887e-07	0.0
-3.130836e-07	6.3940433e-07	0.0
-1.3518536e-06	4.9919777e-07	0.0
2.6433275e-07	3.6151593e-07	0.0
3.5362469e-08	-1.2871695e-06	0.0
1.1907387e-06	-4.6924342e-07	0.0
6.1564623e-07	-6.0747095e-07	0.0
1.1937258e-06	-4.746054e-07	0.0
2.7366303e-07	7.2389462e-08	0.0
-7.3697549e-08	-4.7922344e-07	0.0
2.7449954e-07	2.0358992e-07	0.0
-4.1455252e-07	-3.4726443e-07	0.0
-7.6392308e-07	6.0660017e-07	0.0
6.2220505e-07	7.4735283e-07	0.0
2.8161361e-07	-1.1739154e-06	0.0
-1.811173e-07	-1.4551682e-06	0.0
5.1133995e-08	-1.0491087e-06	0.0
-4.0755421e-07	1.8301581e-07	0.0
-8.6854567e-07	-8.9851497e-08	0.0
-6.4195893e-07	-5.0615705e-07	0.0
9.7802365e-07	-2.3400601e-07	0.0
-5.4259399e-08	-6.4808694e-07	0.0
-5.971728e-08	-2.410342e-07	0.0
5.2245184e-07	-3.776974e-07	0.0
-3.9763412e-07	-9.284426e-07	0.0
-4.0060067e-07	-1.3429037e-06	0.0
1.7439984e-07	-1.2148112e-06	0.0
1.2190127e-06	2.9297024e-07	0.0
2.9922049e-07	-2.5423887e-07	0.0
7.1954119e-08	1.4983802e-07	0.0
-1.3171101e-06	6.9576333e-07	0.0
1.8261348e-07	8.367652e-07	0.0
-3.9145641e-07	-5.3854063e-07	0.0
7.6368485e-07	-4.0346504e-07	0.0
-2.6902137e-07	-1.3720812e-06	0.0
-2.7035423e-07	6.805621e-07	0.0
-1.0743651e-06	-1.3728352e-07	0.0
-1.3080831e-06	1.3089483e-07	0.0
-1.0763491e-06	-5.5345151e-07	0.0
-9.5902135e-07	-4.284131e-07	0.0
-7.2924979e-07	1.216933e-06	0.0
7.8970395e-08	8.0631185e-07	0.0
4.3009379e-07	1.3501581e-06	0.0
-1.4035653e-07	6.6958245e-07	0.0
-1.2965301e-06	-7.0464472e-07	0.0
-1.181376e-06	-8.5695308e-07	0.0
-1.7559281e-06	9.2835705e-07	0.0
-1.415017e-06	-3.0384894e-07	0.0
-7.1582087e-07	2.3783448e-07	0.0
-1.4066947e-06	-3.1243417e-07	0.0
-1.2876156e-06	5.0432413e-07	0.0
-2.2160928e-06	5.0426155e-07	0.0
-3.7168107e-07	5.0706393e-07	0.0
-5.9334178e-07	-1.0039258e-06	0.0
-5.9011467e-07	-7.4023671e-07	0.0
-1.7429858e-06	-3.3238001e-07	0.0
-1.7430142e-06	3.5409315e-07	0.0
-2.0966506e-06	-1.9504046e-07	0.0
-2.4395345e-07	7.2344818e-08	0.0
-1.735296e-06	3.441375e-07	0.0
-1.2833397e-06	4.8361693e-07	0.0
-1.0470573e-06	-4.7702122e-07	0.0
-1.1562623e-06	-4.886507e-07	0.0
-1.6276077e-06	6.3089885e-08	0.0
1.093784e-07	-6.277466e-07	0.0
-9.2572526e-07	3.267437e-07	0.0
-2.2597663e-07	-8.0475985e-08	0.0
-2.5364263e-06	-2.2416413e-07	0.0
-8.1387174e-07	-2.2543267e-07	0.0
-1.3805382e-06	-7.7037896e-07	0.0
-6.9335232e-07	-1.740052e-06	0.0
-1.1389136e-06	-6.538541e-07	0.0
-2.6463445e-06	-1.0047094e-07	0.0
-1.9565498e-06	-3.7267978e-07	0.0
-2.5280106e-06	-9.269084e-07	0.0
-2.5248426e-06	-7.9282228e-07	0.0
-3.1126156e-06	-1.3394803e-06	0.0
-1.0325627e-06	-1.4901478e-06	0.0
-1.8292053e-06	-3.925758e-07	0.0
-1.3715965e-06	-8.0501417e-07	0.0
-1.8294381e-06	1.4509058e-07	0.0
-1.3708893e-06	1.5768455e-07	0.0
-1.4789307e-06	-1.2138178e-06	0.0
-1.5989829e-06	-1.7735343e-06	0.0
-9.0878893e-07	-1.5104491e-06	0.0
-8.9122454e-07	-5.5155681e-07	0.0
-2.1671749e-06	-6.8044386e-07	0.0
-1.4771451e-06	-1.500636e-06	0.0
-1.9391709e-06	-2.3359967e-06	0.0
-7.8682683e-07	-1.395447e-06	0.0
-1.3469939e-06	-5.5074548e-07	0.0
-1.593299e-06	-2.3356095e-06	0.0
-9.989194e-07	-1.5381271e-06	0.0
-2.5059387e-06	-9.7766986e-07	0.0
-1.2396586e-06	-1.3894861e-06	0.0
-2.4909766e-06	-1.2649352e-06	0.0
-2.1760261e-06	-4.4812597e-07	0.0
-7.658648e-07	2.3663368e-07	0.0
-2.3780303e-06	2.5622532e-07	0.0
-1.6912911e-06	-1.2700604e-06	0.0
-2.8359827e-06	9.2622159e-08	0.0
-2.1658027e-06	-1.1181615e-06	0.0
-1.6758399e-06	-1.9606036e-06	0.0
-2.8482666e-06	-1.9636657e-06	0.0
-9.9658018e-07	-1.9773361e-06	0.0
-2.5935267e-06	-1.0102201e-06	0.0
-2.1523238e-06	-2.1013961e-06	0.0
-2.3635014e-06	-1.9785496e-06	0.0
-3.0632009e-06	-2.2479753e-06	0.0
-2.4991302e-06	-2.2630265e-06	0.0
-2.0160778e-06	-1.5753309e-06	0.0
-2.9465175e-06	-1.7182442e-06	0.0
-2.1359119e-06	-8.9553782e-07	0.0
-3.3897566e-06	-1.3084509e-06	0.0
-3.4129366e-06	-6.2609416e-07	0.0
-2.7149742e-06	-1.1724447e-06	0.0
-2.8182799e-06	-1.0331363e-06	0.0
-3.0577683e-06	-2.1355884e-06	0.0
-2.3671982e-06	-1.334124e-06	0.0
-2.1320677e-06	-1.0423462e-06	0.0
-1.4478082e-06	-1.7330663e-06	0.0
-8.5025596e-07	-1.4703776e-06	0.0
-2.1062278e-06	-1.8584924e-06	0.0
-2.7004405e-06	-2.9955343e-06	0.0
-2.3582957e-06	-6.5476854e-07	0.0
-2.0102163e-06	-2.8242016e-06	0.0
-1.8813007e-06	-2.3186979e-06	0.0
-2.5794845e-06	-1.8855499e-06	0.0
-2.3350344e-06	-2.5821671e-06	0.0
-3.8443695e-06	-1.7685902e-06	0.0
-2.252968e-06	-2.2936822e-06	0.0
-1.6506441e-06	-3.5421208e-06	0.0
-1.764021e-06	-3.5435039e-06	0.0
-1.6552016e-06	-4.2485904e-06	0.0
-1.4074141e-06	-2.7394194e-06	0.0
-2.3400278e-06	-3.6916083e-06	0.0
-1.4170843e-06	-3.0146393e-06	0.0
-2.1038798e-06	-3.7037805e-06	0.0
-1.1932171e-06	-2.7470383e-06	0.0
-1.0628681e-06	-3.4356956e-06	0.0
-1.2823308e-06	-2.6053458e-06	0.0
-2.1021954e-06	-4.1237572e-06	0.0
-1.1841286e-06	-2.4934322e-06	0.0
-1.6228149e-06	-3.2968351e-06	0.0
-2.3222437e-06	-2.9068008e-06	0.0
-2.3291707e-06	-3.0257524e-06	0.0
-2.0973894e-06	-3.7296584e-06	0.0
-1.7563024e-06	-2.9088455e-06	0.0
-1.2783036e-06	-3.5873275e-06	0.0
-2.0884256e-06	-3.3292611e-06	0.0
-1.7350222e-06	-3.1878935e-06	0.0
-3.0049907e-06	-3.3241492e-06	0.0
-2.3229059e-06	-3.6038123e-06	0.0
-2.8831316e-06	-3.4733296e-06	0.0
-3.0111987e-06	-3.6011506e-06	0.0
-2.5535662e-06	-4.2972861e-06	0.0
-1.9713266e-06	-3.6292429e-06	0.0
-2.2922222e-06	-3.072611e-06	0.0
-3.4682564e-06	-3.0744652e-06	0.0
-2.0877578e-06	-3.0667516e-06	0.0
-2.6466321e-06	-4.0293689e-06	0.0
-2.3130547e-06	-4.0395303e-06	0.0
-1.9691822e-06	-4.4483872e-06	0.0
-1.3731809e-06	-4.594036e-06	0.0
-2.5263223e-06	-4.4661256e-06	0.0
-1.7418409e-06	-4.1816106e-06	0.0
-1.5872121e-06	-4.7473718e-06	0.0
-3.328098e-06	-3.2509281e-06	0.0
-2.2107399e-06	-3.623858e-06	0.0
-1.3582379e-06	-5.0192803e-06	0.0
-3.311178e-06	-3.9463716e-06	0.0
-3.5631119e-06	-3.6478543e-06	0.0
-3.4628249e-06	-4.4705348e-06	0.0
-1.9547101e-06	-4.6263158e-06	0.0
-2.2904599e-06	-4.0843229e-06	0.0
-1.8195241e-06	-4.1946473e-06	0.0
-3.5268579e-06	-5.8517112e-06	0.0
-4.2584643e-06	-5.3280246e-06	0.0
-2.8805741e-06	-5.4446427e-06	0.0
-2.5120576e-06	-6.1446085e-06	0.0
-2.520442e-06	-5.3448434e-06	0.0
-1.715512e-06	-4.6372188e-06	0.0
-1.7996382e-06	-5.8553769e-06	0.0
-2.9731577e-06	-6.4425781e-06	0.0
-2.1533149e-06	-5.2038363e-06	0.0
-3.7709451e-06	-6.1439819e-06	0.0
-2.2965471e-06	-6.7021374e-06	0.0
-2.1563028e-06	-7.0059677e-06	0.0
-2.038458e-06	-5.3540894e-06	0.0
-2.4995315e-06	-6.4287565e-06	0.0
-2.380347e-06	-6.5877184e-06	0.0
-2.851034e-06	-6.591632e-06	0.0
-1.9249758e-06	-6.1850542e-06	0.0
-2.4933929e-06	-6.3098555e-06	0.0
-2.0376999e-06	-7.0041465e-06	0.0
-2.7039528e-06	-6.610172e-06	0.0
-3.9839692e-06	-6.3197676e-06	0.0
-3.7705804e-06	-7.0189421e-06	0.0
-3.4125117e-06	-6.4591e-06	0.0
-3.755054e-06	-8.3727864e-06	0.0
-3.4265297e-06	-8.0016989e-06	0.0
-2.0443622e-06	-7.2958064e-06	0.0
-1.5537414e-06	-8.1226235e-06	0.0
-2.5905724e-06	-7.9789161e-06	0.0
-2.7077106e-06	-9.2343926e-06	0.0
-3.4041077e-06	-7.3256515e-06	0.0
-2.7202479e-06	-8.253528e-06	0.0
-3.0372175e-06	-8.957697e-06	0.0
-4.2125585e-06	-8.9715113e-06	0.0
-3.1678046e-06	-8.0238788e-06	0.0
-4.5418028e-06	-7.4538084e-06	0.0
-3.7632449e-06	-8.9511941e-06	0.0
-3.1550801e-06	-9.6640724e-06	0.0
-4.2071538e-06	-9.3796598e-06	0.0
-2.7115668e-06	-1.0490796e-05	0.0
-3.2703238e-06	-9.3939443e-06	0.0
-2.9365581e-06	-1.0890804e-05	0.0
-2.9211442e-06	-1.037844e-05	0.0
-3.7267298e-06	-9.3981134e-06	0.0
-3.6314373e-06	-1.0760854e-05	0.0
-2.466483e-06	-1.1187257e-05	0.0
-3.2567909e-06	-1.1467179e-05	0.0
-3.9516253e-06	-1.1196842e-05	0.0
-4.3153682e-06	-1.1334666e-05	0.0
-2.9282885e-06	-1.1333354e-05	0.0
-3.260383e-06	-1.2019021e-05	0.0
-3.2584019e-06	-1.2166903e-05	0.0
-4.0641403e-06	-1.2165479e-05	0.0
-3.7324901e-06	-1.2313753e-05	0.0
-3.0313668e-06	-1.17578e-05	0.0
-3.5889718e-06	-1.2856521e-05	0.0
-4.9787059e-06	-1.245464e-05	0.0
-4.7674321e-06	-1.3264493e-05	0.0
-4.0585992e-06	-1.3835154e-05	0.0
-4.8689449e-06	-1.3274386e-05	0.0
-4.1738967e-06	-1.4660427e-05	0.0
-5.3171661e-06	-1.2888754e-05	0.0
-5.1062566e-06	-1.3693105e-05	0.0
-4.4049102e-06	-1.3705169e-05	0.0
-4.6280038e-06	-1.4250099e-05	0.0
-4.7461881e-06	-1.453193e-05	0.0
-4.7434073e-06	-1.4804648e-05	0.0
-4.8596762e-06	-1.548955e-05	0.0
-4.6287405e-06	-1.5915226e-05	0.0
-4.6252553e-06	-1.550175e-05	0.0
-4.7347426e-06	-1.6056654e-05	0.0
-5.5329124e-06	-1.5504369e-05	0.0
-6.1293231e-06	-1.6343314e-05	0.0
-4.9711734e-06	-1.4427064e-05	0.0
-5.5394726e-06	-1.5901516e-05	0.0
-4.7484459e-06	-1.7431148e-05	0.0
-4.0350888e-06	-1.7844251e-05	0.0
-4.9580658e-06	-1.8546532e-05	0.0
-4.501479e-06	-1.744847e-05	0.0
-4.9528103e-06	-1.8669494e-05	0.0
-5.0758008e-06	-1.8962137e-05	0.0
-4.8418106e-06	-1.8696204e-05	0.0
-4.8438956e-06	-1.8274022e-05	0.0
-4.3776367e-06	-1.9374489e-05	0.0
-4.8323764e-06	-1.8973546e-05	0.0
-5.1735906e-06	-1.9513731e-05	0.0
-5.8770743e-06	-1.9933077e-05	0.0
-4.9520509e-06	-2.0208961e-05	0.0
-5.6344625e-06	-2.1018073e-05	0.0
-5.3006852e-06	-2.2549173e-05	0.0
-4.5009615e-06	-2.1324899e-05	0.0
-3.436053e-06	-2.2262031e-05	0.0
-5.1648813e-06	-2.3104785e-05	0.0
-4.484853e-06	-2.2435688e-05	0.0
-5.0503436e-06	-2.2000611e-05	0.0
-4.7169192e-06	-2.3788967e-05	0.0
-4.4690723e-06	-2.338983e-05	0.0
-5.3930607e-06	-2.4606365e-05	0.0
-5.2788114e-06	-2.558585e-05	0.0
-5.8569481e-06	-2.5189562e-05	0.0
-5.3942267e-06	-2.4766357e-05	0.0
-6.1904339e-06	-2.5989235e-05	0.0
-6.3238481e-06	-2.6968948e-05	0.0
-5.6190352e-06	-2.6563946e-05	0.0
-6.4261476e-06	-2.6703172e-05	0.0
-5.628599e-06	-2.6689262e-05	0.0
-5.3886147e-06	-2.8614106e-05	0.0
-5.3781837e-06	-2.835448e-05	0.0
-6.5255199e-06	-2.9170875e-05	0.0
-6.7765604e-06	-2.9318209e-05	0.0
-5.624122e-06	-2.959393e-05	0.0
-5.2651135e-06	-2.9730878e-05	0.0
-5.3774675e-06	-3.0549985e-05	0.0
-5.6054514e-06	-3.13786e-05	0.0
-5.7274779e-06	-3.1930984e-05	0.0
-5.3698673e-06	-3.2880213e-05	0.0
-6.5209397e-06	-3.4541841e-05	0.0
-6.5241302e-06	-3.4003289e-05	0.0
-6.8808099e-06	-3.4815115e-05	0.0
-5.4887e-06	-3.5640365e-05	0.0
-6.8518739e-06	-3.6345726e-05	0.0
-7.2254306e-06	-3.5643799e-05	0.0
-5.948044e-06	-3.8116606e-05	0.0
-6.1809519e-06	-3.7174501e-05	0.0
-5.0139643e-06	-3.8657432e-05	0.0
-6.9636371e-06	-4.0183513e-05	0.0
-6.7550195e-06	-4.0199498e-05	0.0
-6.5112276e-06	-3.9916999e-05	0.0
-7.1971062e-06	-4.114581e-05	0.0
-7.6682636e-06	-4.2243446e-05	0.0
-6.9794446e-06	-4.3893557e-05	0.0
-6.9627736e-06	-4.4187516e-05	0.0
-7.8922021e-06	-4.4037057e-05	0.0
-7.092397e-06	-4.6222765e-05	0.0
-6.8512959e-06	-4.7475063e-05	0.0
-6.8528993e-06	-4.7889207e-05	0.0
-6.3942916e-06	-4.8843074e-05	0.0
-6.1495357e-06	-5.0354152e-05	0.0
-7.3012202e-06	-5.1189487e-05	0.0
-7.0851397e-06	-5.1062379e-05	0.0
-6.3840507e-06	-5.1316809e-05	0.0
-6.6138682e-06	-5.392608e-05	0.0
-6.4863157e-06	-5.4349686e-05	0.0
-8.2168945e-06	-5.5719411e-05	0.0
-7.4337304e-06	-5.5871154e-05	0.0
-6.1470364e-06	-5.6269088e-05	0.0
-7.1692598e-06	-5.8456615e-05	0.0
-7.6544011e-06	-5.9984173e-05	0.0
-6.0310335e-06	-5.999146e-05	0.0
-7.166042e-06	-6.0535654e-05	0.0
-7.5290091e-06	-6.1890285e-05	0.0
-7.7322902e-06	-6.4783009e-05	0.0
-1.006783e-05	-6.5065658e-05	0.0
-6.8478271e-06	-6.7249101e-05	0.0
-7.6234219e-06	-6.8367197e-05	0.0
-7.9713818e-06	-6.8372814e-05	0.0
-9.1327493e-06	-6.8909751e-05	0.0
-7.8726625e-06	-7.0692586e-05	0.0
-8.0813024e-06	-7.2193783e-05	0.0
-8.784139e-06	-7.4948504e-05	0.0
-7.757013e-06	-7.4963842e-05	0.0
-7.1565814e-06	-7.6320241e-05	0.0
-8.3176674e-06	-7.8105761e-05	0.0
-7.6150982e-06	-7.9758473e-05	0.0
-9.9160043e-06	-8.09915e-05	0.0
-9.4772695e-06	-8.3048682e-05	0.0
-9.2305627e-06	-8.4562082e-05	0.0
-9.4747293e-06	-8.6477936e-05	0.0
-7.8544763e-06	-8.8540633e-05	0.0
-8.4199673e-06	-9.0320646e-05	0.0
-7.9666243e-06	-9.2795381e-05	0.0
-8.2908455e-06	-9.4167553e-05	0.0
-1.0031436e-05	-9.6638709e-05	0.0
-8.8953229e-06	-9.8274053e-05	0.0
-8.1851267e-06	-0.00010225707	0.0
-8.6460359e-06	-0.00010283032	0.0
-8.4144658e-06	-0.00010431932	0.0
-8.6484315e-06	-0.00010719804	0.0
-7.9493884e-06	-0.00010953932	0.0
-9.0935973e-06	-0.00011119127	0.0
-9.1109241e-06	-0.00011296598	0.0
-8.2923862e-06	-0.00011598209	0.0
-9.2084174e-06	-0.00011805214	0.0
-9.1047577e-06	-0.00012009684	0.0
-8.7469825e-06	-0.0001235329	0.0
-9.5557762e-06	-0.00012517702	0.0
-9.2091186e-06	-0.00012914659	0.0
-9.898994e-06	-0.00013203174	0.0
-9.8923347e-06	-0.00013574141	0.0
-1.1055841e-05	-0.00013752963	0.0
-9.4446968e-06	-0.00014068125	0.0
-9.8915152e-06	-0.00014287802	0.0
-9.6694748e-06	-0.00014643485	0.0
-9.3175877e-06	-0.00015000245	0.0
-9.3178633e-06	-0.00015384173	0.0
-8.8562365e-06	-0.00015754817	0.0
-8.8488132e-06	-0.00016084651	0.0
-9.3076414e-06	-0.00016372443	0.0
-9.880172e-06	-0.00016755991	0.0
-1.0804701e-05	-0.0001714028	0.0
-1.081185e-05	-0.0001753809	0.0
-1.0460798e-05	-0.00017922277	0.0
-1.0578312e-05	-0.00018346444	0.0
-9.8832397e-06	-0.00018881558	0.0
-1.0112386e-05	-0.00019307186	0.0
-9.7590646e-06	-0.00019787237	0.0
-1.0801326e-05	-0.0002017197	0.0
-9.5382184e-06	-0.00020595822	0.0
-9.7528746e-06	-0.00021185452	0.0
-1.0562045e-05	-0.00021652729	0.0
-1.1020967e-05	-0.00022145065	0.0
-1.1492207e-05	-0.0002278984	0.0
-1.0332728e-05	-0.00023284233	0.0
-1.1476139e-05	-0.00023872606	0.0
-1.1376157e-05	-0.00024558572	0.0
-1.0668182e-05	-0.00025135002	0.0
-1.2170947e-05	-0.00025751814	0.0
-1.0798944e-05	-0.00026355553	0.0
-1.0434318e-05	-0.0002697148	0.0
-1.146995e-05	-0.00027725808	0.0
-1.1822034e-05	-0.00028356214	0.0
-1.1819031e-05	-0.00029205589	0.0
-1.2163971e-05	-0.00029919995	0.0
-1.2389368e-05	-0.00030631275	0.0
-1.308848e-05	-0.00031563599	0.0
-1.205214e-05	-0.00032305272	0.0
-1.2159252e-05	-0.0003312621	0.0
-1.2156437e-05	-0.00034113188	0.0
-1.2508991e-05	-0.00034978151	0.0
-1.1578808e-05	-0.00035813602	0.0
-1.2726614e-05	-0.00036826488	0.0
-1.2501002e-05	-0.0003789702	0.0
-1.3071522e-05	-0.00038801361	0.0
-1.3077836e-05	-0.00039925013	0.0
-1.23938e-05	-0.00040953432	0.0
-1.1673192e-05	-0.00042158019	0.0
-1.4333798e-05	-0.00043393965	0.0
-1.3185968e-05	-0.00044448557	0.0
-1.4905346e-05	-0.00045886653	0.0
-1.4569722e-05	-0.00047176451	0.0
-1.4914944e-05	-0.00048492689	0.0
-1.4104795e-05	-0.00049752981	0.0
-1.5128322e-05	-0.00051246485	0.0
-1.5947058e-05	-0.00052699371	0.0
-1.5714151e-05	-0.00054302899	0.0
-1.6063177e-05	-0.0005583794	0.0
-1.536631e-05	-0.00057590962	0.0
-1.6281892e-05	-0.0005937423	0.0
-1.6402022e-05	-0.00061047362	0.0
-1.6633165e-05	-0.00062800362	0.0
-1.6285776e-05	-0.00064745458	0.0
-1.651377e-05	-0.00066760281	0.0
-1.6284401e-05	-0.00068789197	0.0
-1.661689e-05	-0.00070856826	0.0
-1.8000423e-05	-0.00073146622	0.0
-1.8581164e-05	-0.00075243559	0.0
-1.9273341e-05	-0.00077736366	0.0
-1.939172e-05	-0.00080189272	0.0
-1.9504712e-05	-0.00082847703	0.0
-1.9395216e-05	-0.00085423968	0.0
-1.8922448e-05	-0.00088272931	0.0
-2.0292959e-05	-0.00091139227	0.0
-2.1121568e-05	-0.00093988044	0.0
-2.0192892e-05	-0.00097193808	0.0
-2.1330719e-05	-0.0010036038	0.0
-2.2146176e-05	-0.0010370379	0.0
-2.2607381e-05	-0.0010716842	0.0
-2.2954197e-05	-0.0011099187	0.0
-2.3182696e-05	-0.0011473448	0.0
-2.3530074e-05	-0.0011868015	0.0
-2.375069e-05	-0.0012275004	0.0
-2.5134552e-05	-0.0012699664	0.0
-2.5482734e-05	-0.0013155965	0.0
-2.640713e-05	-0.0013624846	0.0
-2.6292071e-05	-0.0014107266	0.0
-2.7430217e-05	-0.0014614225	0.0
-2.9049173e-05	-0.0015144629	0.0
-2.963837e-05	-0.0015692825	0.0
-2.9851157e-05	-0.0016273704	0.0
-3.2049593e-05	-0.0016879548	0.0
-3.1931126e-05	-0.0017509852	0.0
-3.4124307e-05	-0.0018173067	0.0
-3.355202e-05	-0.0018854087	0.0
-3.5270863e-05	-0.001958037	0.0
-3.5738994e-05	-0.0020331559	0.0
-3.6888738e-05	-0.0021113807	0.0
-3.7802023e-05	-0.0021948332	0.0
-4.0227569e-05	-0.0022808989	0.0
-4.1032174e-05	-0.0023721447	0.0
-4.4020093e-05	-0.0024666917	0.0
-4.5656834e-05	-0.0025651972	0.0
-4.6557536e-05	-0.0026692038	0.0
-5.0142658e-05	-0.00277825	0.0
-5.014928e-05	-0.0028930684	0.0
-5.334826e-05	-0.0030129263	0.0
-5.6710684e-05	-0.0031399513	0.0
-5.8782654e-05	-0.0032708473	0.0
-6.2243118e-05	-0.0034111275	0.0
-6.4209686e-05	-0.0035554101	0.0
-6.7085341e-05	-0.0037094003	0.0
-6.9855487e-05	-0.0038691578	0.0
-7.2851974e-05	-0.0040402864	0.0
-7.6525197e-05	-0.0042179702	0.0
-8.183805e-05	-0.0044047153	0.0
-8.5186985e-05	-0.0046013379	0.0
-9.0252834e-05	-0.0048102979	0.0
-9.509192e-05	-0.0050273906	0.0
-0.00010109185	-0.0052565658	0.0
-0.00010571156	-0.0054974309	0.0
-0.00011157802	-0.0057513025	0.0
-0.00011872034	-0.0060196961	0.0
-0.00012656512	-0.0063008787	0.0
-0.00013394484	-0.0065963971	0.0
-0.00014259014	-0.0069086519	0.0
-0.00015112883	-0.0072354944	0.0
-0.00016000583	-0.0075814058	0.0
-0.00017013513	-0.0079470584	0.0
-0.00018258906	-0.0083306199	0.0
-0.0001948127	-0.0087326355	0.0
-0.00020863915	-0.0091557931	0.0
-0.0002231798	-0.0096008936	0.0
-0.00023793054	-0.01007037	0.0
-0.00025602439	-0.010563077	0.0
-0.0002752828	-0.011080222	0.0
-0.0002958104	-0.011622527	0.0
-0.00031737253	-0.01219163	0.0
-0.00034111596	-0.012788284	0.0
-0.00036809599	-0.013416852	0.0
-0.00039680605	-0.014073082	0.0
-0.0004273761	-0.014761423	0.0
-0.00045906691	-0.015483948	0.0
-0.00049617875	-0.01623961	0.0
-0.00053469889	-0.017033046	0.0
-0.00057576143	-0.017865103	0.0
-0.00061832007	-0.018737545	0.0
-0.00066351966	-0.019654283	0.0
-0.00071036338	-0.02061481	0.0
-0.00075685058	-0.021625532	0.0
-0.00080314249	-0.022684649	0.0
-0.00084713125	-0.023792686	0.0
-0.00088848709	-0.024948372	0.0
-0.00092363381	-0.026144892	0.0
-0.00095185789	-0.027374988	0.0
-0.00097282254	-0.028628388	0.0
-0.00098482112	-0.029882185	0.0
-0.00098549225	-0.03111372	0.0
-0.00097741443	-0.032286998	0.0
-0.00095616089	-0.033361517	0.0
-0.00092752406	-0.034275234	0.0
-0.00088540162	-0.03496271	0.0
-0.00083582802	-0.035326049	0.0
-0.00077968393	-0.035242718	0.0
-0.00071831897	-0.034548827	0.0
-0.00065326155	-0.03303891	0.0
-0.00058645481	-0.030425105	0.0
-0.00052147254	-0.026366126	0.0
-0.00046026439	-0.020400273	0.0
-0.00040517919	-0.011984992	0.0
-0.00035618004	-0.00057044585	0.0
-0.00031683926	0.014513167	0.0
-0.0002849845	0.033706453	0.0
-0.00025771029	0.057340682	0.0
-0.00022919629	0.085297912	0.0
-0.00019652686	0.11696921	0.0
-0.00015266731	0.15144029	0.0
-9.2905211e-05	0.1874617	0.0
-2.1663154e-05	0.22382246	0.0
6.5741406e-05	0.25947353	0.0
0.00016786286	0.29361829	0.0
0.00028245774	0.32566851	0.0
0.00041929353	0.35505229	0.0
0.00057587266	0.38109913	0.0
0.00076374307	0.40274546	0.0
0.00098536094	0.41898963	0.0
0.0012277877	0.42878649	0.0
0.0014984241	0.4312329	0.0
0.0017768281	0.42582437	0.0
0.0020565125	0.41239104	0.0
0.0023266294	0.39115381	0.0
0.0025673015	0.36251736	0.0
0.0027728775	0.3271164	0.0
0.0029269399	0.28534883	0.0
0.0030220049	0.23751846	0.0
0.0030481028	0.18424979	0.0
0.0029961849	0.12560916	0.0
0.0028669955	0.062594377	0.0
0.0026625784	-0.0040349639	0.0
0.0023940792	-0.07312727	0.0
0.0020724963	-0.14346905	0.0
0.0017162644	-0.2136452	0.0
0.0013361269	-0.28244305	0.0
0.00095510128	-0.34844223	0.0
0.00057367526	-0.41082323	0.0
0.00020999138	-0.46900824	0.0
-0.00012998881	-0.52233714	0.0
-0.00045475335	-0.57040632	0.0
-0.00074625149	-0.61277741	0.0
-0.0010232453	-0.64902931	0.0
-0.001271456	-0.67884374	0.0
-0.0014978828	-0.7019735	0.0
-0.0017081524	-0.71828473	0.0
-0.0018906606	-0.72750902	0.0
-0.0020707611	-0.7295047	0.0
-0.0022221666	-0.72394788	0.0
-0.0023731613	-0.71043372	0.0
-0.0025068156	-0.68851155	0.0
-0.0026286461	-0.65776134	0.0
-0.002744629	-0.61790371	0.0
-0.0028257894	-0.56902504	0.0
-0.0029060813	-0.51159227	0.0
-0.0029460611	-0.44631374	0.0
-0.0029702287	-0.37461492	0.0
-0.0029712743	-0.29759702	0.0
-0.0029458511	-0.21692401	0.0
-0.0029136464	-0.13363844	0.0
-0.0028574911	-0.048916299	0.0
-0.0027929344	0.036495294	0.0
-0.0027081138	0.12209115	0.0
-0.0026056694	0.20687816	0.0
-0.0024733285	0.29019654	0.0
-0.0023120386	0.37117836	0.0
-0.0021033862	0.44827476	0.0
-0.0018635385	0.5203898	0.0
-0.001580391	0.58609706	0.0
-0.0012655829	0.64426398	0.0
-0.00093485549	0.69400781	0.0
-0.00058395497	0.73482203	0.0
-0.00024360171	0.7665711	0.0
0.00010415193	0.78936201	0.0
0.0004379031	0.80342811	0.0
0.00076949166	0.80899972	0.0
0.0010927293	0.80616432	0.0
0.001412821	0.79487795	0.0
0.0017260924	0.77493477	0.0
0.0020333475	0.74607962	0.0
0.0023308534	0.7080428	0.0
0.002596722	0.66076696	0.0
0.0028379182	0.60470426	0.0
0.0030326559	0.54030448	0.0
0.0031770098	0.46874705	0.0
0.0032742333	0.3913486	0.0
0.0033129456	0.30928051	0.0
0.0033076894	0.22453094	0.0
0.003257348	0.13754661	0.0
0.0031631615	0.049745928	0.0
0.0030331102	-0.038345464	0.0
0.0028685757	-0.12599291	0.0
0.0026742991	-0.21254589	0.0
0.002452489	-0.29696542	0.0
0.0022081302	-0.37816516	0.0
0.0019434287	-0.45483765	0.0
0.0016670314	-0.52587527	0.0
0.0013789891	-0.58936769	0.0
0.0010949892	-0.64458221	0.0
0.00081816665	-0.69103569	0.0
0.0005618498	-0.72835141	0.0
0.0003182863	-0.75655711	0.0
0.00010551521	-0.77587259	0.0
-9.8183562e-05	-0.78655076	0.0
-0.00028763484	-0.78872788	0.0
-0.00045424307	-0.78247136	0.0
-0.00062964321	-0.76766014	0.0
-0.00077838521	-0.74397653	0.0
-0.0009353286	-0.71132636	0.0
-0.001085371	-0.6694243	0.0
-0.0012149025	-0.61836123	0.0
-0.0013516308	-0.55864519	0.0
-0.0014646411	-0.4913426	0.0
-0.0015824818	-0.41754824	0.0
-0.0016927874	-0.33847222	0.0
-0.0018022002	-0.25562638	0.0
-0.0019179563	-0.17027472	0.0
-0.0020332392	-0.083639309	0.0
-0.0021537857	0.003618093	0.0
-0.0022693416	0.090941131	0.0
-0.0023733045	0.17748328	0.0
-0.0024512056	0.2624951	0.0
-0.0024934083	0.34499869	0.0
-0.0024806461	0.42353824	0.0
-0.0024083795	0.49709961	0.0
-0.0022623073	0.56392825	0.0
-0.0020589058	0.6231969	0.0
-0.0017970547	0.67392498	0.0
-0.0014993399	0.71566993	0.0
-0.0011846139	0.74829346	0.0
-0.00084896758	0.77187365	0.0
-0.00053199352	0.78674132	0.0
-0.00020239553	0.79305166	0.0
9.6216449e-05	0.79093623	0.0
0.00039937062	0.78031838	0.0
0.00068172929	0.76100922	0.0
0.00094814756	0.73274881	0.0
0.001192986	0.69530249	0.0
0.0014011232	0.64865619	0.0
0.0015730226	0.59309858	0.0
0.0016949567	0.52927846	0.0
0.0017725261	0.45832908	0.0
0.0017900099	0.3814933	0.0
0.0017676294	0.30018795	0.0
0.0017130853	0.21575533	0.0
0.0016356658	0.12920713	0.0
0.0015517883	0.041608308	0.0
0.0014688259	-0.046263024	0.0
0.0014026362	-0.13366576	0.0
0.0013556101	-0.22025889	0.0
0.0013322543	-0.30442467	0.0
0.0013244461	-0.38552284	0.0
0.0013330593	-0.46210364	0.0
0.0013336185	-0.53258049	0.0
0.0013394899	-0.59599775	0.0
0.0013190774	-0.65101653	0.0
0.0012838534	-0.69729054	0.0
0.0012210581	-0.7343027	0.0
0.0011356524	-0.7622509	0.0
0.0010323486	-0.78129691	0.0
0.00089896686	-0.79167169	0.0
0.00074968435	-0.79355675	0.0
0.00057754415	-0.78697407	0.0
0.00037669064	-0.77179444	0.0
0.00016975639	-0.74778044	0.0
-6.7413646e-05	-0.71466982	0.0
-0.00028822088	-0.67234761	0.0
-0.00050069863	-0.62091172	0.0
-0.0006856047	-0.56084806	0.0
-0.00080676872	-0.49305558	0.0
-0.00087997189	-0.41873354	0.0
-0.00087483221	-0.33920753	0.0
-0.00080278266	-0.2559047	0.0
-0.00067223737	-0.17004485	0.0
-0.0004782365	-0.082729861	0.0
-0.00023842354	0.0049995342	0.0
4.9160451e-05	0.092821091	0.0
0.00037645944	0.17984903	0.0
0.00074234622	0.26537985	0.0
0.0011388193	0.34816778	0.0
0.001567867	0.42712662	0.0
0.0020125492	0.50072604	0.0
0.0024588231	0.56780201	0.0
0.0028970554	0.62712473	0.0
0.0032865081	0.67779201	0.0
0.0036457852	0.71938312	0.0
0.0039243517	0.75179422	0.0
0.0041584941	0.77517515	0.0
0.0043251379	0.78975904	0.0
0.0044306344	0.79580796	0.0
0.0044988012	0.79342788	0.0
0.0045002238	0.78256994	0.0
0.0044828835	0.76303208	0.0
0.0044152597	0.73455846	0.0
0.0043129623	0.69691747	0.0
0.0041830731	0.65008855	0.0
0.0040030247	0.59432298	0.0
0.0038028967	0.53036457	0.0
0.0035645715	0.45921478	0.0
0.0032967776	0.38223034	0.0
0.0030144237	0.30074382	0.0
0.0027108255	0.21624112	0.0
0.0023989242	0.12971422	0.0
0.0020804214	0.042157628	0.0
0.0017607481	-0.04566462	0.0
0.0014359572	-0.13310792	0.0
0.0011080308	-0.21966797	0.0
0.00077422819	-0.30395103	0.0
0.00043296185	-0.38531253	0.0
8.6586413e-05	-0.46195725	0.0
-0.00027301023	-0.53285104	0.0
-0.00061673223	-0.59670097	0.0
-0.00096402597	-0.65212822	0.0
-0.0012860758	-0.69874835	0.0
-0.0015830415	-0.73616457	0.0
-0.0018638902	-0.76441109	0.0
-0.0020986078	-0.78370726	0.0
-0.0023349372	-0.7942639	0.0
-0.0025341052	-0.79629004	0.0
-0.0027289931	-0.78977221	0.0
-0.0029066848	-0.77459431	0.0
-0.0030744041	-0.75050193	0.0
-0.003226195	-0.71723086	0.0
-0.0033487121	-0.67464703	0.0
-0.0034416297	-0.62294239	0.0
-0.0034874217	-0.56256658	0.0
-0.0034893272	-0.4944101	0.0
-0.0034357177	-0.41977948	0.0
-0.0033376252	-0.34012663	0.0
-0.003195107	-0.25672144	0.0
-0.003023807	-0.17096166	0.0
-0.0028272143	-0.083695121	0.0
-0.002610612	0.0041978243	0.0
-0.0023820151	0.092220947	0.0
-0.0021440845	0.17885512	0.0
-0.0018980156	0.26469946	0.0
-0.0016443173	0.34700662	0.0
-0.0013768788	0.42607912	0.0
-0.0011058589	0.49972531	0.0
-0.00082065642	0.5664019	0.0
-0.00054540887	0.62586385	0.0
-0.00027149971	0.67641014	0.0
-9.2395785e-06	0.71798021	0.0
0.00022142551	0.75040394	0.0
0.00044983809	0.7738204	0.0
0.00064205728	0.78848004	0.0
0.00082832458	0.79460388	0.0
0.0010109622	0.79228187	0.0
0.0011693717	0.78146869	0.0
0.0013399095	0.76196069	0.0
0.0014893698	0.73349595	0.0
0.0016296373	0.69585502	0.0
0.0017492181	0.64904481	0.0
0.0018343726	0.59335315	0.0
0.0018719091	0.52957362	0.0
0.0018701913	0.4585979	0.0
0.0018103766	0.38178882	0.0
0.0017170063	0.3005836	0.0
0.0015791166	0.21620463	0.0
0.0014231983	0.12989266	0.0
0.0012453459	0.042437017	0.0
0.0010573509	-0.045290653	0.0
0.00085797324	-0.13239074	0.0
0.00064743991	-0.21863975	0.0
0.000420114	-0.3029066	0.0
0.0001713089	-0.383964	0.0
-0.00010264973	-0.46055052	0.0
-0.00040385104	-0.53142202	0.0
-0.00072106667	-0.59513426	0.0
-0.0010551304	-0.65069318	0.0
-0.0013880973	-0.69739348	0.0
-0.0017069072	-0.73492736	0.0
-0.0020172168	-0.76335382	0.0
-0.0022996152	-0.78285301	0.0
-0.0025647872	-0.79367542	0.0
-0.0028103099	-0.7959857	0.0
-0.0030239949	-0.78981751	0.0
-0.0032305717	-0.7750591	0.0
-0.0033939299	-0.75146729	0.0
-0.0035372667	-0.71873385	0.0
-0.0036451507	-0.67684191	0.0
-0.0036825272	-0.62563568	0.0
-0.0036892742	-0.56579518	0.0
-0.003620123	-0.4981218	0.0
-0.0035030746	-0.42386958	0.0
-0.0033393956	-0.34434244	0.0
-0.0031286818	-0.26097742	0.0
-0.0029046943	-0.17508751	0.0
-0.0026539036	-0.087644003	0.0
-0.0024024653	0.00039127562	0.0
-0.0021458047	0.088502362	0.0
-0.0018931635	0.17571229	0.0
-0.0016375254	0.261466	0.0
-0.0013925721	0.34464869	0.0
-0.0011357802	0.42391628	0.0
-0.00089334318	0.49797815	0.0
-0.00064377731	0.56537455	0.0
-0.00040852922	0.62502968	0.0
-0.00019112858	0.67603141	0.0
2.5267273e-05	0.71791893	0.0
0.00019625135	0.75062948	0.0
0.00037556203	0.77423829	0.0
0.00050811522	0.78909343	0.0
0.00064857246	0.795358	0.0
0.00077333697	0.79317254	0.0
0.00088528037	0.78249389	0.0
0.0010101857	0.76313174	0.0
0.0011194898	0.73481733	0.0
0.0012438712	0.69733924	0.0
0.0013632136	0.65067017	0.0
0.0014793033	0.59507042	0.0
0.0015884028	0.53127325	0.0
0.0016816643	0.46033657	0.0
0.001765687	0.38356867	0.0
0.0018316648	0.30225921	0.0
0.0018824303	0.21808794	0.0
0.0019256592	0.13174254	0.0
0.0019563767	0.044315018	0.0
0.0019760737	-0.043313324	0.0
0.0019819292	-0.13063793	0.0
0.001962974	-0.21691425	0.0
0.0019080266	-0.30116978	0.0
0.0018044125	-0.38228831	0.0
0.0016363307	-0.45889586	0.0
0.001394611	-0.52976638	0.0
0.0010741488	-0.59338439	0.0
0.00068003824	-0.64900666	0.0
0.00023683711	-0.69560456	0.0
-0.00025052659	-0.73315513	0.0
-0.00075356796	-0.76157439	0.0
-0.0012594555	-0.78108579	0.0
-0.0017551759	-0.79192907	0.0
-0.0022455396	-0.7942602	0.0
-0.0026981651	-0.78812599	0.0
-0.0031488121	-0.77338642	0.0
-0.0035403147	-0.74979514	0.0
-0.0039139758	-0.71711487	0.0
-0.0042130658	-0.6751855	0.0
-0.0044543664	-0.62411523	0.0
-0.0046187434	-0.5643996	0.0
-0.0046950355	-0.49692807	0.0
-0.0046995278	-0.42292204	0.0
-0.0046278951	-0.34376621	0.0
-0.0045090253	-0.26082024	0.0
-0.0043365434	-0.17518309	0.0
-0.0041342988	-0.088284902	0.0
-0.0039040479	-0.00064591825	0.0
-0.0036424173	0.086925678	0.0
-0.0033519785	0.17373228	0.0
-0.0030265746	0.25893342	0.0
-0.002662132	0.34156439	0.0
-0.0022505838	0.42037135	0.0
-0.0017982429	0.49405712	0.0
-0.0013113869	0.56110835	0.0
-0.00081128231	0.62062252	0.0
-0.00030966027	0.67147493	0.0
0.00016841642	0.71347278	0.0
0.00059303216	0.74618316	0.0
0.00099085807	0.76997471	0.0
0.0013089807	0.78493667	0.0
0.0015954755	0.79138327	0.0
0.0018319997	0.78941256	0.0
0.0020112689	0.77894592	0.0
0.0021683185	0.75981808	0.0
0.0022752951	0.73176849	0.0
0.0023633987	0.69460559	0.0
0.0024123725	0.64821565	0.0
0.0024422845	0.59291285	0.0
0.0024631801	0.52935129	0.0
0.0024575694	0.45855567	0.0
0.0024703001	0.38192427	0.0
0.0024752032	0.3007544	0.0
0.0025056354	0.21638182	0.0
0.0025523363	0.12975058	0.0
0.0026145398	0.042246945	0.0
0.002690237	-0.045496229	0.0
0.0027676658	-0.13268551	0.0
0.002830995	-0.21911442	0.0
0.0028646782	-0.30309701	0.0
0.0028516131	-0.38400555	0.0
0.0027829681	-0.4605543	0.0
0.0026446646	-0.53099865	0.0
0.0024327601	-0.5943535	0.0
0.0021732303	-0.64948684	0.0
0.0018600906	-0.69577277	0.0
0.0015270065	-0.73293191	0.0
0.0011769262	-0.76094836	0.0
0.00083504274	-0.78001994	0.0
0.00048898172	-0.79042363	0.0
0.0001616774	-0.79232019	0.0
-0.0001529049	-0.78575623	0.0
-0.00046880878	-0.77061969	0.0
-0.00076620252	-0.7466591	0.0
-0.0010543002	-0.71363109	0.0
-0.0013253714	-0.67138976	0.0
-0.0015687484	-0.62007898	0.0
-0.0017878521	-0.56016207	0.0
-0.0019558717	-0.49258292	0.0
-0.0020949161	-0.41852969	0.0
-0.0021789083	-0.33933362	0.0
-0.002226609	-0.25650224	0.0
-0.002241995	-0.17106692	0.0
-0.0022176669	-0.084228702	0.0
-0.0021723621	0.003222283	0.0
-0.0021005669	0.090691127	0.0
-0.0020095266	0.17736064	0.0
-0.0018987338	0.26259872	0.0
-0.0017699366	0.34528255	0.0
-0.0016151819	0.42409235	0.0
-0.001444028	0.49784011	0.0
-0.0012538518	0.56508297	0.0
-0.0010495425	0.62464947	0.0
-0.00084626838	0.67566109	0.0
-0.00062638876	0.71759939	0.0
-0.00042775972	0.75040233	0.0
-0.00022378135	0.77414101	0.0
-2.9612333e-05	0.78909558	0.0
0.00015425027	0.79548538	0.0
0.00035186339	0.7934019	0.0
0.00053299282	0.78280926	0.0
0.00073456892	0.76352382	0.0
0.00092774915	0.73527849	0.0
0.0011244026	0.69783324	0.0
0.0013154141	0.65119046	0.0
0.0014850637	0.59559494	0.0
0.0016282285	0.53179353	0.0
0.0017408375	0.46081442	0.0
0.0018015394	0.38407642	0.0
0.0018322479	0.30278149	0.0
0.001817228	0.21826787	0.0
0.0017773755	0.13177535	0.0
0.0017026288	0.044217639	0.0
0.0016037354	-0.043594785	0.0
0.0014794124	-0.13092466	0.0
0.0013307988	-0.21729246	0.0
0.0011536506	-0.30166852	0.0
0.00095106848	-0.38285553	0.0
0.00072569138	-0.45968062	0.0
0.00047756833	-0.53031725	0.0
0.00022841668	-0.59394997	0.0
-2.9317245e-05	-0.64938557	0.0
-0.00026759639	-0.69597965	0.0
-0.00049537502	-0.733428	0.0
-0.00070699485	-0.76176	0.0
-0.00089223095	-0.781174	0.0
-0.0010785141	-0.79194468	0.0
-0.001235259	-0.79423612	0.0
-0.0014053233	-0.7880879	0.0
-0.0015515136	-0.77337605	0.0
-0.0016933124	-0.74986565	0.0
-0.0018352565	-0.7172966	0.0
-0.0019391939	-0.67550892	0.0
-0.0020457173	-0.62461263	0.0
-0.0021136575	-0.56506604	0.0
-0.0021571638	-0.49774984	0.0
-0.0021846355	-0.42383149	0.0
-0.0021726845	-0.34461913	0.0
-0.00215609	-0.26164445	0.0
-0.0021070966	-0.17609626	0.0
-0.0020454407	-0.0889818	0.0
-0.0019635526	-0.0011675464	0.0
-0.0018656438	0.086654402	0.0
-0.0017461096	0.17367388	0.0
-0.0016034817	0.25947782	0.0
-0.0014335188	0.34235853	0.0
-0.0012279453	0.42156732	0.0
-0.00099110208	0.49566218	0.0
-0.00071300985	0.56326824	0.0
-0.00041335446	0.6232022	0.0
-8.7943721e-05	0.67454529	0.0
0.00024950405	0.71683687	0.0
0.00058134645	0.74994379	0.0
0.00090841996	0.77398556	0.0
0.0012297782	0.78918952	0.0
0.0015200335	0.79579717	0.0
0.0018124388	0.79389518	0.0
0.0020726223	0.78345734	0.0
0.0023060339	0.76431346	0.0
0.0025402859	0.73617786	0.0
0.0027053137	0.69880527	0.0
0.0028556923	0.65217841	0.0
0.0029638254	0.596569	0.0
0.0030065496	0.53268766	0.0
0.0030212486	0.46151915	0.0
0.0029733311	0.38443184	0.0
0.0029024417	0.30284786	0.0
0.0027942928	0.21822517	0.0
0.002668127	0.13148743	0.0
0.0025267964	0.043752588	0.0
0.0023771622	-0.044211753	0.0
0.0022272649	-0.13174604	0.0
0.0020769131	-0.2183014	0.0
0.0019341351	-0.30282736	0.0
0.0017923734	-0.38408342	0.0
0.0016554606	-0.46094856	0.0
0.0015218278	-0.53181273	0.0
0.0013893173	-0.59567249	0.0
0.0012655531	-0.65120071	0.0
0.0011537643	-0.69797164	0.0
0.0010499207	-0.73548394	0.0
0.00097311585	-0.76401722	0.0
0.00089923397	-0.78340769	0.0
0.00085752504	-0.79420465	0.0
0.00081420736	-0.79649639	0.0
0.00079410645	-0.79030114	0.0
0.00078357628	-0.77549309	0.0
0.00077513477	-0.75182688	0.0
0.00078109512	-0.71905625	0.0
0.00079758104	-0.67703998	0.0
0.00082713523	-0.62587482	0.0
0.00087009347	-0.5658918	0.0
0.00093065144	-0.49823868	0.0
0.0010072102	-0.42402309	0.0
0.0010944798	-0.34467113	0.0
0.0012008332	-0.26152432	0.0
0.0013125881	-0.17581202	0.0
0.0014332888	-0.088824809	0.0
0.0015673725	-0.0011189071	0.0
0.0017073121	0.086528175	0.0
0.0018592534	0.1732475	0.0
0.0020213183	0.25855803	0.0
0.0021889342	0.34124666	0.0
0.0023578792	0.41998774	0.0
0.0025198411	0.49365282	0.0
0.0026652205	0.56079566	0.0
0.0027873141	0.62026876	0.0
0.0028605468	0.67122561	0.0
0.002898569	0.71313721	0.0
0.0028789199	0.74595362	0.0
0.0028128242	0.76976758	0.0
0.0027008231	0.78482777	0.0
0.0025433544	0.79134846	0.0
0.0023549129	0.78942621	0.0
0.0021451609	0.77901113	0.0
0.0019116926	0.75989854	0.0
0.0016815501	0.73183012	0.0
0.0014369129	0.69452828	0.0
0.0012120839	0.64800811	0.0
0.00099722005	0.5925191	0.0
0.0007910498	0.52879071	0.0
0.00061866484	0.45800039	0.0
0.0004482271	0.38113242	0.0
0.0003090064	0.29997763	0.0
0.00017422029	0.21579827	0.0
5.1200292e-05	0.12960048	0.0
-6.6627974e-05	0.042447235	0.0
-0.00019195474	-0.044948351	0.0
-0.00032705622	-0.13181947	0.0
-0.00048294949	-0.21776639	0.0
-0.00066406047	-0.30150384	0.0
-0.00088146294	-0.38228169	0.0
-0.0011330609	-0.45835614	0.0
-0.0014160327	-0.52894467	0.0
-0.0017206314	-0.59219933	0.0
-0.0020289698	-0.64744544	0.0
-0.0023360732	-0.69390035	0.0
-0.0025999427	-0.73121703	0.0
-0.0028462783	-0.75943649	0.0
-0.0030267525	-0.77878368	0.0
-0.0031737161	-0.78946239	0.0
-0.003266328	-0.79167163	0.0
-0.0032963357	-0.78541738	0.0
-0.0032989308	-0.77057368	0.0
-0.0032320267	-0.74693179	0.0
-0.0031346693	-0.7142576	0.0
-0.0029953439	-0.67239732	0.0
-0.0028040623	-0.62142366	0.0
-0.0025979278	-0.56189507	0.0
-0.0023327312	-0.4946278	0.0
-0.0020699571	-0.4209246	0.0
-0.0017755936	-0.34202409	0.0
-0.0014765078	-0.25936189	0.0
-0.0011788331	-0.17407528	0.0
-0.00087768701	-0.087242976	0.0
-0.00059033168	-6.4418789e-05	0.0
-0.00031245482	0.087275535	0.0
-4.8992948e-05	0.1739479	0.0
0.00019842916	0.25917113	0.0
0.00042569856	0.34181547	0.0
0.00063853618	0.42071661	0.0
0.00081946969	0.49454099	0.0
0.00098962535	0.56185526	0.0
0.0011234068	0.62158334	0.0
0.0012379411	0.67267108	0.0
0.001333662	0.71482962	0.0
0.0014043384	0.7477805	0.0
0.0014716688	0.77178091	0.0
0.0015247393	0.78694415	0.0
0.0015847692	0.79359502	0.0
0.0016428579	0.79181498	0.0
0.001697787	0.78155255	0.0
0.0017760206	0.76261944	0.0
0.0018282676	0.73476964	0.0
0.0018985952	0.69775653	0.0
0.0019426738	0.65152311	0.0
0.0019609446	0.59634078	0.0
0.0019576617	0.53288269	0.0
0.0018962501	0.46219844	0.0
0.0018022301	0.38558626	0.0
0.0016556694	0.30450732	0.0
0.0014763339	0.22012238	0.0
0.0012643816	0.13366638	0.0
0.0010253076	0.046156749	0.0
0.0007764257	-0.04171779	0.0
0.00051059522	-0.12928899	0.0
0.00023919856	-0.21568088	0.0
-3.8833936e-05	-0.30035007	0.0
-0.00031920054	-0.38151774	0.0
-0.00060880731	-0.45841959	0.0
-0.00089592574	-0.52958351	0.0
-0.0011803696	-0.59345549	0.0
-0.0014516152	-0.64923686	0.0
-0.0017095725	-0.69613612	0.0
-0.0019415054	-0.73384756	0.0
-0.0021586376	-0.76241225	0.0
-0.0023394851	-0.7820394	0.0
-0.0024958441	-0.7929343	0.0
-0.0026466097	-0.79530352	0.0
-0.0027540941	-0.78919256	0.0
-0.0028672309	-0.77447551	0.0
-0.0029454953	-0.75091404	0.0
-0.003020244	-0.71827281	0.0
-0.0030728236	-0.67635572	0.0
-0.0031026087	-0.62532854	0.0
-0.0031192224	-0.56575108	0.0
-0.0030961761	-0.49835765	0.0
-0.0030678255	-0.42439324	0.0
-0.0030064364	-0.34524339	0.0
-0.0029283625	-0.26230156	0.0
-0.0028409937	-0.17681009	0.0
-0.0027350399	-0.089678377	0.0
-0.0026184618	-0.0020222464	0.0
-0.0024846885	0.085403539	0.0
-0.0023300468	0.17224687	0.0
-0.0021465793	0.25754061	0.0
-0.0019271824	0.34032747	0.0
-0.0016634532	0.41915792	0.0
-0.0013568035	0.4929513	0.0
-0.00099684519	0.56022847	0.0
-0.0006060322	0.61983544	0.0
-0.00018531298	0.67088366	0.0
0.00024243534	0.71295488	0.0
0.00067084382	0.74589455	0.0
0.0010768912	0.76983035	0.0
0.0014601493	0.78501588	0.0
0.0018134902	0.79168946	0.0
0.0021280476	0.78994536	0.0
0.0024161858	0.77982467	0.0
0.0026640513	0.76101959	0.0
0.0028679019	0.73336035	0.0
0.0030281353	0.69656646	0.0
0.0031237209	0.65059352	0.0
0.0031665384	0.59578329	0.0
0.003127618	0.53266364	0.0
0.0030381929	0.46238825	0.0
0.0028810804	0.38601753	0.0
0.0026817198	0.30502751	0.0
0.0024540164	0.22080305	0.0
0.0022003853	0.13427404	0.0
0.0019471311	0.046752647	0.0
0.0016910102	-0.041185595	0.0
0.0014412226	-0.1286549	0.0
0.0011992427	-0.21535467	0.0
0.00096524082	-0.299986	0.0
0.00073501526	-0.38151163	0.0
0.00051607663	-0.458626	0.0
0.00030088553	-0.52987117	0.0
9.9096847e-05	-0.59402865	0.0
-8.4207939e-05	-0.65002632	0.0
-0.00025349046	-0.69706118	0.0
-0.00039286286	-0.73494357	0.0
-0.00053109275	-0.76352674	0.0
-0.00063243072	-0.78318727	0.0
-0.00073555572	-0.79410428	0.0
-0.00084778509	-0.79646611	0.0
-0.0009233543	-0.79032451	0.0
-0.0010502143	-0.77556646	0.0
-0.0011412745	-0.75195265	0.0
-0.0012586932	-0.71922511	0.0
-0.0013854819	-0.67723465	0.0
-0.0014811726	-0.6260857	0.0
-0.0016017309	-0.56631637	0.0
-0.0016707121	-0.49871895	0.0
-0.0017314322	-0.42465246	0.0
-0.001753937	-0.34536132	0.0
-0.001730678	-0.26227003	0.0
-0.00168093	-0.17667581	0.0
-0.0015839778	-0.089467518	0.0
-0.0014630103	-0.0019986024	0.0
-0.0013188641	0.085613802	0.0
-0.0011628751	0.17258386	0.0
-0.0010009332	0.25806242	0.0
-0.00084444846	0.34097189	0.0
-0.00069580821	0.42016289	0.0
-0.00056720362	0.49426875	0.0
-0.00045013512	0.56180841	0.0
-0.00035623231	0.62186193	0.0
-0.00028608824	0.6732254	0.0
-0.00023120738	0.71563512	0.0
-0.00019880247	0.74882823	0.0
-0.00017863799	0.77305251	0.0
-0.00016820885	0.78839827	0.0
-0.00017313828	0.79518753	0.0
-0.00017335654	0.7934953	0.0
-0.00018703364	0.78327632	0.0
-0.00018384522	0.76434445	0.0
-0.00019201895	0.7364434	0.0
-0.00019197028	0.69935751	0.0
-0.00017595691	0.65300512	0.0
-0.00017176761	0.5977121	0.0
-0.00014883446	0.53424406	0.0
-0.00013883672	0.4634406	0.0
-0.00012301141	0.38674432	0.0
-0.00012075098	0.30550015	0.0
-0.00012664963	0.22111326	0.0
-0.00014874327	0.13472629	0.0
-0.00018770994	0.04721297	0.0
-0.000237117	-0.040577158	0.0
-0.00029951672	-0.1280794	0.0
-0.00036814003	-0.21439186	0.0
-0.00044081241	-0.29884088	0.0
-0.00050707837	-0.37985903	0.0
-0.00056970544	-0.45660961	0.0
-0.00061433564	-0.5272398	0.0
-0.00065001607	-0.59092575	0.0
-0.00065991399	-0.64649618	0.0
-0.00066105503	-0.69320375	0.0
-0.00065039058	-0.73091114	0.0
-0.00061521394	-0.7594983	0.0
-0.00059150765	-0.77925569	0.0
-0.00055322627	-0.79037458	0.0
-0.000515419	-0.7930544	0.0
-0.00049216318	-0.78731853	0.0
-0.00045379027	-0.77304107	0.0
-0.00043489234	-0.74998808	0.0
-0.00041028269	-0.71786487	0.0
-0.00039602219	-0.67648894	0.0
-0.00037633794	-0.62596214	0.0
-0.00036484288	-0.56669277	0.0
-0.00035676468	-0.49949685	0.0
-0.00034282124	-0.42557648	0.0
-0.00034722436	-0.3464523	0.0
-0.00034672054	-0.26338241	0.0
-0.00035687513	-0.17782843	0.0
-0.00036226094	-0.090578832	0.0
-0.00035883908	-0.0026625297	0.0
-0.00033345332	0.085225157	0.0
-0.00028047885	0.17213652	0.0
-0.00018486424	0.2577056	0.0
-4.064434e-05	0.34075272	0.0
0.00015927691	0.41981947	0.0
0.00041462478	0.49381399	0.0
0.00071636261	0.56130195	0.0
0.0010563888	0.62102497	0.0
0.0014064739	0.6721763	0.0
0.0017649212	0.71422464	0.0
0.0021066638	0.74712759	0.0
0.0024235677	0.7709952	0.0
0.0027224892	0.78610247	0.0
0.0029750969	0.79268503	0.0
0.0032182534	0.79084778	0.0
0.0034172712	0.78056389	0.0
0.0035942362	0.76165408	0.0
0.0037369316	0.7338497	0.0
0.003836283	0.69690353	0.0
0.0038954031	0.65076888	0.0
0.0038937924	0.59569204	0.0
0.0038422348	0.53235352	0.0
0.0037302265	0.46173263	0.0
0.0035700465	0.38523614	0.0
0.0033811748	0.30414039	0.0
0.0031536112	0.21986966	0.0
0.0029152394	0.13348415	0.0
0.0026539597	0.045999274	0.0
0.0023814249	-0.041694511	0.0
0.0020865756	-0.12914199	0.0
0.0017663164	-0.21544065	0.0
0.0014181787	-0.29993436	0.0
0.0010413954	-0.38078475	0.0
0.0006362634	-0.45766002	0.0
0.00021553032	-0.52811956	0.0
-0.00020610682	-0.59169948	0.0
-0.00061539031	-0.64731324	0.0
-0.00098226836	-0.69386446	0.0
-0.001317366	-0.7312054	0.0
-0.0015844199	-0.75961834	0.0
-0.0018126688	-0.77904606	0.0
-0.0019873579	-0.78983587	0.0
-0.0021149893	-0.79216039	0.0
-0.0022203496	-0.78605723	0.0
-0.0022743088	-0.77140993	0.0
-0.002329363	-0.74797487	0.0
-0.0023317882	-0.71546346	0.0
-0.0023334336	-0.6737799	0.0
-0.0022940324	-0.62304878	0.0
-0.0022282021	-0.5636763	0.0
-0.0021321473	-0.49660233	0.0
-0.0020009661	-0.42298633	0.0
-0.0018488655	-0.34421608	0.0
-0.0016628137	-0.26158231	0.0
-0.0014715978	-0.17637996	0.0
-0.0012662014	-0.089693345	0.0
-0.0010623171	-0.0026449417	0.0
-0.00086594472	0.084612206	0.0
-0.00068465149	0.17119277	0.0
-0.00052087539	0.25640786	0.0
-0.00037218805	0.33917627	0.0
-0.00023883297	0.41825533	0.0
-0.00011437466	0.4922972	0.0
2.251807e-06	0.5598914	0.0
0.00011652218	0.61997813	0.0
0.00023028611	0.67147815	0.0
0.00034263128	0.71408081	0.0
0.00045372455	0.74740827	0.0
0.00056533451	0.77179968	0.0
0.00068268628	0.78733045	0.0
0.00080422923	0.79433322	0.0
0.0009348836	0.79289359	0.0
0.0010894868	0.78296542	0.0
0.0012485653	0.764364	0.0
0.0014371622	0.73681688	0.0
0.0016219311	0.70005059	0.0
0.0018146971	0.65411603	0.0
0.0019811462	0.59909838	0.0
0.0021130368	0.53579956	0.0
0.0021866874	0.46517628	0.0
0.0021942127	0.38855466	0.0
0.0021328465	0.30728436	0.0
0.0020023081	0.22283778	0.0
0.0018175208	0.1361775	0.0
0.001582248	0.048425224	0.0
0.0013126679	-0.039649051	0.0
0.0010177182	-0.12734601	0.0
0.00070559816	-0.21393275	0.0
0.00038491981	-0.29866007	0.0
6.8062582e-05	-0.37995917	0.0
-0.00025323578	-0.45686004	0.0
-0.00055096915	-0.52809399	0.0
-0.00083011866	-0.59200537	0.0
-0.0010842133	-0.6478923	0.0
-0.0012874193	-0.69484937	0.0
-0.0014664505	-0.73267055	0.0
-0.0015779941	-0.76138765	0.0
-0.0016683799	-0.78111637	0.0
-0.0017113327	-0.79216558	0.0
-0.0017161771	-0.79469597	0.0
-0.0017091759	-0.78875911	0.0
-0.0016490989	-0.77422845	0.0
-0.0016015832	-0.75088328	0.0
-0.0015232884	-0.71843117	0.0
-0.0014413696	-0.67675465	0.0
-0.0013495986	-0.62590706	0.0
-0.0012544245	-0.5663811	0.0
-0.0011579345	-0.49901298	0.0
-0.0010549836	-0.42513829	0.0
-0.00095431559	-0.34602144	0.0
-0.00084821536	-0.26304004	0.0
-0.00074624782	-0.17751059	0.0
-0.0006410465	-0.090467371	0.0
-0.00053632911	-0.0028623221	0.0
-0.00042899902	0.084535435	0.0
-0.00031400935	0.17140438	0.0
-0.00018324437	0.25666142	0.0
-3.2035994e-05	0.33937991	0.0
0.00015098386	0.41833916	0.0
0.00036645896	0.49219659	0.0
0.00061311101	0.55957484	0.0
0.0008768189	0.61932653	0.0
0.0011606175	0.67052799	0.0
0.0014242284	0.71276629	0.0
0.001673579	0.74580848	0.0
0.0018928994	0.76986861	0.0
0.002069178	0.78514028	0.0
0.0022133423	0.79188657	0.0
0.0023109568	0.79020178	0.0
0.0023689969	0.78005528	0.0
0.0023889283	0.76125181	0.0
0.0023606096	0.73353887	0.0
0.0022911674	0.69666678	0.0
0.0021683841	0.65062606	0.0
0.0019993293	0.59562933	0.0
0.0017849089	0.53238106	0.0
0.0015230101	0.46197948	0.0
0.0012347325	0.38573408	0.0
0.00092511158	0.30484918	0.0
0.00060114695	0.22082531	0.0
0.00028383156	0.13499196	0.0
-4.2199084e-05	0.047841612	0.0
-0.00035626872	-0.039579064	0.0
-0.00066611316	-0.12677248	0.0
-0.0009665222	-0.21297275	0.0
-0.0012588896	-0.29731804	0.0
-0.001541822	-0.37852901	0.0
-0.0018136374	-0.455488	0.0
-0.0020669268	-0.52669364	0.0
-0.0022906729	-0.59085846	0.0
-0.0024855849	-0.64686286	0.0
-0.0026322049	-0.6940766	0.0
-0.0027485616	-0.73211253	0.0
-0.0028147448	-0.76102859	0.0
-0.0028558474	-0.78098589	0.0
-0.0028645108	-0.79223347	0.0
-0.0028437388	-0.79496056	0.0
-0.0028192201	-0.78920043	0.0
-0.0027758779	-0.77483344	0.0
-0.0027204021	-0.75162059	0.0
-0.0026589658	-0.71932805	0.0
-0.0025733011	-0.6777879	0.0
-0.0024760996	-0.62711924	0.0
-0.0023463818	-0.5677703	0.0
-0.0021888721	-0.50057715	0.0
-0.0019978154	-0.42686307	0.0
-0.0017784841	-0.34786543	0.0
-0.0015235905	-0.26503298	0.0
-0.0012554735	-0.17959058	0.0
-0.00096551015	-0.092611872	0.0
-0.00067411468	-0.0048148953	0.0
-0.00037977134	0.082341336	0.0
-9.7362747e-05	0.16943167	0.0
0.00017589764	0.25470757	0.0
0.00042848726	0.33756077	0.0
0.00066696946	0.41659659	0.0
0.00088483386	0.49060035	0.0
0.001088529	0.5582118	0.0
0.0012711622	0.61823553	0.0
0.0014459089	0.66979337	0.0
0.0015926781	0.71242493	0.0
0.0017272213	0.74590212	0.0
0.001851428	0.7703914	0.0
0.0019506873	0.78606439	0.0
0.0020555172	0.79318911	0.0
0.0021424594	0.79185945	0.0
0.0022352037	0.78204131	0.0
0.0023400083	0.76355165	0.0
0.0024285924	0.73608845	0.0
0.0025443446	0.69956654	0.0
0.0026271045	0.65374237	0.0
0.0027100926	0.59898305	0.0
0.0027489043	0.53583336	0.0
0.0027424244	0.4654032	0.0
0.0026933611	0.38921076	0.0
0.0025762822	0.30826086	0.0
0.0024238825	0.2240577	0.0
0.0022217245	0.13766897	0.0
0.0019911635	0.050172567	0.0
0.0017378009	-0.037677519	0.0
0.0014672572	-0.12525284	0.0
0.0011822726	-0.21181038	0.0
0.00088482758	-0.29653054	0.0
0.00057197333	-0.37790769	0.0
0.00024246259	-0.45491853	0.0
-9.5199801e-05	-0.52616447	0.0
-0.00044996422	-0.59025395	0.0
-0.00079665822	-0.64609051	0.0
-0.0011374381	-0.69305295	0.0
-0.0014532428	-0.73080558	0.0
-0.0017487997	-0.75937039	0.0
-0.0020116672	-0.77895558	0.0
-0.0022420918	-0.78979737	0.0
-0.0024589249	-0.79210126	0.0
-0.0026325921	-0.78591949	0.0
-0.0028117835	-0.77114397	0.0
-0.0029567117	-0.74755585	0.0
-0.0030899011	-0.71489173	0.0
-0.0031995364	-0.67302841	0.0
-0.0032752082	-0.62202561	0.0
-0.0033241557	-0.5625897	0.0
-0.0033123803	-0.49534699	0.0
-0.0032646379	-0.42163581	0.0
-0.0031596739	-0.34272632	0.0
-0.0030086914	-0.25991189	0.0
-0.002821302	-0.17489877	0.0
-0.002600183	-0.088197984	0.0
-0.002354996	-0.0010548003	0.0
-0.0020938055	0.08609961	0.0
-0.0018137048	0.17254819	0.0
-0.0015190755	0.25757068	0.0
-0.0012056056	0.33982411	0.0
-0.00086541148	0.41835392	0.0
-0.00049598253	0.49178562	0.0
-9.5798874e-05	0.55880594	0.0
0.00032583435	0.61820775	0.0
0.00077181624	0.66914809	0.0
0.001207805	0.71112031	0.0
0.0016456358	0.7440595	0.0
0.0020590757	0.76801682	0.0
0.0024388467	0.78331995	0.0
0.0028042442	0.79017007	0.0
0.0031176007	0.78866738	0.0
0.0034099643	0.7787708	0.0
0.0036498276	0.76029277	0.0
0.0038448025	0.73293871	0.0
0.0039835828	0.69645315	0.0
0.0040416745	0.65084487	0.0
0.0040409877	0.59626395	0.0
0.0039421772	0.53338474	0.0
0.0037832656	0.46322244	0.0
0.0035441136	0.3868694	0.0
0.0032583019	0.30620322	0.0
0.0029314058	0.22213611	0.0
0.0025735942	0.13596959	0.0
0.0021912612	0.048690595	0.0
0.0017913576	-0.038937394	0.0
0.0013725674	-0.12632576	0.0
0.00093482429	-0.21247141	0.0
0.000485508	-0.29673475	0.0
1.2971322e-05	-0.37785158	0.0
-0.00046468969	-0.45458698	0.0
-0.00094814395	-0.52551419	0.0
-0.0014246011	-0.58940417	0.0
-0.0018720616	-0.6451894	0.0
-0.0022897394	-0.69216275	0.0
-0.0026568258	-0.73007321	0.0
-0.002977255	-0.75880629	0.0
-0.0032422291	-0.77865785	0.0
-0.0034637107	-0.7898528	0.0
-0.0036399239	-0.79257178	0.0
-0.0037680364	-0.78686321	0.0
-0.0038717254	-0.77257341	0.0
-0.0039219903	-0.74955368	0.0
-0.0039400747	-0.71744657	0.0
-0.0039065536	-0.67615879	0.0
-0.0038306965	-0.62573808	0.0
-0.003702584	-0.56663203	0.0
-0.0035286634	-0.49968058	0.0
-0.0033187221	-0.42593989	0.0
-0.0030748241	-0.34712845	0.0
-0.0028187737	-0.26424694	0.0
-0.0025569974	-0.17867814	0.0
-0.0022958759	-0.091498613	0.0
-0.0020457741	-0.003642	0.0
-0.0018088829	0.084252566	0.0
-0.0015759586	0.17130791	0.0
-0.0013465191	0.2568872	0.0
-0.0011044082	0.33982214	0.0
-0.00084459351	0.41892439	0.0
-0.00055402558	0.49282348	0.0
-0.00023315274	0.56022865	0.0
0.00012359665	0.61991775	0.0
0.00049721875	0.6710797	0.0
0.00089123566	0.71328706	0.0
0.0012835002	0.74624664	0.0
0.0016804297	0.77023089	0.0
0.0020612725	0.78549051	0.0
0.0024476082	0.79220265	0.0
0.0028110088	0.79048848	0.0
0.0031759038	0.78030777	0.0
0.0035296013	0.7614755	0.0
0.0038612382	0.7337147	0.0
0.0041778656	0.6966632	0.0
0.0044364082	0.65074712	0.0
0.004651187	0.59571517	0.0
0.0047826613	0.53247726	0.0
0.0048290216	0.46201238	0.0
0.00478811	0.38553837	0.0
0.0046677417	0.30450258	0.0
0.004475038	0.21992177	0.0
0.0042349831	0.13380557	0.0
0.0039439709	0.046337131	0.0
0.0036191568	-0.04122803	0.0
0.0032593077	-0.12854381	0.0
0.0028613885	-0.21484359	0.0
0.0024223852	-0.29919666	0.0
0.0019339765	-0.38034296	0.0
0.0013927423	-0.4570162	0.0
0.00080993917	-0.52795351	0.0
0.00019587378	-0.59177786	0.0
-0.00043605076	-0.6475423	0.0
-0.0010415701	-0.69445926	0.0
-0.001627164	-0.73225379	0.0
-0.0021483086	-0.76096964	0.0
-0.0026232917	-0.78078502	0.0
-0.003032231	-0.79197472	0.0
-0.0033873941	-0.79465955	0.0
-0.0036876253	-0.78892851	0.0
-0.0039328136	-0.7746405	0.0
-0.0041347854	-0.75155145	0.0
-0.0042674323	-0.71935332	0.0
-0.0043558935	-0.67805547	0.0
-0.0043676631	-0.62753808	0.0
-0.0043113641	-0.56835592	0.0
-0.0041870535	-0.50135386	0.0
-0.0039971988	-0.42769009	0.0
-0.0037529517	-0.34875932	0.0
-0.0034703896	-0.26583737	0.0
-0.0031575717	-0.18053491	0.0
-0.0028294141	-0.093534879	0.0
-0.0024918595	-0.0059506558	0.0
-0.0021506285	0.081708014	0.0
-0.0018028727	0.16863085	0.0
-0.0014470113	0.25411043	0.0
-0.0010717256	0.33711195	0.0
-0.00067576056	0.41631925	0.0
-0.00024884014	0.49049953	0.0
0.00019594135	0.55830085	0.0
0.0006556111	0.61846673	0.0
0.0011166161	0.67010003	0.0
0.0015482419	0.71275568	0.0
0.001955987	0.74626482	0.0
0.0023056755	0.7707966	0.0
0.0026169	0.7864756	0.0
0.0028761234	0.79362673	0.0
0.0030762556	0.79234517	0.0
0.0032381366	0.78261244	0.0
0.0033436473	0.76423204	0.0
0.003410629	0.73693579	0.0
0.0034139189	0.70047122	0.0
0.00336895	0.65480572	0.0
0.0032695318	0.60009044	0.0
0.0031051168	0.53722209	0.0
0.0029000754	0.46695694	0.0
0.0026467063	0.39059275	0.0
0.0023721559	0.30955666	0.0
0.0020791711	0.22525147	0.0
0.0017912502	0.13879293	0.0
0.0015104617	0.05096871	0.0
0.0012514724	-0.036861014	0.0
0.0010133844	-0.12464867	0.0
0.00080104586	-0.21136037	0.0
0.00061228173	-0.29608148	0.0
0.00044108159	-0.3777059	0.0
0.00028225785	-0.45493555	0.0
0.00013022618	-0.52626556	0.0
-2.1919041e-05	-0.59053957	0.0
-0.00017017972	-0.64669633	0.0
-0.00032158746	-0.69398117	0.0
-0.00047770236	-0.73205811	0.0
-0.00063712301	-0.76100224	0.0
-0.0008004696	-0.78097367	0.0
-0.0009881655	-0.79224938	0.0
-0.001177552	-0.79499418	0.0
-0.001398903	-0.7892614	0.0
-0.0016318838	-0.77494454	0.0
-0.0018842821	-0.75180852	0.0
-0.0021403378	-0.71952075	0.0
-0.0023975032	-0.6781112	0.0
-0.0026307416	-0.62749356	0.0
-0.0028161979	-0.56819391	0.0
-0.0029600582	-0.50102067	0.0
-0.0030259427	-0.42723837	0.0
-0.0030420225	-0.34820181	0.0
-0.0029890216	-0.26516932	0.0
-0.0028912146	-0.17956293	0.0
-0.0027507877	-0.092339084	0.0
-0.002577018	-0.004430254	0.0
-0.00238023	0.083401591	0.0
-0.0021588705	0.17066213	0.0
-0.0019179708	0.25641623	0.0
-0.0016520633	0.33971944	0.0
-0.0013607243	0.41924956	0.0
-0.00103341	0.49367276	0.0
-0.00068326533	0.56169486	0.0
-0.00030513204	0.62200445	0.0
8.153134e-05	0.67380881	0.0
0.00046633789	0.71657884	0.0
0.00083619397	0.75007707	0.0
0.0011814707	0.77449954	0.0
0.0015009464	0.79009217	0.0
0.0017798885	0.79706305	0.0
0.0020466407	0.79553568	0.0
0.002265881	0.78545266	0.0
0.0024812238	0.76670057	0.0
0.0026616482	0.73894089	0.0
0.0028212215	0.70194018	0.0
0.0029699979	0.65575486	0.0
0.0030616892	0.60052055	0.0
0.0031483015	0.53701651	0.0
0.003180634	0.46618512	0.0
0.0031824838	0.38929981	0.0
0.0031596564	0.30809876	0.0
0.0031044898	0.2235371	0.0
0.0030401349	0.13696755	0.0
0.0029542546	0.049256086	0.0
0.0028615019	-0.038665887	0.0
0.0027511301	-0.12635268	0.0
0.0026231164	-0.21283515	0.0
0.0024617722	-0.2972967	0.0
0.0022667425	-0.37873721	0.0
0.0020224024	-0.4557026	0.0
0.0017254647	-0.52688432	0.0
0.0013924462	-0.59100163	0.0
0.0010135496	-0.64695776	0.0
0.00062208547	-0.69427568	0.0
0.00022563103	-0.73217738	0.0
-0.00017131105	-0.76090789	0.0
-0.00054610812	-0.78080899	0.0
-0.00091300067	-0.79204291	0.0
-0.001254942	-0.79474831	0.0
-0.0015917973	-0.78901809	0.0
-0.0019069468	-0.77466416	0.0
-0.0022009017	-0.75159037	0.0
-0.002479275	-0.71932274	0.0
-0.002710762	-0.67787302	0.0
-0.0029020652	-0.62724411	0.0
-0.0030282394	-0.56785017	0.0
-0.0030787718	-0.50070697	0.0
-0.0030552936	-0.42687356	0.0
-0.0029602912	-0.34776822	0.0
-0.0027933866	-0.26463744	0.0
-0.002578903	-0.17907232	0.0
-0.0023177699	-0.091774531	0.0
-0.0020313724	-0.0040213247	0.0
-0.0017264975	0.083838597	0.0
-0.0014103822	0.17099388	0.0
-0.0010880007	0.25666448	0.0
-0.00076326251	0.33983031	0.0
-0.00043231164	0.41920111	0.0
-0.00010120323	0.49353248	0.0
0.00023611533	0.56138098	0.0
0.00056986493	0.62157303	0.0
0.00089720974	0.67331541	0.0
0.0012110627	0.71586514	0.0
0.0014960059	0.74928337	0.0
0.0017547451	0.77371055	0.0
0.0019896601	0.78930998	0.0
0.0021773488	0.79637897	0.0
0.0023552103	0.79499942	0.0
0.0024922886	0.78514069	0.0
0.0026221902	0.76663733	0.0
0.0027212303	0.73919505	0.0
0.0028089518	0.70256191	0.0
0.0028874767	0.65675145	0.0
0.0029363846	0.60195476	0.0
0.0029861857	0.53885275	0.0
0.0030128756	0.46848977	0.0
0.0030296892	0.3920168	0.0
0.0030458914	0.31122968	0.0
0.0030500279	0.22700363	0.0
0.0030530789	0.14077613	0.0
0.0030436697	0.05344741	0.0
0.003020535	-0.034161888	0.0
0.0029709227	-0.12150343	0.0
0.0028842047	-0.20785511	0.0
0.0027442253	-0.29213795	0.0
0.002541644	-0.37335995	0.0
0.0022628694	-0.45022017	0.0
0.0019181872	-0.5213505	0.0
0.0015050799	-0.58539832	0.0
0.0010519363	-0.6414026	0.0
0.00057581317	-0.68855226	0.0
9.4452174e-05	-0.72656399	0.0
-0.00035856169	-0.75544494	0.0
-0.00079273502	-0.77542388	0.0
-0.0011897073	-0.78668773	0.0
-0.0015469597	-0.78946728	0.0
-0.0018763215	-0.7837885	0.0
-0.0021663914	-0.76954085	0.0
-0.0024259533	-0.74646538	0.0
-0.0026498465	-0.71425098	0.0
-0.0028252949	-0.67288911	0.0
-0.0029590735	-0.62226093	0.0
-0.0030358387	-0.56289816	0.0
-0.0030546845	-0.49563035	0.0
-0.0030309504	-0.42180291	0.0
-0.0029453461	-0.34259036	0.0
-0.0028371261	-0.25941607	0.0
-0.0026952529	-0.17375226	0.0
-0.002531867	-0.08643394	0.0
-0.0023543197	0.0014555777	0.0
-0.0021618158	0.089373894	0.0
-0.0019537876	0.17664896	0.0
-0.0017292108	0.26255065	0.0
-0.0014820631	0.34577638	0.0
-0.0012046478	0.42534992	0.0
-0.0009024184	0.49982318	0.0
-0.00055671367	0.56794858	0.0
-0.00020482432	0.62858325	0.0
0.00017625578	0.68073243	0.0
0.00054766657	0.72402841	0.0
0.0009153015	0.75814945	0.0
0.0012637926	0.78330439	0.0
0.0015768475	0.79975724	0.0
0.0018842682	0.8076939	0.0
0.0021533398	0.80722415	0.0
0.0024082419	0.79830778	0.0
0.0026448893	0.78078818	0.0
0.0028474971	0.75441486	0.0
0.003039933	0.71889311	0.0
0.0031760812	0.67435926	0.0
0.0032779735	0.62090623	0.0
0.003313133	0.5592649	0.0
0.0033018596	0.49044678	0.0
0.0032249785	0.41574508	0.0
0.0030962049	0.33657011	0.0
0.0029350256	0.25418213	0.0
0.0027365927	0.16973029	0.0
0.0025218534	0.084262878	0.0
0.002287233	-0.0014881385	0.0
0.0020309612	-0.086784132	0.0
0.0017528898	-0.171123	0.0
0.0014424413	-0.25338978	0.0
0.0010934693	-0.33252257	0.0
0.0007048343	-0.40729523	0.0
0.0002851577	-0.47629759	0.0
-0.00016432515	-0.53818363	0.0
-0.00060867675	-0.59195149	0.0
-0.0010543659	-0.63689446	0.0
-0.0014585729	-0.67288798	0.0
-0.0018229937	-0.69983655	0.0
-0.0021458191	-0.71817678	0.0
-0.0024110563	-0.72836119	0.0
-0.0026262372	-0.73080194	0.0
-0.0027953878	-0.72584289	0.0
-0.0029186967	-0.71370548	0.0
-0.0029971206	-0.69464064	0.0
-0.0030301372	-0.66872936	0.0
-0.0030139333	-0.63620913	0.0
-0.0029587417	-0.59727859	0.0
-0.0028527402	-0.55247122	0.0
-0.0027049428	-0.50202352	0.0
-0.0025240672	-0.44633123	0.0
-0.0023137846	-0.38620484	0.0
-0.0020940132	-0.32199058	0.0
-0.0018619766	-0.2545307	0.0
-0.0016405717	-0.18491083	0.0
-0.001424356	-0.11433618	0.0
-0.0012249124	-0.044249479	0.0
-0.0010414494	0.024078131	0.0
-0.00087615557	0.089431852	0.0
-0.00072426704	0.15066348	0.0
-0.00059213524	0.20710193	0.0
-0.00047537303	0.25815728	0.0
-0.00037544881	0.30343607	0.0
-0.00029356405	0.34255546	0.0
-0.00022812438	0.37508067	0.0
-0.00018844625	0.400536	0.0
-0.00016278564	0.41839972	0.0
-0.00015242686	0.42824543	0.0
-0.00015022721	0.43003571	0.0
-0.00014746083	0.42412817	0.0
-0.00014041881	0.4112142	0.0
-0.00011912929	0.39226764	0.0
-9.062035e-05	0.36846405	0.0
-5.225715e-05	0.34076518	0.0
-1.2820006e-05	0.3100526	0.0
2.3922745e-05	0.27693665	0.0
5.2715546e-05	0.24199727	0.0
7.1254326e-05	0.20587207	0.0
8.0926911e-05	0.16942467	0.0
8.6462824e-05	0.13384728	0.0
9.2871451e-05	0.10048455	0.0
9.9004224e-05	0.070436835	0.0
0.00010504504	0.044481196	0.0
0.00010993798	0.023100512	0.0
0.00011007555	0.0060772537	0.0
0.00010185166	-0.006926815	0.0
8.0750528e-05	-0.016530633	0.0
4.4518361e-05	-0.023337189	0.0
-5.679065e-06	-0.027957225	0.0
-7.0894057e-05	-0.030895632	0.0
-0.0001457639	-0.032580074	0.0
-0.00022501312	-0.033343803	0.0
-0.00030548096	-0.033458225	0.0
-0.00037389671	-0.033130057	0.0
-0.00042664743	-0.032519933	0.0
-0.00045649867	-0.031744152	0.0
-0.00045783393	-0.030893808	0.0
-0.00043146868	-0.030027857	0.0
-0.00037518973	-0.029184841	0.0
-0.00029623226	-0.028385717	0.0
-0.0002028075	-0.02762669	0.0
-0.00010308848	-0.026899189	0.0
-1.285283e-05	-0.026176307	0.0
5.2753447e-05	-0.025427058	0.0
8.1345177e-05	-0.024619773	0.0
6.516854e-05	-0.023737544	0.0
3.83221e-06	-0.022768995	0.0
-9.3700735e-05	-0.021723669	0.0
-0.00021221957	-0.020626031	0.0
-0.00033439064	-0.019511022	0.0
-0.00043741919	-0.018410165	0.0
-0.00050850853	-0.017354315	0.0
-0.00054048985	-0.016361292	0.0
-0.0005325175	-0.015440899	0.0
-0.00049036439	-0.014599199	0.0
-0.0004235864	-0.013822921	0.0
-0.00034454526	-0.013108916	0.0
-0.00026112029	-0.012445132	0.0
-0.0001796297	-0.011822935	0.0
-0.00010642232	-0.011240684	0.0
-4.4762968e-05	-0.010687388	0.0
7.8979283e-06	-0.010163663	0.0
4.7156864e-05	-0.0096677467	0.0
7.8327859e-05	-0.0091957692	0.0
9.9343197e-05	-0.0087469369	0.0
0.0001152784	-0.0083213663	0.0
0.00012463519	-0.0079166377	0.0
0.00012948798	-0.0075337505	0.0
0.00012983898	-0.007172483	0.0
0.00012799505	-0.0068281307	0.0
0.00012534065	-0.0065028719	0.0
0.00012303458	-0.0061960462	0.0
0.00011691893	-0.0059068627	0.0
0.00011103348	-0.0056311609	0.0
0.00010584138	-0.0053718076	0.0
0.00010053432	-0.0051261662	0.0
9.3150658e-05	-0.0048934524	0.0
8.9458023e-05	-0.0046734083	0.0
8.2882987e-05	-0.0044642738	0.0
7.7460667e-05	-0.0042682709	0.0
7.0884453e-05	-0.0040811584	0.0
6.511472e-05	-0.0039044656	0.0
6.1422194e-05	-0.0037365262	0.0
5.7846391e-05	-0.0035765711	0.0
5.3923606e-05	-0.0034275418	0.0
4.8731672e-05	-0.0032827833	0.0
4.4577842e-05	-0.003146519	0.0
4.1694122e-05	-0.00301726	0.0
3.8118185e-05	-0.0028954055	0.0
3.5118788e-05	-0.0027776647	0.0
3.3619966e-05	-0.0026669099	0.0
3.0390103e-05	-0.002560128	0.0
2.8429551e-05	-0.0024589822	0.0
2.6353478e-05	-0.0023635658	0.0
2.3930686e-05	-0.0022714261	0.0
2.1277674e-05	-0.0021849275	0.0
2.1394262e-05	-0.0021010363	0.0
1.8971687e-05	-0.0020220743	0.0
1.7703707e-05	-0.0019457092	0.0
1.666567e-05	-0.0018742823	0.0
1.4589352e-05	-0.0018034206	0.0
1.2282543e-05	-0.0017384542	0.0
9.9761564e-06	-0.00167553	0.0
9.4013449e-06	-0.0016148075	0.0
8.8249017e-06	-0.0015573852	0.0
7.6731467e-06	-0.0015018699	0.0
8.7126846e-06	-0.0014490908	0.0
6.7493461e-06	-0.0013980881	0.0
5.1374423e-06	-0.0013496933	0.0
5.3695799e-06	-0.0013033634	0.0
4.0990394e-06	-0.0012586773	0.0
2.6010384e-06	-0.0012154869	0.0
2.4899937e-06	-0.001174911	0.0
3.0665863e-06	-0.0011350258	0.0
2.1428398e-06	-0.0010980275	0.0
1.5688472e-06	-0.0010619776	0.0
1.4544312e-06	-0.0010267523	0.0
9.9388217e-07	-0.00099385821	0.0
7.6457815e-07	-0.00096110016	0.0
3.0313652e-07	-0.00093053101	0.0
-6.2116015e-07	-0.00090242276	0.0
-2.0035882e-06	-0.00087280979	0.0
-2.4627261e-06	-0.00084527093	0.0
-2.8037321e-06	-0.00081922696	0.0
-1.6498154e-06	-0.0007933192	0.0
-2.576485e-06	-0.00076892332	0.0
-2.9171965e-06	-0.00074548955	0.0
-2.8013635e-06	-0.00072178501	0.0
-3.2636024e-06	-0.00070095772	0.0
-3.6046899e-06	-0.00067956909	0.0
-2.9125579e-06	-0.00065887684	0.0
-3.9558895e-06	-0.00063927931	0.0
-4.7540261e-06	-0.00062104646	0.0
-3.8341864e-06	-0.0006017228	0.0
-4.9815235e-06	-0.00058404665	0.0
-2.7891701e-06	-0.00056692329	0.0
-5.1089282e-06	-0.00055171474	0.0
-6.2451945e-06	-0.00053539773	0.0
-4.0526993e-06	-0.00051977893	0.0
-4.5170768e-06	-0.00050512038	0.0
-3.7071184e-06	-0.00049059675	0.0
-4.5175702e-06	-0.00047648491	0.0
-4.9766704e-06	-0.00046456369	0.0
-5.201035e-06	-0.0004516748	0.0
-3.9331217e-06	-0.00043824568	0.0
-5.2074151e-06	-0.00042550586	0.0
-5.8928954e-06	-0.00041482266	0.0
-5.6607155e-06	-0.0004039944	0.0
-5.5416722e-06	-0.00039234795	0.0
-4.503594e-06	-0.00038235282	0.0
-4.9652094e-06	-0.00037330616	0.0
-4.500866e-06	-0.00036274991	0.0
-4.8493794e-06	-0.00035289055	0.0
-5.5384085e-06	-0.0003445305	0.0
-5.305958e-06	-0.00033466361	0.0
-5.6515328e-06	-0.00032644434	0.0
-5.4173192e-06	-0.00031780844	0.0
-4.9550099e-06	-0.00030917875	0.0
-5.1887164e-06	-0.00030123527	0.0
-6.68657e-06	-0.00029425029	0.0
-6.4506166e-06	-0.00028684994	0.0
-5.7581669e-06	-0.00027849182	0.0
-5.5249639e-06	-0.00027164331	0.0
-4.6021501e-06	-0.00026533921	0.0
-5.4104148e-06	-0.00025834932	0.0
-5.4071647e-06	-0.00025191446	0.0
-5.6387562e-06	-0.00024670523	0.0
-6.2120275e-06	-0.00023889555	0.0
-5.2879313e-06	-0.00023396633	0.0
-5.8647406e-06	-0.00022738965	0.0
-5.5161436e-06	-0.00022218526	0.0
-5.6313893e-06	-0.00021574755	0.0
-5.6283507e-06	-0.00021122833	0.0
-4.7063595e-06	-0.00020602086	0.0
-7.012824e-06	-0.00020040404	0.0
-5.6241111e-06	-0.00019697992	0.0
-5.7406028e-06	-0.00019218322	0.0
-5.507e-06	-0.00018780041	0.0
-5.1614352e-06	-0.00018286848	0.0
-5.9661634e-06	-0.0001787591	0.0
-4.465418e-06	-0.0001741024	0.0
-5.734435e-06	-0.00017081627	0.0
-4.9239347e-06	-0.0001675293	0.0
-5.2707896e-06	-0.00016369332	0.0
-6.6547418e-06	-0.00015958255	0.0
-6.996544e-06	-0.00015561044	0.0
-5.612379e-06	-0.00015245982	0.0
-7.1121704e-06	-0.00014848578	0.0
-6.1841151e-06	-0.0001443755	0.0
-5.6086678e-06	-0.00014109309	0.0
-6.0689663e-06	-0.00013999741	0.0
-6.0680659e-06	-0.00013561186	0.0
-6.5269301e-06	-0.00013260094	0.0
-5.4880411e-06	-0.00012986397	0.0
-6.5254485e-06	-0.00012835661	0.0
-5.484208e-06	-0.00012328438	0.0
-5.7154939e-06	-0.00012055077	0.0
-5.9455806e-06	-0.00011904448	0.0
-7.0987094e-06	-0.00011616759	0.0
-7.210218e-06	-0.00011356658	0.0
-5.9392023e-06	-0.0001111029	0.0
-5.5937553e-06	-0.00010946027	0.0
-6.2852509e-06	-0.00010644678	0.0
-6.6292391e-06	-0.00010412087	0.0
-6.2815943e-06	-0.00010247758	0.0
-6.1649957e-06	-9.9463374e-05	0.0
-5.9332615e-06	-9.727513e-05	0.0
-6.2787776e-06	-9.6318101e-05	0.0
-6.2757731e-06	-9.4124203e-05	0.0
-5.35149e-06	-9.1250447e-05	0.0
-5.5834334e-06	-8.9881854e-05	0.0
-6.7364927e-06	-8.686923e-05	0.0
-7.4261902e-06	-8.5775777e-05	0.0
-7.0771007e-06	-8.3311141e-05	0.0
-6.384721e-06	-8.2767183e-05	0.0
-6.7296724e-06	-8.1260041e-05	0.0
-5.8027094e-06	-7.9618701e-05	0.0
-4.7658064e-06	-7.8111043e-05	0.0
-5.920052e-06	-7.4961215e-05	0.0
-5.9152153e-06	-7.3320698e-05	0.0
-4.8771003e-06	-7.1680101e-05	0.0
-5.79989e-06	-7.1545692e-05	0.0
-5.7977913e-06	-6.9628026e-05	0.0
-6.143001e-06	-6.8123976e-05	0.0
-6.3728062e-06	-6.6755689e-05	0.0
-6.8323284e-06	-6.5249922e-05	0.0
-5.9073982e-06	-6.3471656e-05	0.0
-5.5607416e-06	-6.2651838e-05	0.0
-5.4435664e-06	-6.1146959e-05	0.0
-5.097249e-06	-6.0601204e-05	0.0
-6.3646798e-06	-5.8547954e-05	0.0
-4.7477056e-06	-5.7591686e-05	0.0
-5.0929038e-06	-5.6772045e-05	0.0
-6.3609577e-06	-5.6774847e-05	0.0
-6.1289643e-06	-5.4173201e-05	0.0
-6.4737401e-06	-5.3490305e-05	0.0
-6.4728747e-06	-5.3355878e-05	0.0
-4.9716e-06	-5.3084917e-05	0.0
-4.8543075e-06	-5.0620951e-05	0.0
-5.430164e-06	-4.8292783e-05	0.0
-5.3137883e-06	-4.7472702e-05	0.0
-5.0818544e-06	-4.7063757e-05	0.0
-4.9643027e-06	-4.7204012e-05	0.0
-6.0017105e-06	-4.6110847e-05	0.0
-5.425487e-06	-4.5154658e-05	0.0
-4.7297935e-06	-4.3374632e-05	0.0
-5.6525473e-06	-4.3239103e-05	0.0
-4.4973235e-06	-4.2284431e-05	0.0
-5.3034264e-06	-3.9955583e-05	0.0
-4.2650418e-06	-4.0094266e-05	0.0
-3.9154934e-06	-3.9549344e-05	0.0
-5.0689755e-06	-3.8867307e-05	0.0
-4.3753143e-06	-3.7224705e-05	0.0
-5.5275041e-06	-3.6815516e-05	0.0
-5.1816692e-06	-3.6133879e-05	0.0
-4.8325905e-06	-3.531262e-05	0.0
-5.5248274e-06	-3.5727811e-05	0.0
-3.9100751e-06	-3.4085082e-05	0.0
-2.9825949e-06	-3.4909572e-05	0.0
-4.0196023e-06	-3.3543529e-05	0.0
-4.019078e-06	-3.2585929e-05	0.0
-4.364053e-06	-3.135571e-05	0.0
-4.2468423e-06	-3.0533956e-05	0.0
-4.594192e-06	-3.0947827e-05	0.0
-3.2061837e-06	-3.0267058e-05	0.0
-4.5890301e-06	-2.9719344e-05	0.0
-4.0106338e-06	-2.9860912e-05	0.0
-5.2807786e-06	-2.80851e-05	0.0
-3.2052278e-06	-2.6849584e-05	0.0
-3.8878043e-06	-2.6854332e-05	0.0
-4.9299001e-06	-2.5620328e-05	0.0
-4.1232311e-06	-2.6720241e-05	0.0
-3.7732946e-06	-2.5489624e-05	0.0
-4.0016193e-06	-2.6179236e-05	0.0
-4.3479104e-06	-2.4126593e-05	0.0
-3.8871281e-06	-2.4810157e-05	0.0
-3.6508811e-06	-2.4131994e-05	0.0
-4.689311e-06	-2.3719831e-05	0.0
-4.2282118e-06	-2.3726336e-05	0.0
-4.5712354e-06	-2.1811511e-05	0.0
-4.4576332e-06	-2.1261276e-05	0.0
-3.7640193e-06	-2.1534903e-05	0.0
-3.9866791e-06	-2.2228311e-05	0.0
-5.6041913e-06	-2.0859361e-05	0.0
-4.8003199e-06	-2.1681268e-05	0.0
-4.6780206e-06	-2.1276464e-05	0.0
-5.0279905e-06	-2.0869935e-05	0.0
-3.5280314e-06	-1.9500883e-05	0.0
-3.9762258e-06	-1.9636382e-05	0.0
-5.60227e-06	-1.9505949e-05	0.0
-3.0619237e-06	-1.8550396e-05	0.0
-4.4378025e-06	-1.8000785e-05	0.0
-3.7524972e-06	-1.8683284e-05	0.0
-3.629998e-06	-1.938184e-05	0.0
-3.9753495e-06	-1.7330289e-05	0.0
-3.7493969e-06	-1.7189768e-05	0.0
-2.8184743e-06	-1.6374295e-05	0.0
-3.9711922e-06	-1.5958642e-05	0.0
-3.1668148e-06	-1.6378843e-05	0.0
-3.6191336e-06	-1.500721e-05	0.0
-4.0876698e-06	-1.5969288e-05	0.0
-3.1591553e-06	-1.4604948e-05	0.0
-4.4233775e-06	-1.5012472e-05	0.0
-4.2001634e-06	-1.4746202e-05	0.0
-3.6194281e-06	-1.4201587e-05	0.0
-3.6157071e-06	-1.3111966e-05	0.0
-3.8445023e-06	-1.2143761e-05	0.0
-4.0756936e-06	-1.3518161e-05	0.0
-3.7317971e-06	-1.2838368e-05	0.0
-3.377736e-06	-1.3660165e-05	0.0
-4.1885041e-06	-1.2987547e-05	0.0
-3.0357137e-06	-1.161774e-05	0.0
-3.2604178e-06	-1.1336268e-05	0.0
-3.3721144e-06	-1.2304358e-05	0.0
-4.4123772e-06	-1.0938646e-05	0.0
-3.3799274e-06	-1.1345744e-05	0.0
-2.7929048e-06	-1.121819e-05	0.0
-3.4860932e-06	-1.0666621e-05	0.0
-2.9085902e-06	-1.1493971e-05	0.0
-3.5950802e-06	-1.0675238e-05	0.0
-3.8304911e-06	-1.1224199e-05	0.0
-3.1381696e-06	-1.0546368e-05	0.0
-2.6741679e-06	-1.0134343e-05	0.0
-2.4386495e-06	-9.8656446e-06	0.0
-3.2429655e-06	-8.7726203e-06	0.0
-3.5926769e-06	-8.6297414e-06	0.0
-2.902342e-06	-9.867993e-06	0.0
-2.2057188e-06	-9.3288381e-06	0.0
-2.4304593e-06	-8.5113488e-06	0.0
-3.0097472e-06	-7.8150242e-06	0.0
-2.7749691e-06	-1.001904e-05	0.0
-3.5854196e-06	-7.6960941e-06	0.0
-2.3164835e-06	-8.6496075e-06	0.0
-2.7709877e-06	-7.8389248e-06	0.0
-3.0017327e-06	-7.286058e-06	0.0
-3.2355808e-06	-7.83818e-06	0.0
-2.5363611e-06	-7.4304094e-06	0.0
-4.0357763e-06	-7.5717908e-06	0.0
-2.7763008e-06	-6.6152797e-06	0.0
-1.6128034e-06	-7.0226738e-06	0.0
-2.4132892e-06	-7.5787925e-06	0.0
-3.3411318e-06	-6.7605006e-06	0.0
-2.3052971e-06	-6.3519237e-06	0.0
-1.8359598e-06	-5.3946574e-06	0.0
-2.987585e-06	-5.5301075e-06	0.0
-3.4490351e-06	-6.0830157e-06	0.0
-3.7993223e-06	-5.5412829e-06	0.0
-2.181702e-06	-4.7184967e-06	0.0
-2.6388857e-06	-5.537599e-06	0.0
-2.2912639e-06	-6.3726379e-06	0.0
-2.8695058e-06	-4.0432078e-06	0.0
-1.5977722e-06	-5.2731839e-06	0.0
-2.9763892e-06	-5.5535183e-06	0.0
-3.5575106e-06	-5.695118e-06	0.0
-2.6347543e-06	-5.0095036e-06	0.0
-1.7099302e-06	-6.1114479e-06	0.0
-1.2437189e-06	-4.4689214e-06	0.0
-2.279857e-06	-5.5667037e-06	0.0
-2.6270882e-06	-4.4748617e-06	0.0
-2.6254245e-06	-4.8868524e-06	0.0
-2.6257699e-06	-4.4791923e-06	0.0
-1.5854581e-06	-4.618626e-06	0.0
-2.1588112e-06	-4.346944e-06	0.0
-2.8523643e-06	-4.7608578e-06	0.0
-1.6961417e-06	-4.3528789e-06	0.0
-3.0795065e-06	-4.2177799e-06	0.0
-2.5014388e-06	-4.6320624e-06	0.0
-3.6541212e-06	-4.0865921e-06	0.0
-2.5001796e-06	-4.226104e-06	0.0
-2.151359e-06	-3.8179305e-06	0.0
-2.7274618e-06	-3.5459577e-06	0.0
-2.0338955e-06	-4.2340803e-06	0.0
-2.2633008e-06	-3.6886954e-06	0.0
-1.9158554e-06	-3.4171283e-06	0.0
-2.3762595e-06	-4.7905678e-06	0.0
-2.9519158e-06	-3.8336948e-06	0.0
-2.2583604e-06	-4.3846453e-06	0.0
-3.0648628e-06	-3.7023412e-06	0.0
-1.9085464e-06	-4.8008569e-06	0.0
-1.3314659e-06	-2.8845361e-06	0.0
-1.7918815e-06	-3.8471821e-06	0.0
-1.6749416e-06	-2.6157518e-06	0.0
-1.9051108e-06	-3.5790829e-06	0.0
-2.1336461e-06	-3.5820667e-06	0.0
-1.9033459e-06	-4.9548844e-06	0.0
-3.2850533e-06	-3.5839707e-06	0.0
-1.0891017e-06	-2.3553778e-06	0.0
-1.3234078e-06	-2.7689405e-06	0.0
-2.5911672e-06	-1.9493646e-06	0.0
-2.9335918e-06	-3.1900279e-06	0.0
-2.123691e-06	-4.1448907e-06	0.0
-1.5453886e-06	-1.5439466e-06	0.0
-1.0858171e-06	-2.6488924e-06	0.0
-2.5857146e-06	-2.7835492e-06	0.0
-2.6967418e-06	-1.8276029e-06	0.0
-2.2317761e-06	-2.3833541e-06	0.0
-1.3111944e-06	-3.6157383e-06	0.0
-2.1136887e-06	-2.5203199e-06	0.0
7.8760408e-08	-2.9379187e-06	0.0
-1.7741816e-06	-3.0752494e-06	0.0
-1.9931863e-06	-2.8031347e-06	0.0
-8.4266344e-07	-2.5325162e-06	0.0
-2.114195e-06	-2.6738087e-06	0.0
-1.990298e-06	-2.9496266e-06	0.0
-1.1839229e-06	-2.537578e-06	0.0
-1.7642099e-06	-1.7207205e-06	0.0
-2.568303e-06	-1.9969639e-06	0.0
-2.4487779e-06	-1.3151055e-06	0.0
-1.8681599e-06	-2.1441178e-06	0.0
-9.4609715e-07	-2.1383087e-06	0.0
-1.0611429e-06	-1.188958e-06	0.0
-5.9798714e-07	-2.5594863e-06	0.0
-9.4642934e-07	-1.3288142e-06	0.0
-1.2885719e-06	-2.8431991e-06	0.0
-9.3921159e-07	-2.1515118e-06	0.0
-1.0607207e-06	-1.7481088e-06	0.0
-2.090947e-06	-1.7496002e-06	0.0
-5.8649931e-07	-1.6188729e-06	0.0
-7.0638731e-07	-2.3036412e-06	0.0
-3.5587465e-07	-1.3435566e-06	0.0
-5.9363589e-07	-1.351921e-06	0.0
-1.6236271e-06	-1.6292231e-06	0.0
-4.6612382e-07	-1.7637171e-06	0.0
-8.1598802e-07	-1.2244111e-06	0.0
-5.8297252e-07	-2.3217508e-06	0.0
-9.2678448e-07	-1.4977367e-06	0.0
-7.0058519e-07	-1.7775825e-06	0.0
-1.8488498e-06	-1.0890811e-06	0.0
-8.0247361e-07	-8.2544483e-07	0.0
-9.2390093e-07	-1.0985714e-06	0.0
-8.0638534e-07	-8.3374266e-07	0.0
-1.1531469e-06	-1.790479e-06	0.0
-9.1130556e-07	-9.7180168e-07	0.0
-2.2792787e-07	-2.077215e-06	0.0
-1.1503054e-06	-1.5124587e-06	0.0
-9.1827752e-07	-4.2803609e-07	0.0
-1.8405377e-06	-8.5084179e-07	0.0
-1.6069702e-06	-9.8002715e-07	0.0
-2.0602638e-06	-2.978777e-07	0.0
-5.4852978e-07	-1.6384254e-07	0.0
-4.6324985e-07	9.7066227e-08	0.0
-2.0615946e-06	-1.2827544e-06	0.0
-5.4563009e-07	-1.540605e-06	0.0
-3.2831562e-07	-8.6001262e-07	0.0
-2.1290326e-07	-1.1483595e-06	0.0
-5.5759654e-07	-1.2669002e-06	0.0
-4.4050387e-07	3.686207e-07	0.0
-9.0760648e-07	-1.923336e-07	0.0
-1.122533e-06	2.206836e-07	0.0
-8.034101e-08	-1.9708258e-07	0.0
1.4389559e-07	8.1042003e-08	0.0
2.5627571e-07	-7.2137624e-08	0.0
-2.0531536e-07	-7.4959001e-07	0.0
-1.9878587e-07	7.9111743e-08	0.0
-7.971915e-08	5.5490545e-08	0.0
2.6668033e-07	-9.0290843e-07	0.0
-9.5711705e-08	-4.7082546e-07	0.0
-1.2394042e-06	6.0905052e-07	0.0
-5.2005328e-07	-9.3133735e-08	0.0
4.9856419e-07	-2.1225006e-07	0.0
-3.1325013e-07	6.0320309e-07	0.0
-4.3309083e-07	1.7259484e-07	0.0
-1.4535514e-06	-2.2309337e-07	0.0
-3.0225274e-07	4.5248132e-07	0.0
-1.5856778e-06	-2.3973217e-07	0.0
-1.691263e-06	1.8187794e-07	0.0
-2.2551205e-06	1.6223032e-07	0.0
-6.1048235e-07	-5.2349486e-07	0.0
8.6477377e-07	-5.1759019e-07	0.0
5.0242903e-07	-3.8122673e-07	0.0
-4.3846981e-07	-1.1316479e-07	0.0
-2.2627364e-06	-2.5484294e-07	0.0
-1.0686141e-06	-2.5934929e-07	0.0
-6.6014692e-08	-5.3421661e-07	0.0
-7.4049439e-07	-1.1037185e-07	0.0
6.3747808e-07	5.5727565e-07	0.0
-7.6979012e-07	1.4550398e-07	0.0
-8.5406913e-07	8.366228e-07	0.0
-5.1460364e-07	5.294803e-07	0.0
-7.4863914e-07	-8.347061e-07	0.0
-7.3823156e-07	-1.0844798e-07	0.0
9.0766264e-08	1.4992241e-06	0.0
1.0928013e-06	-3.1676188e-07	0.0
-7.5561587e-07	-6.6898536e-07	0.0
-2.6647621e-07	9.2914439e-07	0.0
-1.5567089e-07	-1.2465287e-06	0.0
6.2242904e-08	1.5174114e-06	0.0
-9.7121529e-07	6.3295982e-07	0.0
-6.1718919e-07	-4.4112772e-07	0.0
-8.3887329e-07	-1.2420838e-08	0.0
1.978422e-07	6.501499e-07	0.0
-1.5005885e-07	-3.160805e-08	0.0
5.4374306e-07	7.9177772e-07	0.0
7.8438497e-08	8.0467558e-08	0.0
-1.7510567e-07	-1.4391629e-08	0.0
-2.1092192e-06	1.5855162e-06	0.0
-4.8017569e-07	-1.165596e-06	0.0
-1.0685712e-06	-1.6571185e-07	0.0
3.4773601e-07	-2.0484175e-07	0.0
1.3548247e-06	-8.6905828e-07	0.0
4.2149421e-07	2.2044019e-07	0.0
-3.1329801e-08	-1.8881859e-07	0.0
-1.2488111e-07	1.0372942e-06	0.0
8.9918922e-07	6.0163259e-08	0.0
9.872771e-08	2.0780446e-07	0.0
1.2546679e-06	-7.4656199e-08	0.0
4.3607292e-07	-2.1920017e-07	0.0
9.1378934e-07	-6.1568602e-07	0.0
5.4334782e-07	3.3449422e-07	0.0
-4.8551556e-07	-5.0593326e-07	0.0
-3.5140579e-07	-4.8891729e-07	0.0
