#Bx [T], By [T], Bz [T] on 3D mesh: inmost loop vs X (horizontal transverse position), outmost loop vs Z (longitudinal position)
#0.0 #initial X position [m]
#0.0 #step of X [m]
#1 #number of points vs X
#0.0 #initial Y position [m]
#0.0 #step of Y [m]
#1 #number of points vs Y
#-1.1855 #initial Z position [m]
#0.001 #step of Z [m]
#2371 #number of points vs Z
-4.1081807e-07	7.8397869e-07	0.0
2.8284458e-07	1.740623e-06	0.0
5.1506214e-07	9.1569098e-07	0.0
2.85635e-07	-8.6947648e-07	0.0
-5.9209306e-08	-3.2404563e-07	0.0
-5.8084332e-08	-1.149487e-06	0.0
7.5118317e-07	3.5545716e-07	0.0
-1.7035863e-07	-3.3245044e-07	0.0
-2.8536749e-07	-3.3569225e-07	0.0
1.4477183e-06	-6.4175708e-08	0.0
-2.8146067e-07	-2.0436194e-07	0.0
2.9627938e-07	2.04421e-07	0.0
-8.5530922e-07	-2.1068549e-07	0.0
-8.552654e-07	7.4805615e-07	0.0
-1.0838818e-06	-1.3112458e-06	0.0
-1.0841553e-06	-2.1889932e-07	0.0
-4.4335597e-08	-1.1805612e-06	0.0
3.0365155e-07	1.8428078e-07	0.0
7.6719681e-07	1.0070185e-06	0.0
7.8545796e-08	4.6975448e-08	0.0
-5.012692e-07	-6.4529956e-07	0.0
8.862354e-07	3.134985e-07	0.0
-3.7829042e-07	-7.8771984e-07	0.0
-1.5318282e-07	8.5383402e-07	0.0
1.0075656e-06	-3.7767856e-07	0.0
-6.0629048e-07	-5.2249777e-07	0.0
-2.589027e-07	1.5803128e-07	0.0
-1.4152741e-06	8.4617824e-07	0.0
7.774351e-07	-8.0154274e-07	0.0
-1.3786622e-07	1.4660148e-07	0.0
-2.7294245e-08	1.2492543e-06	0.0
3.2592251e-07	-5.3574581e-07	0.0
-8.2962652e-07	2.782061e-07	0.0
3.2255474e-07	7.5073583e-09	0.0
3.2592433e-07	-4.1200653e-07	0.0
7.9194933e-07	5.4520353e-07	0.0
-2.4723073e-07	2.698882e-07	0.0
1.1325294e-06	6.7773982e-07	0.0
1.4906116e-06	1.3024366e-07	0.0
1.0489835e-07	-5.5869896e-07	0.0
5.6505917e-07	-7.0455496e-07	0.0
-1.2117101e-07	5.2629838e-07	0.0
-5.8561591e-07	3.9189655e-07	0.0
-5.8151784e-07	2.4773763e-07	0.0
-1.276515e-06	7.9571691e-07	0.0
-9.8803001e-09	2.4411528e-07	0.0
1.9271438e-09	7.888313e-07	0.0
-1.0408725e-06	3.7606407e-07	0.0
-1.1726888e-07	5.1149652e-07	0.0
-6.9033837e-07	-3.145924e-07	0.0
-2.3055362e-07	2.271041e-07	0.0
-3.4061506e-07	4.995174e-07	0.0
-6.8732794e-07	7.7370242e-07	0.0
-4.5659124e-07	8.6007638e-08	0.0
-4.5276326e-07	3.5241283e-07	0.0
-9.1173189e-07	6.2907162e-07	0.0
-1.2591498e-06	-4.673646e-07	0.0
-1.0280604e-06	-6.1863028e-07	0.0
-7.9794654e-07	7.5427704e-07	0.0
1.2508113e-07	-4.7421963e-07	0.0
1.3805204e-07	-6.2803741e-07	0.0
-1.4820794e-06	8.8219639e-07	0.0
-4.4610266e-07	-2.0960144e-07	0.0
-9.0328501e-07	-3.5905362e-07	0.0
-4.3902284e-07	3.2473869e-07	0.0
-1.3616693e-06	5.4252794e-08	0.0
-5.5642079e-07	-5.0316595e-07	0.0
-6.6824504e-07	1.8156314e-07	0.0
2.2667527e-08	-7.7668631e-07	0.0
1.4440377e-07	-9.2112168e-07	0.0
-4.2613891e-07	-7.9222849e-07	0.0
-1.2410542e-06	3.0497282e-07	0.0
-3.1531189e-07	-5.1119173e-07	0.0
-1.1186158e-06	-1.3404784e-06	0.0
-5.4731595e-07	-1.621198e-06	0.0
-6.4949182e-07	-1.351646e-06	0.0
-1.5838669e-06	-9.4538774e-07	0.0
2.6597604e-07	-3.947182e-07	0.0
-1.1055407e-06	-9.4701647e-07	0.0
-1.458341e-06	-2.6760611e-07	0.0
-2.0296829e-06	-2.6749007e-07	0.0
-2.3838584e-06	-1.3147005e-07	0.0
-1.2299848e-06	-6.8196209e-07	0.0
-8.8236192e-07	-8.2022927e-07	0.0
4.8163624e-08	-1.3787812e-06	0.0
-9.8389467e-07	-1.5034361e-08	0.0
-1.1018301e-06	-6.3781558e-09	0.0
-1.4516922e-06	-2.893587e-07	0.0
-2.9999305e-07	1.2267296e-07	0.0
-1.7477798e-07	-9.6688746e-07	0.0
-2.9022181e-07	-1.8060205e-06	0.0
-2.8941426e-07	-8.5246108e-07	0.0
-3.9987518e-07	-9.8305213e-07	0.0
-8.6249884e-07	-1.1303433e-06	0.0
-6.3290196e-07	-8.4915706e-07	0.0
-8.5583008e-07	-2.0885277e-06	0.0
-1.2081957e-06	-1.4151309e-06	0.0
-7.4098381e-07	-1.2809353e-06	0.0
-1.4319734e-06	-3.2310862e-07	0.0
-7.4909934e-07	-8.5957987e-07	0.0
-5.0232097e-07	-1.2915048e-06	0.0
-1.0870955e-06	7.4634151e-08	0.0
-3.8506545e-07	-3.1594689e-07	0.0
-1.6560432e-06	-1.5621441e-06	0.0
-9.5776215e-07	-1.1642425e-06	0.0
-2.3544635e-06	-8.8995739e-07	0.0
-2.7008468e-07	-8.810083e-07	0.0
-2.4471819e-06	-1.7203049e-06	0.0
-1.654532e-06	-2.2185276e-07	0.0
-2.6815721e-06	-6.1169527e-07	0.0
-1.7842342e-06	-1.4455986e-06	0.0
-8.3186171e-07	-1.5842842e-06	0.0
-2.1063183e-06	-1.7451323e-06	0.0
-9.5951941e-07	1.8092241e-07	0.0
-1.6325286e-06	-9.0496553e-07	0.0
-1.8749536e-06	2.4022937e-08	0.0
-1.5309618e-06	6.0676859e-07	0.0
-8.4412738e-07	-1.7295326e-06	0.0
-1.3278957e-07	-1.0738693e-06	0.0
-1.2801474e-06	-7.9147333e-07	0.0
-1.2894703e-06	-7.8508901e-07	0.0
-1.5182037e-06	-1.4841816e-06	0.0
-1.2869266e-06	-6.6182957e-07	0.0
-1.514168e-06	-1.3518272e-06	0.0
-1.2895538e-06	-3.9477356e-07	0.0
-8.2664315e-07	-1.2161186e-06	0.0
-8.0881847e-07	-6.6867045e-07	0.0
-1.6299742e-06	-2.0339205e-06	0.0
-6.9922538e-07	-1.7852724e-06	0.0
-2.0718937e-06	-1.3669033e-06	0.0
-1.7482452e-06	-1.7713178e-06	0.0
-1.27692e-06	-2.331547e-06	0.0
-1.3816693e-06	-1.929998e-06	0.0
-1.7386066e-06	-1.9199504e-06	0.0
-1.2601128e-06	-2.6073724e-06	0.0
-2.7622889e-06	-2.4941387e-06	0.0
-1.5245172e-06	-1.1285582e-06	0.0
-3.4497717e-07	-1.0961897e-06	0.0
-9.0985554e-07	-2.88971e-06	0.0
-1.2590481e-06	-2.1023645e-06	0.0
-1.8285565e-06	-1.12315e-06	0.0
-2.4149879e-06	-1.9391782e-06	0.0
-1.6257461e-06	-2.0917134e-06	0.0
-7.8497089e-07	-1.8255939e-06	0.0
-2.183071e-06	-1.5387724e-06	0.0
-4.6123162e-07	-2.7676001e-06	0.0
-1.1292578e-06	-2.9345056e-06	0.0
-1.131635e-06	-2.2361194e-06	0.0
-2.0526597e-06	-3.0690805e-06	0.0
-2.0498658e-06	-2.1076687e-06	0.0
-3.3108076e-06	-3.4710579e-06	0.0
-3.3374645e-06	-3.0814199e-06	0.0
-2.2950594e-06	-3.0817675e-06	0.0
-2.1661779e-06	-2.4017643e-06	0.0
-2.1696126e-06	-2.3978903e-06	0.0
-1.9355264e-06	-2.1323472e-06	0.0
-2.047856e-06	-1.8572582e-06	0.0
-2.155085e-06	-1.8575078e-06	0.0
-2.6289904e-06	-1.993272e-06	0.0
-1.7018734e-06	-2.4085896e-06	0.0
-2.2711231e-06	-2.1540568e-06	0.0
-1.7040068e-06	-1.45166e-06	0.0
-1.8010591e-06	-2.8173231e-06	0.0
-2.1617684e-06	-2.7083076e-06	0.0
-1.3459903e-06	-2.2862735e-06	0.0
-1.9239246e-06	-2.9688877e-06	0.0
-1.2209076e-06	-2.726686e-06	0.0
-2.8262673e-06	-1.7322485e-06	0.0
-2.3951222e-06	-3.9429924e-06	0.0
-1.5764293e-06	-2.1748913e-06	0.0
-1.5618721e-06	-3.5308462e-06	0.0
-2.1381729e-06	-2.7246761e-06	0.0
-2.3671892e-06	-3.8028334e-06	0.0
-2.833867e-06	-4.0999021e-06	0.0
-2.596784e-06	-3.7014909e-06	0.0
-3.1816642e-06	-2.872212e-06	0.0
-2.3656394e-06	-3.4096493e-06	0.0
-3.402175e-06	-3.5688968e-06	0.0
-2.4901119e-06	-3.0097378e-06	0.0
-2.9300543e-06	-4.102083e-06	0.0
-2.8430452e-06	-4.381222e-06	0.0
-1.4441761e-06	-5.0882454e-06	0.0
-2.2311096e-06	-3.5876797e-06	0.0
-2.5830873e-06	-4.2428983e-06	0.0
-2.6116363e-06	-4.9528662e-06	0.0
-6.313104e-07	-4.4115463e-06	0.0
-2.1012272e-06	-4.5409406e-06	0.0
-2.025218e-06	-4.5549e-06	0.0
-1.6323614e-06	-4.2690863e-06	0.0
-4.4062526e-06	-5.2338983e-06	0.0
-3.6367305e-06	-4.8349489e-06	0.0
-3.2776961e-06	-5.3672547e-06	0.0
-2.6943505e-06	-5.6758959e-06	0.0
-3.5875817e-06	-4.1620769e-06	0.0
-4.6650262e-06	-5.2287014e-06	0.0
-2.5977115e-06	-5.9480776e-06	0.0
-2.7857127e-06	-5.3905924e-06	0.0
-3.3850124e-06	-6.4893243e-06	0.0
-2.6817841e-06	-5.6952522e-06	0.0
-3.6035019e-06	-5.260581e-06	0.0
-2.8073848e-06	-6.0866573e-06	0.0
-2.8005363e-06	-5.5688715e-06	0.0
-2.5491513e-06	-4.5870524e-06	0.0
-4.1708695e-06	-5.8136193e-06	0.0
-3.1550007e-06	-5.5720138e-06	0.0
-3.0183276e-06	-4.8715233e-06	0.0
-3.2440173e-06	-5.8202886e-06	0.0
-3.6022709e-06	-6.25446e-06	0.0
-2.9007347e-06	-5.973543e-06	0.0
-4.0362461e-06	-6.6686794e-06	0.0
-4.4086255e-06	-6.247496e-06	0.0
-3.4842581e-06	-7.7680115e-06	0.0
-3.2512532e-06	-6.4132851e-06	0.0
-2.4392823e-06	-6.9478774e-06	0.0
-2.9928083e-06	-6.6793932e-06	0.0
-4.040814e-06	-7.4994464e-06	0.0
-3.9321221e-06	-7.1141685e-06	0.0
-4.043688e-06	-6.5411418e-06	0.0
-3.9285678e-06	-8.189234e-06	0.0
-3.8177027e-06	-7.7989916e-06	0.0
-3.2332284e-06	-7.9314586e-06	0.0
-3.5782605e-06	-8.0603377e-06	0.0
-3.2257253e-06	-9.304219e-06	0.0
-4.145093e-06	-8.7672506e-06	0.0
-3.700304e-06	-9.306661e-06	0.0
-3.3349941e-06	-9.3248918e-06	0.0
-4.1438338e-06	-8.7738981e-06	0.0
-3.6923107e-06	-9.1794036e-06	0.0
-3.6751676e-06	-9.5958894e-06	0.0
-4.1522112e-06	-1.0008893e-05	0.0
-3.3218012e-06	-1.0161059e-05	0.0
-5.5174905e-06	-9.3402859e-06	0.0
-3.8204839e-06	-9.4735124e-06	0.0
-3.3146541e-06	-9.6046879e-06	0.0
-5.0502031e-06	-1.0842041e-05	0.0
-4.4931585e-06	-1.0590348e-05	0.0
-4.1341123e-06	-1.0165581e-05	0.0
-4.3585451e-06	-1.1393199e-05	0.0
-4.709218e-06	-1.1695884e-05	0.0
-4.3641812e-06	-1.085758e-05	0.0
-4.3600007e-06	-1.2374699e-05	0.0
-4.1322955e-06	-1.0884944e-05	0.0
-4.0048126e-06	-1.1404793e-05	0.0
-4.590574e-06	-1.2653492e-05	0.0
-3.7754892e-06	-1.2525737e-05	0.0
-5.0336571e-06	-1.2535357e-05	0.0
-4.935484e-06	-1.1839023e-05	0.0
-4.6944638e-06	-1.3476623e-05	0.0
-4.928721e-06	-1.4168356e-05	0.0
-4.4632366e-06	-1.5152564e-05	0.0
-4.8099732e-06	-1.3502134e-05	0.0
-4.3414216e-06	-1.5271888e-05	0.0
-5.375407e-06	-1.5017775e-05	0.0
-5.1526149e-06	-1.5428743e-05	0.0
-5.2662131e-06	-1.4887863e-05	0.0
-4.4699905e-06	-1.5419622e-05	0.0
-3.6437766e-06	-1.6532249e-05	0.0
-4.336317e-06	-1.5860453e-05	0.0
-3.5372034e-06	-1.584852e-05	0.0
-3.6323049e-06	-1.6534912e-05	0.0
-4.6687701e-06	-1.6956368e-05	0.0
-5.2501832e-06	-1.6559423e-05	0.0
-5.3745471e-06	-1.5994838e-05	0.0
-4.7895205e-06	-1.7239754e-05	0.0
-5.254788e-06	-1.6281598e-05	0.0
-4.3281411e-06	-1.8046811e-05	0.0
-5.1270849e-06	-1.8756087e-05	0.0
-4.6789937e-06	-1.8889208e-05	0.0
-4.3210407e-06	-1.9583757e-05	0.0
-4.5527358e-06	-1.9175757e-05	0.0
-4.6514333e-06	-1.9724852e-05	0.0
-6.0530006e-06	-1.9191417e-05	0.0
-4.105862e-06	-1.8904573e-05	0.0
-4.2970128e-06	-1.9863115e-05	0.0
-5.9190716e-06	-2.0282469e-05	0.0
-5.5979494e-06	-2.0831167e-05	0.0
-4.6539562e-06	-2.1513777e-05	0.0
-5.6927483e-06	-2.2486824e-05	0.0
-4.8907791e-06	-2.2212898e-05	0.0
-5.4543289e-06	-2.3044075e-05	0.0
-5.3529825e-06	-2.2222343e-05	0.0
-4.8788843e-06	-2.3447776e-05	0.0
-5.458523e-06	-2.3596733e-05	0.0
-5.1012394e-06	-2.4413561e-05	0.0
-6.6022176e-06	-2.4974403e-05	0.0
-5.9208e-06	-2.4977466e-05	0.0
-6.2583931e-06	-2.5650788e-05	0.0
-6.1363285e-06	-2.7033428e-05	0.0
-7.1770119e-06	-2.6774884e-05	0.0
-6.2726699e-06	-2.6901493e-05	0.0
-5.7815664e-06	-2.7727718e-05	0.0
-6.9519119e-06	-2.8141052e-05	0.0
-5.1100365e-06	-2.8968467e-05	0.0
-6.2240651e-06	-2.9110483e-05	0.0
-7.4146233e-06	-2.9794051e-05	0.0
-5.2273554e-06	-3.0214627e-05	0.0
-5.4275906e-06	-3.0485757e-05	0.0
-6.2378635e-06	-3.1182193e-05	0.0
-6.5923095e-06	-3.0902651e-05	0.0
-6.0193056e-06	-3.2675875e-05	0.0
-5.6649951e-06	-3.365002e-05	0.0
-5.6656331e-06	-3.4076049e-05	0.0
-5.5398305e-06	-3.3654851e-05	0.0
-6.5775776e-06	-3.5435056e-05	0.0
-6.5782738e-06	-3.5321162e-05	0.0
-7.3843748e-06	-3.5572732e-05	0.0
-7.1588088e-06	-3.7906291e-05	0.0
-7.1587183e-06	-3.8205962e-05	0.0
-6.4682522e-06	-3.8062652e-05	0.0
-6.3412513e-06	-3.9017177e-05	0.0
-6.5784461e-06	-3.9984458e-05	0.0
-5.65858e-06	-4.0537143e-05	0.0
-5.4153033e-06	-4.1356448e-05	0.0
-5.9832023e-06	-4.2593976e-05	0.0
-7.0229462e-06	-4.3687898e-05	0.0
-7.0370638e-06	-4.5345259e-05	0.0
-6.1086544e-06	-4.5216162e-05	0.0
-6.220067e-06	-4.590462e-05	0.0
-5.75698e-06	-4.5631103e-05	0.0
-5.9863951e-06	-4.6861045e-05	0.0
-5.6353051e-06	-4.7416223e-05	0.0
-6.6634266e-06	-4.8510425e-05	0.0
-7.5872722e-06	-4.9743452e-05	0.0
-8.2899896e-06	-5.1394654e-05	0.0
-7.1472814e-06	-5.2221203e-05	0.0
-6.4334986e-06	-5.3461914e-05	0.0
-7.3612928e-06	-5.3338157e-05	0.0
-6.5507206e-06	-5.3598375e-05	0.0
-7.6975848e-06	-5.5518463e-05	0.0
-7.2480593e-06	-5.6483204e-05	0.0
-7.0092019e-06	-5.8264388e-05	0.0
-6.8957393e-06	-5.9371294e-05	0.0
-6.769219e-06	-6.0465474e-05	0.0
-7.8087287e-06	-6.1977982e-05	0.0
-7.243927e-06	-6.2808584e-05	0.0
-6.769782e-06	-6.3896994e-05	0.0
-7.0064484e-06	-6.5691398e-05	0.0
-6.0776856e-06	-6.623198e-05	0.0
-6.9894963e-06	-6.8848509e-05	0.0
-7.2281018e-06	-6.8308393e-05	0.0
-7.2279522e-06	-7.0354901e-05	0.0
-7.2195762e-06	-7.118169e-05	0.0
-8.1401786e-06	-7.337956e-05	0.0
-8.1501248e-06	-7.3530071e-05	0.0
-7.4628542e-06	-7.5285046e-05	0.0
-6.7538081e-06	-7.8057215e-05	0.0
-7.9044694e-06	-7.7236051e-05	0.0
-8.0162217e-06	-8.0094658e-05	0.0
-9.292653e-06	-8.1758066e-05	0.0
-7.8078874e-06	-8.3405714e-05	0.0
-6.9863158e-06	-8.4242281e-05	0.0
-7.0853657e-06	-8.5048188e-05	0.0
-8.5888814e-06	-8.8202243e-05	0.0
-8.0261489e-06	-8.9450514e-05	0.0
-7.778759e-06	-9.1498259e-05	0.0
-8.4783396e-06	-9.3701005e-05	0.0
-7.7783307e-06	-9.5479561e-05	0.0
-8.8232691e-06	-9.8094082e-05	0.0
-7.0952133e-06	-9.9056233e-05	0.0
-7.8850026e-06	-0.00010165802	0.0
-8.1193893e-06	-0.00010357449	0.0
-8.8111537e-06	-0.00010687633	0.0
-8.808408e-06	-0.00010756768	0.0
-9.5048608e-06	-0.00011044089	0.0
-8.4738567e-06	-0.0001122231	0.0
-8.227983e-06	-0.00011578948	0.0
-8.8032848e-06	-0.0001170465	0.0
-9.2588107e-06	-0.00011853581	0.0
-1.0078519e-05	-0.00012276991	0.0
-8.9196765e-06	-0.00012650431	0.0
-1.0064283e-05	-0.00012678721	0.0
-9.7279417e-06	-0.00012963911	0.0
-9.8359824e-06	-0.00013375889	0.0
-9.5010737e-06	-0.0001367886	0.0
-8.3359309e-06	-0.00013925675	0.0
-9.4748611e-06	-0.00014240651	0.0
-1.0179555e-05	-0.00014583653	0.0
-9.7196407e-06	-0.00014899734	0.0
-9.3749795e-06	-0.00015187284	0.0
-8.7853232e-06	-0.00015584733	0.0
-9.9400959e-06	-0.00015955009	0.0
-9.3637072e-06	-0.00016367018	0.0
-1.0395036e-05	-0.00016655527	0.0
-1.0062316e-05	-0.00017025291	0.0
-9.2491591e-06	-0.00017409294	0.0
-9.3525077e-06	-0.0001784815	0.0
-1.0277199e-05	-0.00018246392	0.0
-1.0052679e-05	-0.00018630292	0.0
-9.9290037e-06	-0.00019068549	0.0
-1.0392261e-05	-0.00019549479	0.0
-1.0044992e-05	-0.00019905824	0.0
-1.0501552e-05	-0.00020453501	0.0
-1.0618897e-05	-0.00020988008	0.0
-1.0731945e-05	-0.00021619404	0.0
-1.0734109e-05	-0.00022045703	0.0
-1.0384383e-05	-0.00022511152	0.0
-1.0839333e-05	-0.00023045743	0.0
-1.1416655e-05	-0.00023621498	0.0
-1.1537388e-05	-0.00024238201	0.0
-1.0844877e-05	-0.0002485647	0.0
-1.0722166e-05	-0.00025322259	0.0
-1.1291202e-05	-0.00026074648	0.0
-1.2108974e-05	-0.00026803461	0.0
-1.1067098e-05	-0.00027296756	0.0
-1.1758017e-05	-0.00028036069	0.0
-1.1170721e-05	-0.00028708292	0.0
-1.3362473e-05	-0.00029475719	0.0
-1.2001963e-05	-0.00030216112	0.0
-1.071375e-05	-0.00031011138	0.0
-1.1398019e-05	-0.00031805949	0.0
-1.1746905e-05	-0.00032683773	0.0
-1.2316342e-05	-0.00033478724	0.0
-1.3019741e-05	-0.00034437753	0.0
-1.2089227e-05	-0.00035316232	0.0
-1.324232e-05	-0.00036192453	0.0
-1.1984063e-05	-0.00037220761	0.0
-1.218807e-05	-0.00038165806	0.0
-1.4038854e-05	-0.00039304286	0.0
-1.3708323e-05	-0.00040195498	0.0
-1.3347279e-05	-0.00041427108	0.0
-1.4272022e-05	-0.00042621099	0.0
-1.3813571e-05	-0.00043772819	0.0
-1.4153956e-05	-0.00044992074	0.0
-1.3928753e-05	-0.00046309194	0.0
-1.3688596e-05	-0.00047446977	0.0
-1.4492815e-05	-0.00048842712	0.0
-1.4389576e-05	-0.0005032476	0.0
-1.3235535e-05	-0.00051640108	0.0
-1.2875879e-05	-0.00053256634	0.0
-1.3676415e-05	-0.00054751994	0.0
-1.4374512e-05	-0.00056286581	0.0
-1.426062e-05	-0.00057917001	0.0
-1.4933738e-05	-0.00059671147	0.0
-1.679424e-05	-0.00061453745	0.0
-1.5756747e-05	-0.00063235284	0.0
-1.6792023e-05	-0.00065139227	0.0
-1.5532189e-05	-0.00067113963	0.0
-1.5743706e-05	-0.00069031137	0.0
-1.6327442e-05	-0.00071318168	0.0
-1.6317965e-05	-0.00073566526	0.0
-1.7702465e-05	-0.00075884192	0.0
-1.7704817e-05	-0.00078104285	0.0
-1.8960944e-05	-0.00080556801	0.0
-1.9898498e-05	-0.00082967943	0.0
-1.9100034e-05	-0.0008570677	0.0
-1.8845067e-05	-0.00088516559	0.0
-2.0577714e-05	-0.00091408822	0.0
-2.0243297e-05	-0.00094286876	0.0
-2.0352643e-05	-0.00097354921	0.0
-2.0457794e-05	-0.0010060314	0.0
-2.1618638e-05	-0.0010389216	0.0
-2.1037173e-05	-0.0010738499	0.0
-2.2418628e-05	-0.0011100409	0.0
-2.2073707e-05	-0.0011467555	0.0
-2.3338122e-05	-0.0011870376	0.0
-2.3560184e-05	-0.0012273313	0.0
-2.5644014e-05	-0.0012696647	0.0
-2.4841926e-05	-0.0013136663	0.0
-2.6325442e-05	-0.001358757	0.0
-2.7136011e-05	-0.0014069936	0.0
-2.8299042e-05	-0.0014566085	0.0
-2.7492601e-05	-0.0015082638	0.0
-2.8849898e-05	-0.0015633595	0.0
-3.1167103e-05	-0.0016198176	0.0
-3.1861284e-05	-0.001679152	0.0
-3.2913638e-05	-0.0017415191	0.0
-3.16351e-05	-0.001804405	0.0
-3.3586672e-05	-0.0018725052	0.0
-3.3478798e-05	-0.0019417229	0.0
-3.5415003e-05	-0.0020157138	0.0
-3.8080012e-05	-0.0020936846	0.0
-3.8780563e-05	-0.0021738599	0.0
-4.0037583e-05	-0.0022574509	0.0
-4.1886393e-05	-0.0023456889	0.0
-4.3037162e-05	-0.002436948	0.0
-4.4997389e-05	-0.0025326936	0.0
-4.6376164e-05	-0.0026354843	0.0
-4.9365884e-05	-0.0027392048	0.0
-5.1686482e-05	-0.0028502981	0.0
-5.2955384e-05	-0.0029668894	0.0
-5.5019038e-05	-0.0030881509	0.0
-5.8016471e-05	-0.0032154939	0.0
-6.0786744e-05	-0.0033485114	0.0
-6.3441446e-05	-0.0034888186	0.0
-6.5862667e-05	-0.0036350098	0.0
-6.8852343e-05	-0.0037888754	0.0
-7.2545627e-05	-0.0039508357	0.0
-7.5769945e-05	-0.0041207005	0.0
-8.037487e-05	-0.004297609	0.0
-8.4768166e-05	-0.0044820374	0.0
-8.8235669e-05	-0.0046796068	0.0
-9.2469221e-05	-0.0048854859	0.0
-0.00010008771	-0.0051005501	0.0
-0.00010459378	-0.0053285384	0.0
-0.00011184225	-0.0055658617	0.0
-0.00011786955	-0.0058156247	0.0
-0.00012302824	-0.0060774912	0.0
-0.0001325896	-0.0063528814	0.0
-0.00014010788	-0.0066421297	0.0
-0.00014850663	-0.0069445968	0.0
-0.00015853623	-0.0072627333	0.0
-0.00016835575	-0.0075960644	0.0
-0.00017779501	-0.0079461941	0.0
-0.00019092366	-0.0083115157	0.0
-0.00020395854	-0.0086953687	0.0
-0.00021792426	-0.009097469	0.0
-0.00023105997	-0.0095199822	0.0
-0.00024801225	-0.0099584553	0.0
-0.00026381246	-0.010417254	0.0
-0.00028282494	-0.010896686	0.0
-0.00030265781	-0.011398675	0.0
-0.00032479712	-0.011921406	0.0
-0.00034787026	-0.012464223	0.0
-0.00037219955	-0.013031153	0.0
-0.00039791822	-0.013620215	0.0
-0.00042535143	-0.014235108	0.0
-0.00045544942	-0.014871665	0.0
-0.00048590088	-0.015532428	0.0
-0.00051774184	-0.016219037	0.0
-0.00055060367	-0.01692952	0.0
-0.00058601779	-0.017664727	0.0
-0.00062006578	-0.018422918	0.0
-0.00065432978	-0.019204011	0.0
-0.00068644056	-0.020005303	0.0
-0.00071701966	-0.020820968	0.0
-0.00074638496	-0.021642869	0.0
-0.0007682399	-0.022466263	0.0
-0.00078801333	-0.023270037	0.0
-0.00079997873	-0.024038566	0.0
-0.00080615352	-0.024747975	0.0
-0.00080530706	-0.025367456	0.0
-0.00079695776	-0.025853645	0.0
-0.00078144501	-0.026157064	0.0
-0.00075946405	-0.026214823	0.0
-0.0007303622	-0.025946153	0.0
-0.00069243321	-0.025250182	0.0
-0.00065334712	-0.024006434	0.0
-0.00060768635	-0.022055363	0.0
-0.00056096446	-0.0192167	0.0
-0.00051137147	-0.015243605	0.0
-0.00046220105	-0.0098689916	0.0
-0.00041498849	-0.0027690874	0.0
-0.00036823165	0.0064170533	0.0
-0.00032489048	0.017997416	0.0
-0.00028511763	0.032313209	0.0
-0.00024498467	0.049559608	0.0
-0.00020371393	0.069818445	0.0
-0.00016263247	0.092882849	0.0
-0.00011129824	0.1183528	0.0
-5.5546112e-05	0.14565289	0.0
1.1363572e-05	0.17399447	0.0
8.9042034e-05	0.20257534	0.0
0.00017635607	0.2306762	0.0
0.00027995158	0.25753337	0.0
0.00038992584	0.28259635	0.0
0.00051835796	0.30507228	0.0
0.00066157657	0.32442525	0.0
0.00081437052	0.33994824	0.0
0.00099447707	0.35089108	0.0
0.0011741655	0.35660008	0.0
0.001371694	0.35650793	0.0
0.001567867	0.35027128	0.0
0.0017579293	0.3377226	0.0
0.0019351195	0.31890717	0.0
0.0020889768	0.29405209	0.0
0.0022170285	0.26343387	0.0
0.002304055	0.2274012	0.0
0.0023486689	0.18636176	0.0
0.0023452665	0.14068058	0.0
0.0022894014	0.091048226	0.0
0.0021822888	0.037826177	0.0
0.0020233134	-0.017982239	0.0
0.0018199801	-0.075661652	0.0
0.0015809556	-0.1343476	0.0
0.0013119039	-0.19284007	0.0
0.0010262737	-0.25034177	0.0
0.00073371956	-0.30586445	0.0
0.00043638982	-0.35861444	0.0
0.00014862811	-0.40798804	0.0
-0.0001352244	-0.45334041	0.0
-0.00039864136	-0.49425551	0.0
-0.0006494713	-0.53026003	0.0
-0.00088410458	-0.56094819	0.0
-0.0010955726	-0.5861001	0.0
-0.0012982084	-0.60537165	0.0
-0.0014728296	-0.61860585	0.0
-0.0016415758	-0.62554991	0.0
-0.0017911737	-0.6260044	0.0
-0.0019262929	-0.61973411	0.0
-0.0020498687	-0.6065014	0.0
-0.0021573605	-0.58608097	0.0
-0.002256267	-0.55830997	0.0
-0.0023296298	-0.52322799	0.0
-0.0023973631	-0.48094341	0.0
-0.0024445744	-0.43185979	0.0
-0.0024675315	-0.37661651	0.0
-0.0024786708	-0.31603891	0.0
-0.0024647329	-0.25106928	0.0
-0.0024405192	-0.1827032	0.0
-0.0023957638	-0.11185973	0.0
-0.0023360348	-0.03952042	0.0
-0.0022592554	0.033561181	0.0
-0.0021669217	0.10686614	0.0
-0.0020536997	0.17925496	0.0
-0.0019171064	0.25011462	0.0
-0.0017614955	0.31853822	0.0
-0.0015739945	0.38356319	0.0
-0.0013670583	0.44423506	0.0
-0.0011327484	0.49951041	0.0
-0.00087816484	0.54873729	0.0
-0.00061248062	0.59117872	0.0
-0.00033742806	0.62634069	0.0
-5.6337885e-05	0.65404457	0.0
0.00021966819	0.67410243	0.0
0.00049366226	0.68659186	0.0
0.00076426705	0.6915099	0.0
0.0010261952	0.68887168	0.0
0.0012788811	0.67863727	0.0
0.0015226303	0.66082019	0.0
0.0017572591	0.63530087	0.0
0.0019724846	0.60215592	0.0
0.0021656193	0.56146729	0.0
0.0023345959	0.51369965	0.0
0.0024670181	0.45927122	0.0
0.0025695157	0.39900234	0.0
0.0026345272	0.33385298	0.0
0.0026601332	0.26474825	0.0
0.0026530102	0.19268949	0.0
0.0026088976	0.11858157	0.0
0.0025329103	0.04358048	0.0
0.0024254054	-0.031784479	0.0
0.0022918992	-0.10660835	0.0
0.0021325133	-0.18040843	0.0
0.0019534023	-0.25199905	0.0
0.0017544157	-0.320559	0.0
0.0015455505	-0.38515872	0.0
0.0013197672	-0.44479147	0.0
0.0010969153	-0.49856532	0.0
0.0008674672	-0.54572511	0.0
0.00064625579	-0.58573443	0.0
0.00043398442	-0.61825478	0.0
0.00022436486	-0.6431399	0.0
4.8748308e-05	-0.66035867	0.0
-0.00013744917	-0.66990578	0.0
-0.00029468481	-0.67186689	0.0
-0.00045211008	-0.6662395	0.0
-0.00060019491	-0.65298277	0.0
-0.00072261674	-0.6320371	0.0
-0.0008639564	-0.60344088	0.0
-0.0009689767	-0.56717116	0.0
-0.0010864118	-0.52362049	0.0
-0.0011857733	-0.47310531	0.0
-0.0012736776	-0.41630009	0.0
-0.0013666374	-0.35419554	0.0
-0.0014376607	-0.28754526	0.0
-0.0015152383	-0.21752781	0.0
-0.001582959	-0.1450119	0.0
-0.0016474957	-0.071110688	0.0
-0.0017066139	0.0035232096	0.0
-0.001752949	0.078104012	0.0
-0.0017870766	0.15196829	0.0
-0.001800856	0.2241628	0.0
-0.0017852292	0.29386857	0.0
-0.0017359653	0.36021271	0.0
-0.0016501358	0.42197186	0.0
-0.0015204046	0.47841635	0.0
-0.0013634788	0.52867925	0.0
-0.0011627872	0.5720371	0.0
-0.00094317982	0.60812837	0.0
-0.00071480067	0.63661724	0.0
-0.00046130747	0.65750265	0.0
-0.00023155395	0.67070615	0.0
1.8144277e-05	0.67630577	0.0
0.00024489447	0.67433256	0.0
0.0004634767	0.66475046	0.0
0.00067480706	0.64751494	0.0
0.00085650809	0.6225884	0.0
0.0010327465	0.58997738	0.0
0.0011707544	0.54980588	0.0
0.0012854851	0.50244683	0.0
0.001366538	0.44859606	0.0
0.0014113062	0.38882124	0.0
0.0014285416	0.32413125	0.0
0.0014143884	0.25538734	0.0
0.0013777289	0.1838489	0.0
0.0013263624	0.11020458	0.0
0.001265782	0.035537206	0.0
0.0012030052	-0.039501928	0.0
0.0011445917	-0.11415577	0.0
0.0010907456	-0.18769073	0.0
0.0010467902	-0.25914538	0.0
0.0010122753	-0.32762057	0.0
0.00098086207	-0.39206618	0.0
0.00094890728	-0.45151162	0.0
0.00091633154	-0.50504005	0.0
0.00087305158	-0.55199635	0.0
0.00082301511	-0.59170681	0.0
0.00075771072	-0.62393421	0.0
0.00068032643	-0.64854234	0.0
0.00059023465	-0.66544849	0.0
0.00048335589	-0.67471641	0.0
0.0003714312	-0.67636836	0.0
0.00023940695	-0.67041045	0.0
0.00010898893	-0.65677762	0.0
-4.1607047e-05	-0.63548326	0.0
-0.00018004424	-0.60646868	0.0
-0.00031655424	-0.56984073	0.0
-0.0004367526	-0.52584726	0.0
-0.00052772171	-0.47485232	0.0
-0.00059059239	-0.41777954	0.0
-0.00060557359	-0.3552385	0.0
-0.00058069394	-0.28824636	0.0
-0.00050465902	-0.21776533	0.0
-0.00038683412	-0.14493705	0.0
-0.00022699351	-0.070545845	0.0
-2.7706128e-05	0.0046277037	0.0
0.00020573824	0.079528853	0.0
0.00046911658	0.15373239	0.0
0.00075831881	0.22638264	0.0
0.001068074	0.29640698	0.0
0.0013951411	0.36290306	0.0
0.0017289389	0.42493442	0.0
0.0020599549	0.48156187	0.0
0.0023803466	0.53178877	0.0
0.0026719365	0.57506484	0.0
0.0029382603	0.61105692	0.0
0.0031606371	0.63940656	0.0
0.0033469931	0.66011274	0.0
0.0034863232	0.67315894	0.0
0.0035856557	0.67857337	0.0
0.0036456094	0.67639768	0.0
0.0036607017	0.66662008	0.0
0.0036533305	0.64910471	0.0
0.0035999473	0.62406671	0.0
0.0035266695	0.59127879	0.0
0.0034139398	0.55097491	0.0
0.0032732221	0.50338817	0.0
0.0031117059	0.4492529	0.0
0.0029161321	0.38960761	0.0
0.0027074376	0.3246136	0.0
0.0024725241	0.25584427	0.0
0.0022297783	0.18413575	0.0
0.0019741082	0.11043363	0.0
0.0017070527	0.035654277	0.0
0.0014374724	-0.039381292	0.0
0.001161692	-0.1141514	0.0
0.00088152051	-0.18773973	0.0
0.00059854559	-0.25927123	0.0
0.0003137216	-0.32775557	0.0
2.3849467e-05	-0.39236075	0.0
-0.0002579836	-0.45207477	0.0
-0.00054443069	-0.50580686	0.0
-0.00081230234	-0.55302703	0.0
-0.0010719921	-0.59301549	0.0
-0.0013179161	-0.62551683	0.0
-0.0015364339	-0.65032208	0.0
-0.0017454971	-0.66742408	0.0
-0.0019301968	-0.67684573	0.0
-0.0020997827	-0.67859191	0.0
-0.0022585401	-0.67269433	0.0
-0.002388295	-0.65907943	0.0
-0.0025171817	-0.63775158	0.0
-0.0026150399	-0.6086238	0.0
-0.0026986522	-0.57186294	0.0
-0.0027506596	-0.52767444	0.0
-0.0027731175	-0.4765754	0.0
-0.0027644411	-0.41919807	0.0
-0.0027176442	-0.35648325	0.0
-0.0026429275	-0.28926393	0.0
-0.0025356964	-0.21880221	0.0
-0.0024035105	-0.14583524	0.0
-0.0022496688	-0.071433827	0.0
-0.0020768314	0.0036054451	0.0
-0.0018917547	0.07857243	0.0
-0.0016945431	0.15275556	0.0
-0.001486037	0.22530532	0.0
-0.0012700026	0.29529983	0.0
-0.0010480338	0.36186704	0.0
-0.00081721303	0.42378083	0.0
-0.00059057173	0.48026061	0.0
-0.00035820727	0.53051025	0.0
-0.00013716846	0.57381821	0.0
7.5747084e-05	0.60979283	0.0
0.00028094431	0.63819623	0.0
0.0004626672	0.65894091	0.0
0.00064049626	0.67202157	0.0
0.00079672143	0.6775015	0.0
0.00094602385	0.67537707	0.0
0.0010777677	0.66564971	0.0
0.001206083	0.64826542	0.0
0.0013080827	0.62317669	0.0
0.0014008253	0.59044641	0.0
0.0014697748	0.55013478	0.0
0.0015046819	0.50282049	0.0
0.0015227094	0.44890729	0.0
0.0014911246	0.38910913	0.0
0.0014394146	0.32445094	0.0
0.0013528398	0.25580177	0.0
0.0012358555	0.18424076	0.0
0.0011020204	0.11073937	0.0
0.00094525376	0.036049411	0.0
0.00077564939	-0.039000209	0.0
0.00059225986	-0.11355753	0.0
0.00039710529	-0.18690194	0.0
0.00018481846	-0.25837696	0.0
-3.3125303e-05	-0.32698181	0.0
-0.00027595245	-0.3914057	0.0
-0.00052421412	-0.45107648	0.0
-0.00078590703	-0.50486165	0.0
-0.0010535243	-0.55209953	0.0
-0.0013093984	-0.59220344	0.0
-0.0015726129	-0.62480742	0.0
-0.0018080804	-0.64980412	0.0
-0.0020432393	-0.66712254	0.0
-0.0022505033	-0.67674959	0.0
-0.0024395548	-0.67876357	0.0
-0.0026184793	-0.67315423	0.0
-0.0027497495	-0.65990317	0.0
-0.0028844462	-0.63892752	0.0
-0.0029628398	-0.61022037	0.0
-0.0030279153	-0.5738883	0.0
-0.0030464069	-0.53002989	0.0
-0.0030266813	-0.47936514	0.0
-0.0029699178	-0.42233205	0.0
-0.0028701969	-0.35979667	0.0
-0.002741043	-0.29275075	0.0
-0.0025799004	-0.22229852	0.0
-0.0024005582	-0.14934553	0.0
-0.0022031672	-0.074792251	0.0
-0.0019941635	0.00043052941	0.0
-0.0017836775	0.075787202	0.0
-0.0015674571	0.15014999	0.0
-0.0013516872	0.22288351	0.0
-0.0011354727	0.29320905	0.0
-0.00092213618	0.36000621	0.0
-0.00071092759	0.42236876	0.0
-0.0005070793	0.47918513	0.0
-0.00030760895	0.52973819	0.0
-0.00012132628	0.57335174	0.0
5.4140968e-05	0.60960776	0.0
0.00021901898	0.63824558	0.0
0.00036029087	0.65920591	0.0
0.00050147052	0.67243725	0.0
0.00062080822	0.67805088	0.0
0.00073846878	0.67606312	0.0
0.00084520964	0.66647553	0.0
0.00094314315	0.64922255	0.0
0.0010431715	0.62427735	0.0
0.0011357605	0.59168422	0.0
0.0012207187	0.551566	0.0
0.0012998398	0.50429976	0.0
0.0013686242	0.45041138	0.0
0.0014256854	0.39060414	0.0
0.0014747634	0.32604599	0.0
0.0015055052	0.25741088	0.0
0.001526664	0.18591726	0.0
0.0015350848	0.11240261	0.0
0.0015275652	0.037722781	0.0
0.0015036726	-0.037204929	0.0
0.0014613594	-0.11194001	0.0
0.0013944884	-0.18526085	0.0
0.0012971605	-0.25668526	0.0
0.0011665677	-0.3252762	0.0
0.00098992884	-0.3897672	0.0
0.00076861313	-0.44935536	0.0
0.00050075306	-0.50317782	0.0
0.00019059866	-0.55043125	0.0
-0.00014895077	-0.59054053	0.0
-0.00052117254	-0.62316346	0.0
-0.00090037729	-0.64815897	0.0
-0.0012825431	-0.6654712	0.0
-0.0016648972	-0.67515993	0.0
-0.002028673	-0.67719966	0.0
-0.0023819315	-0.67160302	0.0
-0.002712012	-0.6584146	0.0
-0.0030018827	-0.6374408	0.0
-0.0032731274	-0.60876656	0.0
-0.0034865437	-0.57250923	0.0
-0.0036581059	-0.52882087	0.0
-0.0037697931	-0.47818691	0.0
-0.0038274229	-0.42130384	0.0
-0.0038314625	-0.35889268	0.0
-0.0037789624	-0.29235014	0.0
-0.0036908532	-0.22218777	0.0
-0.0035508031	-0.14954586	0.0
-0.0033848893	-0.075356357	0.0
-0.0031839896	-0.00051581458	0.0
-0.0029561422	0.074293844	0.0
-0.0026995337	0.14824705	0.0
-0.002416776	0.22070941	0.0
-0.0021025129	0.29074931	0.0
-0.0017623901	0.35725021	0.0
-0.0014008423	0.4192884	0.0
-0.0010222491	0.47593299	0.0
-0.00063747162	0.52636701	0.0
-0.00025604706	0.56991696	0.0
0.00010621487	0.60614389	0.0
0.00045056583	0.63481128	0.0
0.00075668719	0.65583497	0.0
0.0010338998	0.66922349	0.0
0.001271514	0.67497951	0.0
0.0014730071	0.6731618	0.0
0.001647113	0.66371125	0.0
0.0017800757	0.64664477	0.0
0.0018929718	0.62188351	0.0
0.001976463	0.58946002	0.0
0.0020347557	0.54948395	0.0
0.0020784589	0.50240058	0.0
0.0021010197	0.44866949	0.0
0.0021212357	0.38903919	0.0
0.0021276509	0.32455093	0.0
0.0021406275	0.25603351	0.0
0.0021509901	0.18452778	0.0
0.0021692198	0.11090103	0.0
0.0021861806	0.036318686	0.0
0.0022050098	-0.03866161	0.0
0.0022162693	-0.11321479	0.0
0.0022131053	-0.18663938	0.0
0.0021879447	-0.25802827	0.0
0.0021328363	-0.32642722	0.0
0.002040802	-0.39079976	0.0
0.0019109896	-0.45020789	0.0
0.001736453	-0.50374258	0.0
0.0015330351	-0.55071265	0.0
0.0013020097	-0.59053683	0.0
0.0010467086	-0.62283516	0.0
0.00079062756	-0.64751071	0.0
0.0005200415	-0.66448766	0.0
0.00025873992	-0.67380732	0.0
5.229238e-06	-0.67550123	0.0
-0.00025586432	-0.66957843	0.0
-0.00048513088	-0.65603089	0.0
-0.00072052429	-0.63480449	0.0
-0.00092840265	-0.60588139	0.0
-0.0011282692	-0.56938529	0.0
-0.0013020972	-0.52552468	0.0
-0.0014481692	-0.47477019	0.0
-0.0015738397	-0.41782665	0.0
-0.0016644822	-0.35540047	0.0
-0.0017258676	-0.28872108	0.0
-0.0017594721	-0.21854173	0.0
-0.0017640147	-0.14594126	0.0
-0.0017440348	-0.071837954	0.0
-0.001698187	0.0029510423	0.0
-0.0016339704	0.077652462	0.0
-0.0015505828	0.15161484	0.0
-0.0014495821	0.22406439	0.0
-0.0013309515	0.29403108	0.0
-0.0011999042	0.36054078	0.0
-0.0010481725	0.42259815	0.0
-0.00089371222	0.47930786	0.0
-0.00072296266	0.52977318	0.0
-0.00055192789	0.57345963	0.0
-0.00038374943	0.60965055	0.0
-0.00020316179	0.63830304	0.0
-4.7994785e-05	0.65931469	0.0
0.00012871413	0.67263341	0.0
0.00028149105	0.67834598	0.0
0.00043477534	0.67644143	0.0
0.00059784134	0.66688985	0.0
0.00073636265	0.64970583	0.0
0.00089487887	0.62480688	0.0
0.0010248866	0.59217805	0.0
0.001157174	0.55209523	0.0
0.0012727465	0.50479347	0.0
0.001359554	0.45090613	0.0
0.001435172	0.39114299	0.0
0.0014668853	0.32633665	0.0
0.001485433	0.25779659	0.0
0.001471055	0.18613328	0.0
0.0014286599	0.11253478	0.0
0.0013639899	0.03784341	0.0
0.0012746671	-0.037239939	0.0
0.0011653841	-0.11186862	0.0
0.0010339337	-0.18544082	0.0
0.000884037	-0.25702551	0.0
0.00071432098	-0.32556948	0.0
0.000531692	-0.39014766	0.0
0.00033336534	-0.44978049	0.0
0.00013186573	-0.50357956	0.0
-6.8135079e-05	-0.55082309	0.0
-0.00027306119	-0.59092611	0.0
-0.0004549459	-0.62348092	0.0
-0.00063549471	-0.64838064	0.0
-0.00080342015	-0.66565925	0.0
-0.00095287396	-0.67530048	0.0
-0.0011018246	-0.67732304	0.0
-0.0012287041	-0.67175639	0.0
-0.0013545231	-0.65854514	0.0
-0.0014664525	-0.63767892	0.0
-0.0015623663	-0.6091013	0.0
-0.0016498298	-0.57290238	0.0
-0.0017162862	-0.52933007	0.0
-0.0017591212	-0.47878847	0.0
-0.001790331	-0.42207205	0.0
-0.0017963568	-0.35984525	0.0
-0.0017837436	-0.29310662	0.0
-0.0017526925	-0.22288488	0.0
-0.0017056399	-0.15013473	0.0
-0.0016371683	-0.075833946	0.0
-0.0015532093	-0.00083533704	0.0
-0.0014505405	0.074223407	0.0
-0.0013311247	0.14852507	0.0
-0.0011908846	0.22128899	0.0
-0.0010305779	0.29154366	0.0
-0.00084669743	0.35834217	0.0
-0.00064143125	0.42072156	0.0
-0.00041137481	0.47769079	0.0
-0.00016639385	0.52874058	0.0
8.6923072e-05	0.5723803	0.0
0.00035587986	0.60889643	0.0
0.00061204494	0.63793612	0.0
0.00088155339	0.65905553	0.0
0.0011252221	0.67264366	0.0
0.0013686777	0.67850506	0.0
0.0015942707	0.67673492	0.0
0.0017976516	0.66731572	0.0
0.001988929	0.65019453	0.0
0.0021441192	0.62536603	0.0
0.0022866218	0.5928421	0.0
0.0023868589	0.5527336	0.0
0.0024617943	0.50541419	0.0
0.0024977971	0.45134595	0.0
0.0024992041	0.39155999	0.0
0.0024744105	0.32674754	0.0
0.0024141308	0.25793928	0.0
0.0023396632	0.18613079	0.0
0.0022384792	0.11231814	0.0
0.0021277391	0.037431125	0.0
0.00200803	-0.037808944	0.0
0.0018820952	-0.11262636	0.0
0.001754473	-0.18624523	0.0
0.0016316138	-0.25794497	0.0
0.0015068467	-0.32660764	0.0
0.0013859288	-0.39130667	0.0
0.0012740466	-0.45103598	0.0
0.0011585694	-0.50493085	0.0
0.0010641676	-0.55226231	0.0
0.00096004072	-0.59243101	0.0
0.00088805606	-0.62507254	0.0
0.00081344886	-0.65007085	0.0
0.00075641193	-0.66739744	0.0
0.00071907457	-0.67704099	0.0
0.00067573157	-0.67905647	0.0
0.00066780736	-0.67344606	0.0
0.00064561021	-0.66014212	0.0
0.00065050903	-0.63919997	0.0
0.00066487619	-0.61048687	0.0
0.00067629904	-0.57417494	0.0
0.0007179536	-0.53038347	0.0
0.00075461779	-0.47974172	0.0
0.00081538886	-0.42275199	0.0
0.00088097464	-0.36030662	0.0
0.00096115324	-0.29345793	0.0
0.001051701	-0.22312988	0.0
0.0011452644	-0.15038368	0.0
0.001253921	-0.076027393	0.0
0.0013640145	-0.0011722062	0.0
0.0014841359	0.073712125	0.0
0.0016072709	0.14773324	0.0
0.0017363061	0.22024213	0.0
0.0018611255	0.29022285	0.0
0.0019884037	0.35669747	0.0
0.0021011536	0.41880086	0.0
0.0022057975	0.47546008	0.0
0.002285979	0.52601528	0.0
0.0023389866	0.56951421	0.0
0.0023652327	0.60572749	0.0
0.0023475992	0.63441712	0.0
0.0023104707	0.65545756	0.0
0.0022264107	0.66886944	0.0
0.0021235461	0.67466152	0.0
0.0019928154	0.67287135	0.0
0.0018384941	0.66347295	0.0
0.0016832927	0.64639479	0.0
0.0015008098	0.62163931	0.0
0.0013296114	0.5891704	0.0
0.0011535584	0.54915875	0.0
0.0009817495	0.50198573	0.0
0.00082380144	0.4481169	0.0
0.00066310231	0.38856977	0.0
0.00052339374	0.32405743	0.0
0.0003840297	0.25556597	0.0
0.00025521329	0.18416227	0.0
0.00013097443	0.11078024	0.0
8.3713655e-07	0.036307707	0.0
-0.00012765173	-0.038297147	0.0
-0.0002687175	-0.11270063	0.0
-0.00042023399	-0.18581583	0.0
-0.00058656518	-0.25692677	0.0
-0.00076860772	-0.32511592	0.0
-0.00097052538	-0.38940573	0.0
-0.0011834791	-0.44870716	0.0
-0.0014073921	-0.50223631	0.0
-0.00162967	-0.54924637	0.0
-0.0018431394	-0.589122	0.0
-0.0020413338	-0.62156093	0.0
-0.002206557	-0.64638978	0.0
-0.0023543048	-0.66354585	0.0
-0.0024548892	-0.67309284	0.0
-0.0025260868	-0.67502308	0.0
-0.0025616144	-0.66936213	0.0
-0.0025546898	-0.65606469	0.0
-0.0025220211	-0.63508981	0.0
-0.0024406998	-0.60645998	0.0
-0.0023449296	-0.5701704	0.0
-0.002198613	-0.52663618	0.0
-0.0020449217	-0.4762097	0.0
-0.0018519197	-0.41945985	0.0
-0.0016459194	-0.35744327	0.0
-0.0014330663	-0.29091787	0.0
-0.0011930055	-0.22095288	0.0
-0.0009671697	-0.14848123	0.0
-0.00072681764	-0.074482575	0.0
-0.00049595331	0.00020103395	0.0
-0.00026842378	0.074844576	0.0
-4.9802216e-05	0.14892077	0.0
0.00015741205	0.22124545	0.0
0.00035015206	0.29121733	0.0
0.00053035276	0.35771123	0.0
0.00069582468	0.41985115	0.0
0.00083692308	0.47662625	0.0
0.00097452232	0.52718693	0.0
0.0010792875	0.57090366	0.0
0.001177179	0.60727918	0.0
0.001262694	0.63613844	0.0
0.0013178849	0.65737557	0.0
0.0013937526	0.67088193	0.0
0.0014316515	0.67682266	0.0
0.0014898711	0.67516279	0.0
0.0015299364	0.66591364	0.0
0.0015629499	0.64900309	0.0
0.0016000142	0.62439573	0.0
0.001613331	0.59206671	0.0
0.0016291306	0.55235505	0.0
0.0016019481	0.50534809	0.0
0.0015723758	0.45176852	0.0
0.001500511	0.39223921	0.0
0.0014007062	0.32745311	0.0
0.0012790996	0.25919908	0.0
0.0011263386	0.18758549	0.0
0.00095460797	0.11406735	0.0
0.00076281192	0.039361954	0.0
0.00055606599	-0.03572911	0.0
0.00033662454	-0.11047412	0.0
0.00011197796	-0.1841504	0.0
-0.00011883204	-0.2558009	0.0
-0.00035050392	-0.32468984	0.0
-0.00058925437	-0.38941771	0.0
-0.00082241109	-0.44924399	0.0
-0.0010509759	-0.50323278	0.0
-0.001276549	-0.55063808	0.0
-0.0014765387	-0.59095192	0.0
-0.0016812193	-0.6236611	0.0
-0.0018479961	-0.64875185	0.0
-0.0020140873	-0.66615689	0.0
-0.0021506746	-0.67587888	0.0
-0.0022681712	-0.67797381	0.0
-0.0023854116	-0.67243558	0.0
-0.0024589426	-0.65922791	0.0
-0.0025426438	-0.63836956	0.0
-0.0025888251	-0.60978144	0.0
-0.002630668	-0.57359517	0.0
-0.0026532991	-0.52997094	0.0
-0.0026452621	-0.47947571	0.0
-0.0026413784	-0.42271	0.0
-0.0025942812	-0.36043298	0.0
-0.002549696	-0.29378942	0.0
-0.0024755299	-0.22361457	0.0
-0.0023914045	-0.15099765	0.0
-0.0022931115	-0.076823659	0.0
-0.0021732682	-0.0017894409	0.0
-0.002041253	0.072889656	0.0
-0.0018882417	0.14698908	0.0
-0.001712043	0.21945271	0.0
-0.0015101857	0.28946614	0.0
-0.0012853782	0.35604244	0.0
-0.0010250546	0.41815719	0.0
-0.0007498854	0.47495452	0.0
-0.00044221737	0.52553749	0.0
-0.00013084638	0.56915545	0.0
0.0001887309	0.60551441	0.0
0.00051189214	0.63436472	0.0
0.00081288652	0.65555012	0.0
0.001107753	0.66911024	0.0
0.0013735933	0.67509258	0.0
0.0016137849	0.67351037	0.0
0.0018343809	0.6643672	0.0
0.0020139648	0.64760172	0.0
0.0021727469	0.62318933	0.0
0.0022753037	0.59107989	0.0
0.0023540964	0.55157727	0.0
0.0023789206	0.50484687	0.0
0.0023562023	0.4514955	0.0
0.0023017337	0.39215958	0.0
0.0021887072	0.32768649	0.0
0.0020628655	0.25943801	0.0
0.0018997442	0.18793233	0.0
0.0017229369	0.11451472	0.0
0.0015345321	0.039806161	0.0
0.0013396031	-0.035339825	0.0
0.0011456277	-0.11021039	0.0
0.0009498985	-0.18396132	0.0
0.00075955549	-0.25567582	0.0
0.00057379168	-0.32449093	0.0
0.00039524765	-0.38938084	0.0
0.00022333548	-0.44935617	0.0
6.1619074e-05	-0.50353789	0.0
-8.9392051e-05	-0.55111188	0.0
-0.00022725834	-0.59150678	0.0
-0.00035281797	-0.62442297	0.0
-0.00046448078	-0.64954758	0.0
-0.00056675798	-0.66699624	0.0
-0.00065361435	-0.67676729	0.0
-0.00074859464	-0.6788727	0.0
-0.00082547031	-0.67332661	0.0
-0.00091692863	-0.66011131	0.0
-0.00099442562	-0.63916987	0.0
-0.0010706008	-0.61048305	0.0
-0.0011584501	-0.57413471	0.0
-0.0012179299	-0.53049314	0.0
-0.0012846099	-0.47987247	0.0
-0.0013282141	-0.42293918	0.0
-0.0013486115	-0.36055222	0.0
-0.0013563937	-0.29368323	0.0
-0.0013265403	-0.22355369	0.0
-0.0012852977	-0.15073496	0.0
-0.0012134432	-0.076555334	0.0
-0.0011226422	-0.0015951052	0.0
-0.0010182054	0.073294595	0.0
-0.00090249535	0.14750102	0.0
-0.00078339077	0.22012314	0.0
-0.00066407886	0.29034421	0.0
-0.00055355125	0.3572329	0.0
-0.00044095941	0.41950187	0.0
-0.00035319902	0.47649974	0.0
-0.0002655189	0.52727008	0.0
-0.00020114964	0.57125485	0.0
-0.00014888051	0.60784358	0.0
-0.00010334258	0.63686872	0.0
-8.262926e-05	0.65823847	0.0
-5.4560394e-05	0.67193007	0.0
-4.8217942e-05	0.67798531	0.0
-4.018853e-05	0.67640394	0.0
-3.317049e-05	0.66721576	0.0
-4.2380685e-05	0.65031081	0.0
-3.3899039e-05	0.62572509	0.0
-4.1195013e-05	0.59340906	0.0
-4.1581407e-05	0.55355352	0.0
-4.3400767e-05	0.5065434	0.0
-5.4197546e-05	0.45279589	0.0
-5.5073739e-05	0.39329833	0.0
-7.605298e-05	0.32876608	0.0
-9.1970287e-05	0.26015162	0.0
-0.00012092754	0.1886525	0.0
-0.00015909523	0.11508729	0.0
-0.00020379298	0.040426672	0.0
-0.00025994211	-0.034744438	0.0
-0.00031944929	-0.10933596	0.0
-0.00038637294	-0.18286097	0.0
-0.00045012424	-0.25449982	0.0
-0.0005113997	-0.3229562	0.0
-0.00056729076	-0.38749671	0.0
-0.00061359047	-0.44715866	0.0
-0.00064740982	-0.50104171	0.0
-0.00067354366	-0.54829884	0.0
-0.00068260496	-0.58850497	0.0
-0.00068842713	-0.62125403	0.0
-0.00067785347	-0.64642471	0.0
-0.00066681771	-0.66395324	0.0
-0.00064771343	-0.67387623	0.0
-0.00062158535	-0.6762203	0.0
-0.00060379808	-0.67096931	0.0
-0.00057173561	-0.65813017	0.0
-0.00055055146	-0.63760304	0.0
-0.00052610575	-0.60936314	0.0
-0.00049666496	-0.57347596	0.0
-0.00047515941	-0.53001869	0.0
-0.00044673408	-0.47996509	0.0
-0.00041932741	-0.42339793	0.0
-0.00039257098	-0.36130863	0.0
-0.00036533253	-0.29445526	0.0
-0.00033814347	-0.22449316	0.0
-0.0003054509	-0.15175067	0.0
-0.00026947784	-0.077140316	0.0
-0.00021863927	-0.0022213028	0.0
-0.00015301516	0.072843872	0.0
-6.4810032e-05	0.1470304	0.0
4.8813017e-05	0.2197511	0.0
0.00019587728	0.289996	0.0
0.00037409674	0.35667509	0.0
0.00058137503	0.41891569	0.0
0.00082094292	0.47576866	0.0
0.0010716312	0.52642328	0.0
0.0013389934	0.57015049	0.0
0.0016057987	0.60654193	0.0
0.0018597957	0.63537312	0.0
0.0021110515	0.65651822	0.0
0.0023300655	0.67004591	0.0
0.0025354449	0.67596143	0.0
0.0027154176	0.67429483	0.0
0.0028700887	0.6650455	0.0
0.0029948631	0.64816576	0.0
0.0030913844	0.62357837	0.0
0.0031552836	0.59141099	0.0
0.0031815812	0.55170542	0.0
0.0031676702	0.50482702	0.0
0.0031135431	0.45128635	0.0
0.0030268687	0.39175281	0.0
0.0028984467	0.32740843	0.0
0.0027441098	0.25892547	0.0
0.00256407	0.18746372	0.0
0.0023578301	0.11396354	0.0
0.0021357229	0.039365631	0.0
0.0018959853	-0.035679169	0.0
0.0016399332	-0.11021086	0.0
0.0013652104	-0.1836897	0.0
0.0010744118	-0.25524783	0.0
0.00076647179	-0.32365277	0.0
0.00044815589	-0.38819847	0.0
0.00012222194	-0.44780523	0.0
-0.00019842241	-0.50162852	0.0
-0.00050320744	-0.54879266	0.0
-0.00079401257	-0.58886176	0.0
-0.0010488193	-0.6214571	0.0
-0.0012738536	-0.64641476	0.0
-0.0014591995	-0.66371793	0.0
-0.0016144132	-0.67339134	0.0
-0.0017372536	-0.67548108	0.0
-0.0018288617	-0.66996861	0.0
-0.0018932387	-0.65687495	0.0
-0.0019363981	-0.63609368	0.0
-0.0019528605	-0.60761744	0.0
-0.0019446471	-0.57154232	0.0
-0.0019186176	-0.52805471	0.0
-0.0018601143	-0.47780949	0.0
-0.0017854895	-0.42128485	0.0
-0.0016810497	-0.35930625	0.0
-0.001555834	-0.29290748	0.0
-0.0014190236	-0.22307424	0.0
-0.0012605113	-0.15070631	0.0
-0.0010994956	-0.076700427	0.0
-0.00093074935	-0.0022201035	0.0
-0.00076563965	0.072464935	0.0
-0.00060321734	0.14637809	0.0
-0.00044842751	0.21894497	0.0
-0.00030186094	0.28889167	0.0
-0.0001644055	0.35560203	0.0
-3.4349185e-05	0.41790846	0.0
9.5012154e-05	0.47493437	0.0
0.00021256528	0.52578455	0.0
0.00033362742	0.56980109	0.0
0.00044220319	0.60655528	0.0
0.0005543913	0.63576263	0.0
0.00066714949	0.65724725	0.0
0.00077355752	0.67112595	0.0
0.00088518608	0.67737687	0.0
0.00099996536	0.67603236	0.0
0.0011189479	0.66705716	0.0
0.0012396615	0.65041804	0.0
0.0013617581	0.62606972	0.0
0.0014829501	0.59406102	0.0
0.0015889815	0.55443782	0.0
0.0016815943	0.50760072	0.0
0.0017368208	0.45405614	0.0
0.0017624892	0.39463997	0.0
0.001741479	0.33012301	0.0
0.0016797082	0.26154992	0.0
0.0015749404	0.1899492	0.0
0.0014304052	0.11624698	0.0
0.0012520542	0.041362677	0.0
0.0010453708	-0.033938289	0.0
0.00081881077	-0.10887183	0.0
0.00057706545	-0.18247159	0.0
0.00032994768	-0.25424626	0.0
7.8656019e-05	-0.32310227	0.0
-0.00016741687	-0.3878957	0.0
-0.00040136615	-0.44785601	0.0
-0.00062485645	-0.50195575	0.0
-0.00082296215	-0.54948646	0.0
-0.00099802867	-0.58985412	0.0
-0.0011419471	-0.62274611	0.0
-0.0012573407	-0.64795381	0.0
-0.0013458392	-0.66551834	0.0
-0.0013980056	-0.67538112	0.0
-0.0014326806	-0.67762667	0.0
-0.0014337464	-0.67225951	0.0
-0.0014212176	-0.65923363	0.0
-0.0013902633	-0.63849634	0.0
-0.0013419084	-0.6100322	0.0
-0.0012842952	-0.57393038	0.0
-0.0012149196	-0.53046763	0.0
-0.0011437122	-0.48003435	0.0
-0.0010557731	-0.42334485	0.0
-0.0009726187	-0.36120349	0.0
-0.00087537174	-0.29451433	0.0
-0.00077856827	-0.22435769	0.0
-0.00067964377	-0.15168424	0.0
-0.00057291141	-0.077475965	0.0
-0.00046384847	-0.0027263549	0.0
-0.00034680087	0.072132654	0.0
-0.0002229423	0.14629179	0.0
-8.7057066e-05	0.2187473	0.0
6.139998e-05	0.28882357	0.0
0.00022538735	0.35546914	0.0
0.00040532605	0.41765025	0.0
0.00060256227	0.47446761	0.0
0.00080059207	0.52512795	0.0
0.0010124341	0.56889814	0.0
0.0012018366	0.60544693	0.0
0.0013916963	0.63432449	0.0
0.0015496027	0.65563214	0.0
0.0016838273	0.6692549	0.0
0.0017932635	0.67529517	0.0
0.0018631519	0.67373729	0.0
0.0019089573	0.66459483	0.0
0.0019185202	0.64780319	0.0
0.0018924337	0.62335354	0.0
0.0018310301	0.59125823	0.0
0.001732916	0.55153602	0.0
0.0015974394	0.50472391	0.0
0.0014317739	0.45126966	0.0
0.0012336415	0.39191219	0.0
0.001013561	0.32764432	0.0
0.00077442935	0.25937513	0.0
0.00052465097	0.18821128	0.0
0.00026714304	0.11496935	0.0
6.2724134e-06	0.040504433	0.0
-0.00025133943	-0.034382511	0.0
-0.00050665624	-0.1088876	0.0
-0.00075790018	-0.18214712	0.0
-0.00099932333	-0.25366557	0.0
-0.0012313381	-0.32229587	0.0
-0.0014553701	-0.38707781	0.0
-0.0016566683	-0.44703442	0.0
-0.0018427545	-0.50118983	0.0
-0.0019993607	-0.54884249	0.0
-0.0021321473	-0.58931863	0.0
-0.0022353288	-0.62241346	0.0
-0.0023094083	-0.64777166	0.0
-0.002359583	-0.66550106	0.0
-0.0023831094	-0.67551726	0.0
-0.0023935633	-0.67791384	0.0
-0.0023770824	-0.67269498	0.0
-0.0023516221	-0.65980357	0.0
-0.002308321	-0.63920248	0.0
-0.0022506514	-0.61087662	0.0
-0.0021753109	-0.57493496	0.0
-0.0020797488	-0.53155744	0.0
-0.0019636452	-0.48125961	0.0
-0.00182286	-0.42464241	0.0
-0.0016588072	-0.36264905	0.0
-0.0014751208	-0.29606664	0.0
-0.0012671144	-0.2259836	0.0
-0.0010483619	-0.1533929	0.0
-0.00081467273	-0.079213187	0.0
-0.00057155057	-0.0043233475	0.0
-0.00032760776	0.070574187	0.0
-8.543297e-05	0.14460722	0.0
0.00015078686	0.21716006	0.0
0.0003759813	0.28741601	0.0
0.00058966782	0.35414928	0.0
0.00079481339	0.41660938	0.0
0.0009788844	0.4736194	0.0
0.0011573195	0.52453876	0.0
0.0013110001	0.56861591	0.0
0.0014541086	0.60544109	0.0
0.00158535	0.63472354	0.0
0.0016956413	0.65634638	0.0
0.0017976591	0.67030382	0.0
0.0018901206	0.67665404	0.0
0.001967001	0.67540413	0.0
0.0020448938	0.6665343	0.0
0.0021164324	0.65001148	0.0
0.0021726503	0.62577826	0.0
0.0022323963	0.59388459	0.0
0.0022651018	0.55443531	0.0
0.002288216	0.50775033	0.0
0.0022829792	0.45438156	0.0
0.002245609	0.39509255	0.0
0.0021770322	0.33079651	0.0
0.0020742025	0.26243737	0.0
0.001940247	0.19102621	0.0
0.0017759394	0.11751867	0.0
0.0015852484	0.042740963	0.0
0.0013762941	-0.032261144	0.0
0.0011497758	-0.10704847	0.0
0.0009109602	-0.18073732	0.0
0.00065888884	-0.25253263	0.0
0.00039930263	-0.32128564	0.0
0.00012527131	-0.38623384	0.0
-0.00014924009	-0.44612727	0.0
-0.00043118355	-0.50019586	0.0
-0.00070961664	-0.54772115	0.0
-0.00097717263	-0.5881179	0.0
-0.0012365007	-0.62095571	0.0
-0.001471451	-0.64608097	0.0
-0.0016982034	-0.66351807	0.0
-0.0018882507	-0.67325127	0.0
-0.0020701278	-0.67534161	0.0
-0.0022285136	-0.66980821	0.0
-0.002360981	-0.65661883	0.0
-0.0024875489	-0.63574564	0.0
-0.0025716482	-0.60715967	0.0
-0.0026559609	-0.57099921	0.0
-0.0026988441	-0.52745908	0.0
-0.0027120702	-0.47703096	0.0
-0.0026956992	-0.4203482	0.0
-0.002637015	-0.35830387	0.0
-0.00254716	-0.29182753	0.0
-0.0024248471	-0.22182477	0.0
-0.0022688115	-0.14944124	0.0
-0.0020878634	-0.075615883	0.0
-0.0018830171	-0.0010249516	0.0
-0.0016588414	0.073531032	0.0
-0.001417311	0.14730717	0.0
-0.0011593669	0.21960109	0.0
-0.0008846019	0.28928086	0.0
-0.00059381739	0.35570592	0.0
-0.00028324046	0.41748446	0.0
4.3389282e-05	0.47404745	0.0
0.00037855012	0.52446318	0.0
0.00072091143	0.56803066	0.0
0.0010656147	0.60435426	0.0
0.0013928231	0.63314569	0.0
0.0017150333	0.65439212	0.0
0.0020127017	0.66803676	0.0
0.0022837715	0.67414254	0.0
0.0025335061	0.67272538	0.0
0.0027413578	0.66376901	0.0
0.0029205251	0.64721423	0.0
0.0030539203	0.62300831	0.0
0.0031385045	0.59118068	0.0
0.0031768952	0.55184633	0.0
0.0031507006	0.50529033	0.0
0.0030826502	0.45211118	0.0
0.0029478262	0.39298588	0.0
0.0027708283	0.32881352	0.0
0.0025532707	0.26057905	0.0
0.0022965099	0.18932195	0.0
0.0020152382	0.11601942	0.0
0.0017037489	0.041505124	0.0
0.0013781551	-0.033351112	0.0
0.0010339509	-0.10790531	0.0
0.00067549292	-0.18129331	0.0
0.00030617631	-0.25287029	0.0
-6.8994756e-05	-0.32133538	0.0
-0.00045559672	-0.38595444	0.0
-0.0008259918	-0.44580361	0.0
-0.0012023433	-0.49974415	0.0
-0.0015477207	-0.54740232	0.0
-0.001873331	-0.58759159	0.0
-0.0021764825	-0.62051755	0.0
-0.0024224059	-0.64582646	0.0
-0.0026604955	-0.66345787	0.0
-0.0028316698	-0.67347401	0.0
-0.002989368	-0.67587948	0.0
-0.0031055105	-0.67068857	0.0
-0.0031732682	-0.6578756	0.0
-0.0032372791	-0.63738704	0.0
-0.0032260674	-0.60918832	0.0
-0.0032132308	-0.57339406	0.0
-0.0031450843	-0.53018826	0.0
-0.0030412974	-0.48005825	0.0
-0.0029206283	-0.42355609	0.0
-0.0027495162	-0.36153951	0.0
-0.0025779158	-0.29505414	0.0
-0.0023736719	-0.22503203	0.0
-0.0021710466	-0.152437	0.0
-0.0019587735	-0.078155175	0.0
-0.0017426346	-0.0030513671	0.0
-0.0015298082	0.071964256	0.0
-0.0013114264	0.14614183	0.0
-0.0010908693	0.21883461	0.0
-0.00086048228	0.28915906	0.0
-0.00062007847	0.35580084	0.0
-0.00035568638	0.41812319	0.0
-8.7753382e-05	0.4749569	0.0
0.00021293263	0.52555788	0.0
0.00051042897	0.56934357	0.0
0.00082840264	0.60577345	0.0
0.0011414445	0.63468063	0.0
0.0014541047	0.65593469	0.0
0.0017684649	0.66954863	0.0
0.0020615095	0.67555541	0.0
0.0023666229	0.67397612	0.0
0.0026382781	0.66479582	0.0
0.0029077982	0.6479826	0.0
0.0031572059	0.62349766	0.0
0.0033636044	0.59133971	0.0
0.0035582227	0.55168915	0.0
0.0036885215	0.50482231	0.0
0.0037793671	0.45135215	0.0
0.0038057065	0.39197275	0.0
0.0037742511	0.32758993	0.0
0.003692511	0.2592057	0.0
0.0035522247	0.18776508	0.0
0.0033717924	0.11435069	0.0
0.0031446612	0.039734658	0.0
0.002883676	-0.035188898	0.0
0.00258885	-0.10977949	0.0
0.0022606119	-0.18326254	0.0
0.0018963736	-0.25483784	0.0
0.0015018875	-0.32333612	0.0
0.0010748799	-0.38810199	0.0
0.0006279925	-0.44775441	0.0
0.00015486828	-0.50172639	0.0
-0.00031260087	-0.5492202	0.0
-0.0007795844	-0.58950329	0.0
-0.0012263092	-0.62240559	0.0
-0.0016351738	-0.64768457	0.0
-0.0020153797	-0.66528809	0.0
-0.0023460032	-0.67527515	0.0
-0.0026412455	-0.67765975	0.0
-0.0028903368	-0.672454	0.0
-0.0030936282	-0.65962374	0.0
-0.0032600129	-0.63912237	0.0
-0.0033667369	-0.61092103	0.0
-0.0034379719	-0.57509291	0.0
-0.0034514419	-0.53184223	0.0
-0.0034064956	-0.48163629	0.0
-0.0033247015	-0.4251419	0.0
-0.0031796147	-0.36310112	0.0
-0.0030037728	-0.29663002	0.0
-0.0027884494	-0.22653802	0.0
-0.0025481884	-0.15407284	0.0
-0.0022883555	-0.079945631	0.0
-0.002007521	-0.0050201383	0.0
-0.0017202911	0.069874167	0.0
-0.0014188449	0.14403443	0.0
-0.0011104757	0.21682523	0.0
-0.00078626233	0.28697863	0.0
-0.00045785378	0.35389018	0.0
-0.00011317247	0.41634962	0.0
0.00023699935	0.47348714	0.0
0.00058645621	0.52447277	0.0
0.00093535637	0.56858516	0.0
0.0012525872	0.60544425	0.0
0.001564604	0.634727	0.0
0.001830199	0.6563803	0.0
0.0020682837	0.67036653	0.0
0.0022718259	0.67675352	0.0
0.0024258504	0.67556232	0.0
0.0025560781	0.66676986	0.0
0.0026321665	0.65031743	0.0
0.0026813319	0.62619269	0.0
0.002681552	0.59438282	0.0
0.0026408837	0.5550282	0.0
0.0025674792	0.5084551	0.0
0.0024381168	0.45519626	0.0
0.0022931702	0.39598083	0.0
0.0021064056	0.33164683	0.0
0.0019033593	0.26328933	0.0
0.0016887127	0.19187889	0.0
0.0014677966	0.11826272	0.0
0.0012493472	0.043482933	0.0
0.0010373147	-0.031667933	0.0
0.00083698082	-0.10654467	0.0
0.0006478111	-0.18039405	0.0
0.00047196887	-0.25231287	0.0
0.00030657751	-0.32120827	0.0
0.00015055234	-0.38631636	0.0
-4.4121498e-07	-0.44635096	0.0
-0.00014204282	-0.50068331	0.0
-0.00029101226	-0.54841173	0.0
-0.00043249771	-0.5890125	0.0
-0.00057152956	-0.62211776	0.0
-0.00072031689	-0.64752489	0.0
-0.00086324645	-0.66529608	0.0
-0.0010229748	-0.67535514	0.0
-0.0011776029	-0.67780513	0.0
-0.0013497855	-0.6726169	0.0
-0.00151955	-0.65977573	0.0
-0.0016927895	-0.63923228	0.0
-0.0018762017	-0.61096966	0.0
-0.0020293535	-0.57504076	0.0
-0.0021826585	-0.53172475	0.0
-0.0022911881	-0.48142615	0.0
-0.0023760183	-0.42485932	0.0
-0.0024178706	-0.36275202	0.0
-0.0024146121	-0.29609221	0.0
-0.0023780752	-0.22589242	0.0
-0.0022956047	-0.15320006	0.0
-0.0021876066	-0.078855619	0.0
-0.0020467627	-0.0037600414	0.0
-0.0018817697	0.071392588	0.0
-0.0016938954	0.1457729	0.0
-0.0014864038	0.21901576	0.0
-0.0012585995	0.28923434	0.0
-0.0010101488	0.35657761	0.0
-0.00074364635	0.41894731	0.0
-0.00045754598	0.47632778	0.0
-0.00016595493	0.52745777	0.0
0.00013834068	0.57161427	0.0
0.00043028366	0.60849774	0.0
0.00072311948	0.63776809	0.0
0.00099686044	0.65935993	0.0
0.00125015	0.67324954	0.0
0.0014917802	0.67947817	0.0
0.0016953469	0.67807919	0.0
0.0018945544	0.66901976	0.0
0.0020609153	0.65228122	0.0
0.0022102876	0.62781322	0.0
0.0023417037	0.59565598	0.0
0.0024371215	0.55590659	0.0
0.0025260348	0.50895518	0.0
0.0025714079	0.45528531	0.0
0.0025995073	0.39572689	0.0
0.0026026282	0.33111912	0.0
0.0025764706	0.26245859	0.0
0.0025361367	0.19088718	0.0
0.0024735753	0.11713936	0.0
0.0023951626	0.04231042	0.0
0.0022978552	-0.032883648	0.0
0.0021851261	-0.10767335	0.0
0.0020507236	-0.18128546	0.0
0.0018950591	-0.25310022	0.0
0.0017056982	-0.32174897	0.0
0.0014960871	-0.3866545	0.0
0.0012499202	-0.44664541	0.0
0.00097817124	-0.50073975	0.0
0.00069449621	-0.54835135	0.0
0.00038389905	-0.5888238	0.0
8.514311e-05	-0.62185735	0.0
-0.00022818943	-0.64720631	0.0
-0.00052393199	-0.66490293	0.0
-0.00081051374	-0.67492747	0.0
-0.0010925743	-0.67733914	0.0
-0.0013404784	-0.67214835	0.0
-0.0016004328	-0.65931165	0.0
-0.001808574	-0.63877577	0.0
-0.0020150708	-0.61053824	0.0
-0.0021793034	-0.57464284	0.0
-0.0022975316	-0.53132045	0.0
-0.0023900808	-0.48102701	0.0
-0.0024138468	-0.42434502	0.0
-0.0023979035	-0.36224025	0.0
-0.0023306182	-0.29565433	0.0
-0.0022116273	-0.22546233	0.0
-0.0020608059	-0.15276635	0.0
-0.001865704	-0.078408971	0.0
-0.0016521382	-0.0033133579	0.0
-0.0014133835	0.071853444	0.0
-0.0011638904	0.14609937	0.0
-0.00090360589	0.21892117	0.0
-0.0006380963	0.28942916	0.0
-0.00036674226	0.35632935	0.0
-9.5782823e-05	0.41895053	0.0
0.00017911784	0.4761894	0.0
0.00044950208	0.5272007	0.0
0.00070390478	0.57135159	0.0
0.00095817173	0.60814983	0.0
0.0011862771	0.63742107	0.0
0.0013965952	0.65902913	0.0
0.0015910084	0.67298478	0.0
0.0017546759	0.67931473	0.0
0.0019053586	0.6780507	0.0
0.002033571	0.66918099	0.0
0.0021386109	0.6526441	0.0
0.0022296174	0.62843609	0.0
0.0023087044	0.59652364	0.0
0.0023637465	0.55707443	0.0
0.0024110528	0.5104419	0.0
0.0024390984	0.4571605	0.0
0.0024563153	0.39796028	0.0
0.0024611382	0.33369136	0.0
0.0024549689	0.26535746	0.0
0.0024376553	0.19400285	0.0
0.0024069676	0.12060643	0.0
0.002366262	0.046028484	0.0
0.0023038185	-0.028833412	0.0
0.0022199568	-0.10340579	0.0
0.0021041601	-0.17693883	0.0
0.0019573886	-0.24851285	0.0
0.0017667123	-0.31711382	0.0
0.0015364015	-0.38194755	0.0
0.0012621343	-0.44175115	0.0
0.00095425791	-0.49598974	0.0
0.00062314072	-0.54355651	0.0
0.00027148874	-0.58401418	0.0
-7.2733063e-05	-0.61705422	0.0
-0.00041836125	-0.64244258	0.0
-0.00074384309	-0.66017121	0.0
-0.0010443782	-0.67023855	0.0
-0.0013362301	-0.67267978	0.0
-0.0015714794	-0.66750491	0.0
-0.0018135093	-0.65468687	0.0
-0.0020007002	-0.63416052	0.0
-0.0021661015	-0.60592526	0.0
-0.0023017663	-0.57000339	0.0
-0.0023819746	-0.52663887	0.0
-0.0024468049	-0.47631082	0.0
-0.0024467518	-0.41959068	0.0
-0.0024284157	-0.35743222	0.0
-0.0023653649	-0.29059872	0.0
-0.0022736934	-0.22024097	0.0
-0.0021599503	-0.14744836	0.0
-0.0020182647	-0.072973169	0.0
-0.0018637163	0.0021693327	0.0
-0.0016886268	0.077457771	0.0
-0.0015000085	0.15187156	0.0
-0.0012933762	0.22505131	0.0
-0.0010723692	0.29554924	0.0
-0.00082781375	0.36272135	0.0
-0.00057283457	0.42559052	0.0
-0.00029177419	0.48310956	0.0
-6.8380959e-06	0.53461969	0.0
0.00028472033	0.57922518	0.0
0.00058172626	0.61662996	0.0
0.00085680647	0.64654797	0.0
0.0011426776	0.6688236	0.0
0.0013851558	0.68351573	0.0
0.0016331882	0.69061613	0.0
0.0018533971	0.69017333	0.0
0.0020459609	0.68216729	0.0
0.0022359788	0.66656369	0.0
0.0023788689	0.64332014	0.0
0.002516692	0.61248255	0.0
0.0026092448	0.57415092	0.0
0.0026664962	0.52869254	0.0
0.0026931765	0.47664329	0.0
0.0026673554	0.418715	0.0
0.0026108571	0.35586548	0.0
0.0025132748	0.28903773	0.0
0.0023849953	0.21921004	0.0
0.0022303485	0.14715102	0.0
0.0020494864	0.074430659	0.0
0.0018481445	0.001119827	0.0
0.0016235097	-0.071963497	0.0
0.0013775565	-0.14380816	0.0
0.0011070553	-0.21374495	0.0
0.00081470213	-0.28074765	0.0
0.00049807294	-0.34399679	0.0
0.00016366508	-0.4021925	0.0
-0.00017991454	-0.45478618	0.0
-0.00052122219	-0.50095338	0.0
-0.00086156931	-0.54008877	0.0
-0.0011741051	-0.57206589	0.0
-0.0014637811	-0.59662396	0.0
-0.0017252961	-0.61397874	0.0
-0.0019377441	-0.62427706	0.0
-0.0021279154	-0.62772596	0.0
-0.0022690482	-0.62455821	0.0
-0.0023817611	-0.61498857	0.0
-0.0024559922	-0.59921074	0.0
-0.0024819213	-0.57743019	0.0
-0.0024907885	-0.5499022	0.0
-0.0024443043	-0.51688445	0.0
-0.0023745995	-0.4787443	0.0
-0.0022743938	-0.4358373	0.0
-0.0021385758	-0.38860583	0.0
-0.0019982983	-0.33763313	0.0
-0.0018243357	-0.28350288	0.0
-0.00166016	-0.22694449	0.0
-0.0014828379	-0.16872993	0.0
-0.0013116611	-0.10987257	0.0
-0.0011484431	-0.051365715	0.0
-0.0009903016	0.0058076885	0.0
-0.00084751734	0.060551483	0.0
-0.00071364996	0.11242722	0.0
-0.00059277838	0.16043124	0.0
-0.00048432816	0.20421153	0.0
-0.00039399104	0.24308918	0.0
-0.00030897092	0.27678549	0.0
-0.00025188184	0.30497152	0.0
-0.00019514794	0.32719383	0.0
-0.00016092285	0.343254	0.0
-0.00013401691	0.35295948	0.0
-0.00010846075	0.35638016	0.0
-9.7046097e-05	0.35375607	0.0
-7.6835917e-05	0.34554094	0.0
-6.3624597e-05	0.33235845	0.0
-4.2394651e-05	0.31492934	0.0
-1.8697876e-05	0.29402155	0.0
-1.4680163e-06	0.27025267	0.0
2.2003853e-05	0.24429041	0.0
3.7085712e-05	0.21674567	0.0
4.7193807e-05	0.18830603	0.0
5.8384794e-05	0.15967649	0.0
6.1855819e-05	0.13167176	0.0
6.6699242e-05	0.10510158	0.0
6.9474896e-05	0.080678426	0.0
7.5374352e-05	0.058945127	0.0
7.6198747e-05	0.040213589	0.0
7.5561453e-05	0.024502244	0.0
7.0502705e-05	0.011698544	0.0
5.7975565e-05	0.001521249	0.0
3.7729369e-05	-0.0063758828	0.0
8.707083e-06	-0.012343699	0.0
-2.6434058e-05	-0.016752595	0.0
-6.80745e-05	-0.019914877	0.0
-0.00011097595	-0.022092788	0.0
-0.00015691447	-0.023515161	0.0
-0.00019481777	-0.024368202	0.0
-0.00022614101	-0.024803109	0.0
-0.0002468857	-0.024937399	0.0
-0.00025425409	-0.024861705	0.0
-0.00024523074	-0.024647426	0.0
-0.00022324579	-0.024338558	0.0
-0.00019156505	-0.023968676	0.0
-0.00015095645	-0.023555007	0.0
-0.00011262001	-0.023101464	0.0
-7.8072982e-05	-0.022604028	0.0
-5.5825232e-05	-0.02205544	0.0
-5.1709092e-05	-0.021444337	0.0
-6.4187421e-05	-0.020770242	0.0
-0.0001012718	-0.02002877	0.0
-0.00014925169	-0.019233998	0.0
-0.00020695859	-0.018397864	0.0
-0.00026285471	-0.017539725	0.0
-0.00031078671	-0.016685117	0.0
-0.00034189579	-0.015849788	0.0
-0.00035188263	-0.015048113	0.0
-0.00034305191	-0.014289995	0.0
-0.0003140184	-0.013577898	0.0
-0.00027237949	-0.012912584	0.0
-0.00022218777	-0.012286223	0.0
-0.000168995	-0.011702088	0.0
-0.00011567339	-0.011150109	0.0
-6.5564142e-05	-0.010626556	0.0
-2.2379301e-05	-0.010130573	0.0
1.468851e-05	-0.0096588293	0.0
4.4708384e-05	-0.0092082992	0.0
6.7453839e-05	-0.0087793656	0.0
8.3385588e-05	-0.0083694682	0.0
9.7241558e-05	-0.0079810536	0.0
0.00010463647	-0.0076101888	0.0
0.00010879344	-0.0072570555	0.0
0.00011156707	-0.0069203288	0.0
0.00011099383	-0.0066021564	0.0
0.00010880277	-0.0062995246	0.0
0.00010568726	-0.006012443	0.0
0.00010361083	-0.005740263	0.0
9.8188044e-05	-0.0054793679	0.0
9.2534283e-05	-0.005234818	0.0
8.8496461e-05	-0.0050016502	0.0
8.307473e-05	-0.0047808602	0.0
7.8920828e-05	-0.0045717838	0.0
7.3037743e-05	-0.0043734759	0.0
6.9230613e-05	-0.0041852864	0.0
6.5192973e-05	-0.0040063979	0.0
6.1270912e-05	-0.0038368339	0.0
5.6655299e-05	-0.0036757488	0.0
5.3656826e-05	-0.0035220995	0.0
4.8348953e-05	-0.0033755379	0.0
4.5349443e-05	-0.0032380444	0.0
4.1426763e-05	-0.0031058926	0.0
3.9927763e-05	-0.0029807461	0.0
3.704457e-05	-0.0028616332	0.0
3.3006781e-05	-0.0027475932	0.0
3.1507643e-05	-0.0026393055	0.0
2.9201105e-05	-0.0025364987	0.0
2.7240903e-05	-0.0024374095	0.0
2.5164592e-05	-0.0023439119	0.0
2.3896064e-05	-0.0022543771	0.0
2.1127622e-05	-0.0021699355	0.0
1.9513363e-05	-0.0020875514	0.0
1.812966e-05	-0.0020099608	0.0
1.6284113e-05	-0.0019357888	0.0
1.443858e-05	-0.0018640888	0.0
1.2478502e-05	-0.0017970653	0.0
1.1557096e-05	-0.0017318233	0.0
1.075052e-05	-0.0016702712	0.0
1.0174992e-05	-0.0016105066	0.0
9.1367974e-06	-0.0015525378	0.0
6.8307208e-06	-0.0015007232	0.0
6.9479565e-06	-0.0014467093	0.0
5.9099534e-06	-0.0013976282	0.0
5.4492589e-06	-0.0013493671	0.0
4.0659224e-06	-0.0013022157	0.0
3.7209052e-06	-0.0012586297	0.0
2.3372058e-06	-0.0012172193	0.0
2.4562787e-06	-0.001176232	0.0
2.224001e-06	-0.0011371691	0.0
1.30411e-06	-0.0010993463	0.0
2.1149349e-06	-0.0010635747	0.0
1.997159e-06	-0.0010293066	0.0
7.2863241e-07	-0.00099586498	0.0
3.9259859e-08	-0.00096406636	0.0
-4.2227492e-07	-0.00093294971	0.0
-1.1108357e-06	-0.00090607558	0.0
-2.9993842e-07	-0.00087563554	0.0
-5.3486951e-07	-0.00084768876	0.0
-1.6860848e-06	-0.00082192157	0.0
-1.6831298e-06	-0.00079669693	0.0
-2.3784e-06	-0.00077175105	0.0
-3.1789336e-06	-0.00074845873	0.0
-2.1397038e-06	-0.00072543789	0.0
-2.9491212e-06	-0.00070419669	0.0
-2.9457422e-06	-0.00068253739	0.0
-3.291329e-06	-0.00066267018	0.0
-3.1725797e-06	-0.00064375525	0.0
-3.1748757e-06	-0.00062538456	0.0
-4.2135407e-06	-0.00060647592	0.0
-4.7867175e-06	-0.0005893425	0.0
-4.5480497e-06	-0.00057098502	0.0
-2.817327e-06	-0.00055563985	0.0
-3.1697762e-06	-0.00053864374	0.0
-4.0904729e-06	-0.000524943	0.0
-4.4320745e-06	-0.00050918158	0.0
-4.0837949e-06	-0.00049493962	0.0
-3.9682641e-06	-0.00048137075	0.0
-4.4331105e-06	-0.0004682148	0.0
-5.6967901e-06	-0.00045519182	0.0
-5.0032108e-06	-0.00044232048	0.0
-6.1585142e-06	-0.00043217535	0.0
-5.687531e-06	-0.00041860636	0.0
-4.5367128e-06	-0.00040792787	0.0
-5.6961994e-06	-0.00039682307	0.0
-6.7238866e-06	-0.00038531912	0.0
-4.6458313e-06	-0.00037627923	0.0
-5.4575971e-06	-0.00036695693	0.0
-5.3373656e-06	-0.00035709082	0.0
-5.4535153e-06	-0.0003472252	0.0
-6.0304515e-06	-0.00033791011	0.0
-6.3701254e-06	-0.00032968915	0.0
-5.102057e-06	-0.00032119098	0.0
-6.3731413e-06	-0.00031256126	0.0
-6.3681973e-06	-0.00030447877	0.0
-6.4836768e-06	-0.00029667313	0.0
-6.3640323e-06	-0.00028996033	0.0
-5.3267627e-06	-0.00028187444	0.0
-6.5960612e-06	-0.00027461399	0.0
-6.2454769e-06	-0.00026789968	0.0
-6.0140824e-06	-0.00026104829	0.0
-5.6666122e-06	-0.0002544726	0.0
-6.0143948e-06	-0.00024831051	0.0
-6.7006363e-06	-0.00024379129	0.0
-4.7389503e-06	-0.00023789467	0.0
-6.2417371e-06	-0.00023022573	0.0
-7.0463934e-06	-0.00022598275	0.0
-7.7360428e-06	-0.0002202286	0.0
-6.8110407e-06	-0.00021516082	0.0
-6.5788358e-06	-0.00020995432	0.0
-5.6552672e-06	-0.00020406132	0.0
-6.5772215e-06	-0.00019926936	0.0
-5.882901e-06	-0.00019611673	0.0
-6.2275562e-06	-0.00018981377	0.0
-5.1877014e-06	-0.00018556962	0.0
-5.8800433e-06	-0.00018173567	0.0
-5.8777546e-06	-0.00017872127	0.0
-6.2237391e-06	-0.00017282985	0.0
-6.9136831e-06	-0.00016981874	0.0
-6.1039336e-06	-0.00016516173	0.0
-5.640823e-06	-0.00016324378	0.0
-4.9482542e-06	-0.00015721243	0.0
-5.8708179e-06	-0.00015379195	0.0
-5.9845229e-06	-0.00015077741	0.0
-6.6754537e-06	-0.00014735406	0.0
-6.3267262e-06	-0.00014516455	0.0
-6.2107952e-06	-0.00014187502	0.0
-6.2091422e-06	-0.00013790418	0.0
-5.861119e-06	-0.00013475388	0.0
-5.630277e-06	-0.00013105843	0.0
-6.3209845e-06	-0.00013037647	0.0
-5.8571572e-06	-0.0001270857	0.0
-5.740721e-06	-0.00012379898	0.0
-5.2775877e-06	-0.00012037734	0.0
-5.5091182e-06	-0.00011873333	0.0
-6.3133384e-06	-0.00011407622	0.0
-5.1588659e-06	-0.0001129857	0.0
-6.5433692e-06	-0.00011093006	0.0
-6.0782841e-06	-0.00010832941	0.0
-5.5003206e-06	-0.00010613889	0.0
-5.1537791e-06	-0.00010340014	0.0
-5.9607614e-06	-0.00010134636	0.0
-6.3053585e-06	-9.8608012e-05	0.0
-6.7648216e-06	-9.7103904e-05	0.0
-6.3019934e-06	-9.518562e-05	0.0
-6.7627366e-06	-9.2859314e-05	0.0
-6.2978279e-06	-9.1354319e-05	0.0
-5.7219563e-06	-8.9164503e-05	0.0
-6.8743084e-06	-8.8070621e-05	0.0
-6.0627963e-06	-8.5604428e-05	0.0
-5.8337987e-06	-8.3415129e-05	0.0
-6.8699237e-06	-8.1499049e-05	0.0
-5.8272949e-06	-7.9857986e-05	0.0
-5.1368052e-06	-7.8901256e-05	0.0
-6.1745982e-06	-7.7395533e-05	0.0
-6.0554121e-06	-7.5753385e-05	0.0
-5.0144881e-06	-7.4112591e-05	0.0
-3.9768543e-06	-7.32931e-05	0.0
-5.2465393e-06	-7.1375842e-05	0.0
-6.0511006e-06	-6.9323389e-05	0.0
-5.3566628e-06	-6.8093912e-05	0.0
-5.0099566e-06	-6.7683955e-05	0.0
-5.1239899e-06	-6.5082728e-05	0.0
-5.3543572e-06	-6.4126201e-05	0.0
-6.6218568e-06	-6.2348532e-05	0.0
-5.8115193e-06	-6.3447471e-05	0.0
-5.1186212e-06	-6.0571059e-05	0.0
-5.3481181e-06	-5.9066952e-05	0.0
-5.1159595e-06	-5.7150952e-05	0.0
-4.7684894e-06	-5.7153855e-05	0.0
-4.3054733e-06	-5.6060308e-05	0.0
-4.9965338e-06	-5.4007221e-05	0.0
-4.3030009e-06	-5.3324311e-05	0.0
-3.9554125e-06	-5.2916304e-05	0.0
-4.0688114e-06	-5.1411418e-05	0.0
-5.6834911e-06	-5.0728671e-05	0.0
-5.104881e-06	-4.9772458e-05	0.0
-6.7193009e-06	-4.8952123e-05	0.0
-5.2195637e-06	-4.9229438e-05	0.0
-4.5246911e-06	-4.77268e-05	0.0
-4.5217448e-06	-4.5672215e-05	0.0
-5.7907719e-06	-4.5263037e-05	0.0
-4.9823152e-06	-4.4033241e-05	0.0
-5.0963954e-06	-4.2664335e-05	0.0
-4.1714525e-06	-4.2666536e-05	0.0
-4.977448e-06	-4.2258951e-05	0.0
-4.6305181e-06	-4.1302454e-05	0.0
-4.8596867e-06	-4.0619005e-05	0.0
-4.5126635e-06	-4.0622581e-05	0.0
-4.2798233e-06	-3.9117342e-05	0.0
-4.7405774e-06	-3.9257724e-05	0.0
-3.9320507e-06	-3.734239e-05	0.0
-4.2742031e-06	-3.6385947e-05	0.0
-5.7749808e-06	-3.4468198e-05	0.0
-4.1604148e-06	-3.5429624e-05	0.0
-3.4635912e-06	-3.4338122e-05	0.0
-4.8456027e-06	-3.3517237e-05	0.0
-5.8851465e-06	-3.3109314e-05	0.0
-4.8473007e-06	-3.201712e-05	0.0
-3.921371e-06	-3.1056719e-05	0.0
-4.033453e-06	-3.2158343e-05	0.0
-4.2659599e-06	-3.0106987e-05	0.0
-2.8783843e-06	-3.0106412e-05	0.0
-4.0279051e-06	-2.9700526e-05	0.0
-4.0311161e-06	-2.8881352e-05	0.0
-3.6803674e-06	-2.8197581e-05	0.0
-4.4878316e-06	-2.7926479e-05	0.0
-3.6817844e-06	-2.7516184e-05	0.0
-3.5594951e-06	-2.7660146e-05	0.0
-4.7147741e-06	-2.574252e-05	0.0
-3.677857e-06	-2.6428077e-05	0.0
-3.5578014e-06	-2.5475192e-05	0.0
-3.5572291e-06	-2.4928742e-05	0.0
-3.4407924e-06	-2.3971892e-05	0.0
-3.6663066e-06	-2.3699669e-05	0.0
-4.8234183e-06	-2.3018525e-05	0.0
-3.4377235e-06	-2.2471213e-05	0.0
-4.3556224e-06	-2.2474276e-05	0.0
-4.0128407e-06	-2.2065924e-05	0.0
-3.5496012e-06	-2.1932938e-05	0.0
-3.1984175e-06	-2.1112633e-05	0.0
-4.2346364e-06	-2.1115788e-05	0.0
-3.8946523e-06	-2.0296118e-05	0.0
-2.9631628e-06	-2.0299185e-05	0.0
-4.5753854e-06	-1.9207697e-05	0.0
-4.4644257e-06	-1.8388302e-05	0.0
-4.3465443e-06	-1.7291826e-05	0.0
-4.3423756e-06	-1.7973023e-05	0.0
-5.0359267e-06	-1.9076018e-05	0.0
-4.2303022e-06	-1.8809922e-05	0.0
-3.6537849e-06	-1.7857599e-05	0.0
-2.6065725e-06	-1.6618174e-05	0.0
-4.1026615e-06	-1.7987966e-05	0.0
-3.763065e-06	-1.7321261e-05	0.0
-3.6411061e-06	-1.5394215e-05	0.0
-3.8747285e-06	-1.6629881e-05	0.0
-3.0645438e-06	-1.4997737e-05	0.0
-3.4079312e-06	-1.4575626e-05	0.0
-2.4921308e-06	-1.5409087e-05	0.0
-1.2129919e-06	-1.3766833e-05	0.0
-2.2447682e-06	-1.4719911e-05	0.0
-2.707427e-06	-1.5003379e-05	0.0
-3.4000386e-06	-1.4466192e-05	0.0
-3.2839903e-06	-1.2816276e-05	0.0
-3.9710776e-06	-1.4181814e-05	0.0
-3.9832325e-06	-1.4197979e-05	0.0
-1.8997237e-06	-1.2829407e-05	0.0
-3.0404181e-06	-1.241666e-05	0.0
-3.5130429e-06	-1.2010435e-05	0.0
-2.2413428e-06	-1.1327283e-05	0.0
-2.6932953e-06	-1.1054058e-05	0.0
-2.9347805e-06	-1.0920134e-05	0.0
-1.1947602e-06	-1.078467e-05	0.0
-3.2621758e-06	-1.0925261e-05	0.0
-3.1618993e-06	-1.0384651e-05	0.0
-2.2259674e-06	-9.5595724e-06	0.0
-4.1851936e-06	-1.0381549e-05	0.0
-3.5038236e-06	-1.0390937e-05	0.0
-2.6867995e-06	-9.5722453e-06	0.0
-3.2635232e-06	-9.294693e-06	0.0
-2.4573706e-06	-1.0256926e-05	0.0
-2.4505689e-06	-9.9924964e-06	0.0
-2.7991387e-06	-9.0344729e-06	0.0
-2.3334781e-06	-8.8974366e-06	0.0
-3.1402967e-06	-9.1692536e-06	0.0
-2.3373398e-06	-1.0004126e-05	0.0
-1.8681652e-06	-8.0869395e-06	0.0
-2.442363e-06	-9.0423309e-06	0.0
-2.560274e-06	-8.6406571e-06	0.0
-2.0977513e-06	-8.5014572e-06	0.0
-1.8650404e-06	-8.9178366e-06	0.0
-1.6316242e-06	-8.2387323e-06	0.0
-1.7466331e-06	-7.9612746e-06	0.0
-1.2843924e-06	-8.5164493e-06	0.0
-1.5087076e-06	-7.2888079e-06	0.0
-1.9758791e-06	-7.1474801e-06	0.0
-8.1675228e-07	-7.4287909e-06	0.0
-2.1973767e-06	-6.4717606e-06	0.0
-1.7411646e-06	-7.0171031e-06	0.0
-1.1601104e-06	-7.4396185e-06	0.0
-1.3865056e-06	-5.5211799e-06	0.0
-1.8507508e-06	-6.4788092e-06	0.0
-8.1111932e-07	-6.3473453e-06	0.0
-1.2663978e-06	-6.7607621e-06	0.0
-1.9586917e-06	-6.2193349e-06	0.0
-2.3051341e-06	-5.397123e-06	0.0
-2.1892861e-06	-5.8079841e-06	0.0
-1.8432024e-06	-6.2255203e-06	0.0
-8.0432307e-07	-5.2703676e-06	0.0
-4.507298e-07	-5.1312409e-06	0.0
-2.0671011e-06	-5.8244182e-06	0.0
-9.1546036e-07	-3.9068327e-06	0.0
-7.954867e-07	-5.0040453e-06	0.0
-9.088389e-07	-4.1862318e-06	0.0
-1.714599e-06	-5.0087447e-06	0.0
-2.0614411e-06	-5.1513266e-06	0.0
-1.9440297e-06	-4.743235e-06	0.0
-2.2899319e-06	-4.3342388e-06	0.0
-1.710558e-06	-4.3369514e-06	0.0
-2.7480928e-06	-4.3391401e-06	0.0
-1.8244655e-06	-5.1645834e-06	0.0
-1.9373238e-06	-5.3047752e-06	0.0
-2.1680087e-06	-5.5822038e-06	0.0
-1.0117144e-06	-4.6261871e-06	0.0
-2.5102352e-06	-4.2165548e-06	0.0
-1.9327658e-06	-5.1788134e-06	0.0
-2.2771756e-06	-5.3195436e-06	0.0
-2.0457451e-06	-3.9520914e-06	0.0
-7.7455036e-07	-3.4056854e-06	0.0
-1.3501583e-06	-5.4649145e-06	0.0
-1.6950496e-06	-3.2744333e-06	0.0
-2.3860864e-06	-3.6887247e-06	0.0
-2.0383814e-06	-4.2390498e-06	0.0
-1.9217568e-06	-1.6376931e-06	0.0
-1.9207259e-06	-3.0126694e-06	0.0
-2.3808109e-06	-2.7403034e-06	0.0
-2.1484759e-06	-3.2926325e-06	0.0
-2.0311584e-06	-4.117252e-06	0.0
-1.1068145e-06	-3.4327938e-06	0.0
-1.6846789e-06	-2.2036083e-06	0.0
-2.8358672e-06	-3.0294918e-06	0.0
-2.025178e-06	-2.6200669e-06	0.0
-1.44819e-06	-2.7613899e-06	0.0
-1.3297911e-06	-3.1746138e-06	0.0
-1.7658738e-07	-2.6276857e-06	0.0
-2.1412193e-06	-2.222057e-06	0.0
-3.5207981e-06	-3.3212873e-06	0.0
-2.8225522e-06	-2.9111764e-06	0.0
-1.3242021e-06	-3.052043e-06	0.0
-2.1325716e-06	-2.7796586e-06	0.0
-2.0143723e-06	-2.3709713e-06	0.0
-2.1276069e-06	-1.9640383e-06	0.0
-1.318057e-06	-2.240304e-06	0.0
-1.4346057e-06	-1.5569165e-06	0.0
-1.7792855e-06	-1.5616316e-06	0.0
-1.775117e-06	-1.7021243e-06	0.0
-1.1997738e-06	-2.1159849e-06	0.0
-2.3551347e-06	-2.2566494e-06	0.0
-2.2292738e-06	-2.5297056e-06	0.0
-6.1597672e-07	-1.1603498e-06	0.0
-1.5440406e-06	-8.9277864e-07	0.0
-1.9986257e-06	-8.9740746e-07	0.0
-1.6534825e-06	-1.8630956e-06	0.0
-1.9932497e-06	-2.6828827e-06	0.0
-6.1274926e-07	-1.7225767e-06	0.0
-2.341952e-06	-1.4585517e-06	0.0
-1.0686541e-06	-2.2808217e-06	0.0
-2.224873e-06	-1.3194889e-06	0.0
-1.7607633e-06	-1.0555402e-06	0.0
-2.9148548e-06	-2.157909e-06	0.0
-2.3300049e-06	-2.2835925e-06	0.0
-1.9859667e-06	-1.0060005e-07	0.0
-1.9858289e-06	-1.4778337e-06	0.0
-1.9812251e-06	-6.5611835e-07	0.0
-1.0546134e-06	-1.8960665e-06	0.0
-1.1820796e-06	-1.2039068e-06	0.0
-2.9021155e-06	-8.0491549e-07	0.0
-1.2815907e-06	-1.626829e-06	0.0
-2.2147315e-06	-6.6452571e-07	0.0
-2.4349106e-06	-6.7942904e-07	0.0
-1.6193904e-06	-1.7741436e-06	0.0
-4.7210983e-07	-1.2248674e-06	0.0
-1.2850509e-06	-1.5064146e-06	0.0
-1.6271919e-06	-1.226025e-06	0.0
-1.9665717e-06	-2.7320962e-07	0.0
-1.1554471e-06	-5.5651668e-07	0.0
-1.1594462e-06	-6.9304127e-07	0.0
-9.2162298e-07	-4.1531379e-07	0.0
-4.6434141e-07	1.1793441e-07	0.0
-9.257659e-07	-1.3976843e-06	0.0
-1.0449353e-06	-1.3827862e-06	0.0
-2.0773346e-06	-5.6494076e-07	0.0
-1.4932012e-06	-5.7923387e-07	0.0
-2.2041456e-06	-1.1218706e-06	0.0
-3.3348626e-06	-4.4117328e-07	0.0
-1.714009e-06	-1.2774568e-06	0.0
-2.311393e-06	-1.3964782e-06	0.0
-2.5154122e-06	-1.7254604e-07	0.0
-1.025665e-06	-8.7327294e-07	0.0
-1.9500624e-06	-1.0005052e-06	0.0
-7.8233302e-07	-3.1024371e-07	0.0
-1.0370625e-06	7.2149327e-08	0.0
-2.0604125e-06	-1.7016886e-06	0.0
-1.2442815e-06	-1.7416622e-07	0.0
-1.368986e-06	6.6628509e-08	0.0
-1.5996239e-06	-1.0262735e-06	0.0
-2.0573232e-06	-1.0342128e-06	0.0
-2.0566683e-06	-2.2639965e-06	0.0
-2.3977284e-06	-1.2918788e-06	0.0
-1.9310924e-06	-1.0328114e-06	0.0
-1.8153614e-06	-8.9651945e-07	0.0
-1.2311813e-06	-9.0605045e-07	0.0
-8.9657954e-07	-1.1751303e-06	0.0
-1.8349267e-06	-7.7442911e-07	0.0
-2.8504026e-06	-1.4580776e-06	0.0
-1.7975971e-06	-3.4419244e-07	0.0
-1.3456629e-06	4.5348133e-07	0.0
-1.1165007e-06	4.1855493e-08	0.0
-1.2326497e-06	4.4598272e-07	0.0
-1.1090799e-06	-5.282065e-07	0.0
-7.6566425e-07	-9.2748326e-07	0.0
-7.6016784e-07	-6.466953e-07	0.0
5.9500572e-08	-1.092416e-07	0.0
6.1815535e-07	-2.4699131e-07	0.0
-4.3973395e-07	1.5499772e-07	0.0
-1.4506383e-06	3.7728011e-08	0.0
-5.1572965e-07	1.8000737e-06	0.0
-4.1379536e-07	-2.3723638e-08	0.0
-5.2862822e-07	-6.5482055e-07	0.0
-7.5705611e-07	1.1107356e-06	0.0
-9.9590852e-07	2.712726e-07	0.0
-1.7955696e-06	8.281022e-07	0.0
-1.1923278e-06	2.5714741e-07	0.0
-4.4071641e-08	-1.3713982e-07	0.0
5.0999589e-08	2.6153864e-07	0.0
-7.6083683e-07	-2.7898352e-07	0.0
-9.6329313e-07	6.7409019e-07	0.0
1.876073e-07	-1.6378129e-07	0.0
1.8917883e-07	1.2960861e-07	0.0
8.6489604e-07	9.0518157e-08	0.0
-5.1813805e-07	-1.387392e-06	0.0
1.9532681e-07	5.3416437e-07	0.0
6.3159874e-08	-7.4807616e-07	0.0
-1.5899292e-07	-1.3855432e-06	0.0
2.006053e-07	2.426093e-07	0.0
7.6273892e-07	-3.0071138e-07	0.0
-1.6940321e-07	1.7579796e-06	0.0
-4.9986318e-07	1.0292993e-06	0.0
-3.8059437e-07	3.6734232e-07	0.0
-3.8769625e-07	9.0863955e-07	0.0
-7.2371461e-07	6.4969164e-08	0.0
-2.2248679e-08	-4.6069459e-07	0.0
3.1794684e-07	6.4359989e-07	0.0
5.4941228e-07	7.4126558e-07	0.0
6.6493209e-07	-6.1614105e-07	0.0
6.6065104e-07	6.7260174e-08	0.0
1.9593557e-07	-8.9796782e-07	0.0
-1.4196316e-07	-5.8625538e-08	0.0
-2.0285574e-08	5.090909e-08	0.0
-2.7160678e-07	-4.8838615e-07	0.0
-1.0408538e-06	5.6069741e-08	0.0
9.0729515e-07	-2.1658985e-07	0.0
-7.3074676e-07	6.0253706e-07	0.0
-2.2935966e-07	1.7689592e-07	0.0
3.3081125e-07	1.7956492e-07	0.0
-2.3258751e-08	-2.4599348e-07	0.0
-4.8256777e-07	-1.0749364e-06	0.0
