#Bx [T], By [T], Bz [T] on 3D mesh: inmost loop vs X (horizontal transverse position), outmost loop vs Z (longitudinal position)
#0.0 #initial X position [m]
#0.0 #step of X [m]
#1 #number of points vs X
#0.0 #initial Y position [m]
#0.0 #step of Y [m]
#1 #number of points vs Y
#-1.1855 #initial Z position [m]
#0.001 #step of Z [m]
#2371 #number of points vs Z
2.5842792e-07	-7.0186843e-07	0.0
-5.4790712e-07	-1.6646462e-06	0.0
-7.7752139e-07	1.1379485e-07	0.0
-1.9905137e-07	1.3448347e-06	0.0
-8.9008682e-07	-1.6627563e-07	0.0
-8.1205911e-08	1.2011266e-06	0.0
4.9740481e-07	1.0187728e-07	0.0
-7.8037274e-08	-1.4094859e-06	0.0
-5.384972e-07	-5.9055265e-07	0.0
-7.5855887e-08	-4.56458e-07	0.0
4.1545078e-08	8.8258965e-08	0.0
-6.4927917e-07	8.6766136e-08	0.0
-5.3421672e-07	-1.4257012e-06	0.0
5.0687345e-07	3.5142659e-07	0.0
-6.9133002e-08	2.1392066e-07	0.0
9.7078191e-07	-6.3390985e-08	0.0
3.9579791e-07	-6.1618675e-07	0.0
8.588155e-07	3.3985827e-07	0.0
-6.2125878e-08	3.3640822e-07	0.0
2.8237227e-07	1.4299598e-06	0.0
8.6345091e-07	8.8100023e-07	0.0
-5.8101421e-08	6.0178229e-07	0.0
2.8713683e-07	6.003022e-07	0.0
2.9074252e-07	-4.9765197e-07	0.0
-2.8401814e-07	-1.0538984e-06	0.0
-7.4597051e-07	-9.6996601e-08	0.0
-6.2895725e-07	-5.0986478e-07	0.0
-8.5964103e-07	-2.3967883e-07	0.0
-5.1852872e-08	-7.8842368e-07	0.0
-4.5732449e-08	-1.2069889e-06	0.0
-7.4082243e-07	-2.5064381e-07	0.0
7.569414e-07	-7.9640552e-07	0.0
1.1124863e-06	-1.3550166e-06	0.0
1.8910038e-07	1.4952283e-07	0.0
3.0687741e-07	-3.9432533e-07	0.0
-8.4513294e-07	-1.2224633e-06	0.0
-6.1766195e-07	-1.3655899e-06	0.0
-3.8425654e-07	-1.0940452e-06	0.0
1.8952433e-07	-1.2338085e-06	0.0
1.1226481e-06	-1.100807e-06	0.0
-9.5007823e-07	-9.6730173e-07	0.0
-7.2970545e-07	-6.9571882e-07	0.0
-2.8062129e-08	-5.6393793e-07	0.0
-1.0684636e-06	1.2091398e-07	0.0
3.1364817e-07	-5.6552113e-07	0.0
9.2378102e-08	-5.7051187e-07	0.0
-1.4326471e-07	-9.8359101e-07	0.0
3.2656885e-07	-9.9020974e-07	0.0
-1.4037962e-06	-5.8119127e-07	0.0
-8.3070864e-07	-7.20076e-07	0.0
-9.4477656e-07	-7.2416634e-07	0.0
-1.3347456e-07	-7.2682332e-07	0.0
-5.9803631e-07	-7.3120106e-07	0.0
9.0904689e-07	-5.9493817e-07	0.0
-1.0483326e-06	-1.4172608e-06	0.0
-3.6063912e-07	-1.7045606e-06	0.0
-1.1623441e-06	-6.1479625e-08	0.0
-9.3595457e-07	-4.6976032e-07	0.0
-4.7407681e-07	-3.3907446e-07	0.0
1.0908207e-07	-6.1206964e-07	0.0
-8.095908e-07	-1.0322448e-06	0.0
-1.1573134e-06	-7.6116017e-08	0.0
-1.3891017e-06	-4.8406019e-07	0.0
-6.9959839e-07	-7.6727082e-07	0.0
-1.1521715e-07	-8.6005983e-08	0.0
-9.1659297e-07	-3.5400259e-07	0.0
-1.4988042e-06	-1.3249331e-06	0.0
-9.2277895e-07	3.8423689e-08	0.0
-3.4821068e-07	4.3908511e-08	0.0
8.1477179e-07	-5.0524744e-07	0.0
-4.4828377e-07	-1.1995606e-06	0.0
-4.5316324e-07	-9.2232784e-07	0.0
-5.68735e-07	-2.1686606e-06	0.0
1.1332943e-08	-1.1665995e-07	0.0
-6.744379e-07	-1.2062413e-06	0.0
-7.9814237e-07	-8.0687255e-07	0.0
2.4307712e-07	-9.4073687e-07	0.0
1.3347506e-07	-1.2222413e-06	0.0
2.2086711e-08	-1.082968e-06	0.0
-1.1260221e-06	-2.0501077e-06	0.0
-1.9399372e-06	-1.0968275e-06	0.0
-1.5954392e-06	-1.3710505e-06	0.0
-1.3642898e-06	-8.2723761e-07	0.0
-6.7095561e-07	-1.3713568e-06	0.0
-3.2344909e-07	-1.793329e-06	0.0
3.2166504e-08	-9.8046394e-07	0.0
-1.0075297e-06	-1.549805e-07	0.0
-4.3198597e-07	-4.2704437e-07	0.0
-7.7867401e-07	-1.1097269e-06	0.0
1.4862063e-07	-2.621081e-06	0.0
-9.95081e-07	-2.7768385e-06	0.0
-1.1225226e-06	-1.4149862e-06	0.0
-3.1606277e-07	-5.8112084e-07	0.0
3.8147917e-07	-1.6731142e-06	0.0
2.7784722e-07	-2.1013873e-06	0.0
-6.4643177e-07	-1.2851335e-06	0.0
-6.4822035e-07	-1.0073096e-06	0.0
-9.9419162e-07	-1.4112848e-06	0.0
-6.4851866e-07	-2.1208903e-06	0.0
-8.7304386e-07	-4.6586024e-07	0.0
-1.1024935e-06	-2.2512233e-06	0.0
-1.3369025e-06	-6.2026402e-07	0.0
-6.5173566e-07	-1.69985e-06	0.0
-6.0079799e-08	-1.4540112e-06	0.0
-8.6378253e-07	-6.1585854e-07	0.0
-9.792725e-07	-1.9888439e-06	0.0
-1.670684e-06	-1.4561232e-06	0.0
-1.4458456e-06	-1.4569339e-06	0.0
-1.3272461e-06	-9.0826609e-07	0.0
-1.2065194e-06	-1.4581242e-06	0.0
-1.6645114e-06	-1.1868541e-06	0.0
-1.8940433e-06	-2.0061791e-06	0.0
-2.1336466e-06	-2.024274e-06	0.0
-1.3203818e-06	-1.2104792e-06	0.0
-2.0023097e-06	-5.1651966e-07	0.0
-1.9003039e-06	-1.0608808e-06	0.0
-1.5402463e-06	-1.4755188e-06	0.0
-2.2379102e-06	-1.9010345e-06	0.0
-1.4308036e-06	-1.0819721e-06	0.0
-1.7752002e-06	-1.4854361e-06	0.0
-7.4310066e-07	-1.3680907e-06	0.0
-8.368018e-07	-8.0557317e-07	0.0
-1.6434427e-06	-2.1739074e-06	0.0
-1.7761375e-06	-1.7982854e-06	0.0
-7.3503577e-07	-6.8027583e-07	0.0
-9.4677478e-07	-1.9184704e-06	0.0
-1.5288336e-06	-8.4181369e-07	0.0
-1.306757e-06	-9.6006374e-07	0.0
-1.060941e-06	-1.5159409e-06	0.0
-1.8709075e-06	-1.6602025e-06	0.0
-9.7254633e-07	-1.6650787e-06	0.0
2.0962713e-07	-1.7945556e-06	0.0
-1.271676e-06	-2.2337047e-06	0.0
-1.75973e-06	-8.3906849e-07	0.0
-1.3952655e-06	-3.5732019e-06	0.0
-2.7810597e-06	-2.7957396e-06	0.0
-2.4391709e-06	-2.3653954e-06	0.0
-3.3571739e-06	-2.513355e-06	0.0
-2.5751349e-06	-1.8329797e-06	0.0
-1.7341824e-06	-1.8277223e-06	0.0
-3.017158e-06	-1.9654883e-06	0.0
-1.5134831e-06	-2.2499667e-06	0.0
-2.6677383e-06	-1.9694526e-06	0.0
-8.2731941e-07	-2.8039806e-06	0.0
-2.0633454e-06	-1.7179671e-06	0.0
-2.2101074e-06	-2.2449221e-06	0.0
-1.5035283e-06	-2.9453872e-06	0.0
-2.189217e-06	-2.6865989e-06	0.0
-2.1903825e-06	-2.2666356e-06	0.0
-2.4359088e-06	-2.555787e-06	0.0
-1.2631135e-06	-1.455709e-06	0.0
-2.7624092e-06	-2.6674354e-06	0.0
-1.6192052e-06	-3.6444578e-06	0.0
-2.4101569e-06	-4.1947378e-06	0.0
-1.7438992e-06	-4.2310353e-06	0.0
-1.1335223e-06	-2.0302193e-06	0.0
-2.5261916e-06	-2.5705442e-06	0.0
-1.4991102e-06	-1.6118908e-06	0.0
-2.1633982e-06	-3.2343414e-06	0.0
-2.7601116e-06	-3.9527963e-06	0.0
-2.1794442e-06	-3.2793894e-06	0.0
-2.5239581e-06	-2.9867442e-06	0.0
-1.9480151e-06	-4.2178722e-06	0.0
-2.1743501e-06	-4.3828868e-06	0.0
-1.7153168e-06	-3.5608102e-06	0.0
-2.0433542e-06	-4.0822101e-06	0.0
-2.5260495e-06	-5.351726e-06	0.0
-1.3628317e-06	-3.8350377e-06	0.0
-2.2753704e-06	-5.4838633e-06	0.0
-1.8244926e-06	-3.7220916e-06	0.0
-2.2676302e-06	-4.5192633e-06	0.0
-2.7424162e-06	-4.4066655e-06	0.0
-2.2790459e-06	-3.9977631e-06	0.0
-2.7274132e-06	-3.9772244e-06	0.0
-3.1927266e-06	-5.3662498e-06	0.0
-3.3140454e-06	-4.2839924e-06	0.0
-2.8590425e-06	-4.6857463e-06	0.0
-2.273463e-06	-4.1528165e-06	0.0
-2.4926412e-06	-4.5318552e-06	0.0
-2.8427021e-06	-6.0773555e-06	0.0
-2.6208604e-06	-4.1642693e-06	0.0
-2.2594159e-06	-5.3727085e-06	0.0
-2.8433078e-06	-5.1325687e-06	0.0
-2.0351679e-06	-4.7083217e-06	0.0
-2.3805512e-06	-5.2550713e-06	0.0
-1.4566409e-06	-5.2725491e-06	0.0
-2.1302837e-06	-4.9889209e-06	0.0
-2.3719556e-06	-5.5513192e-06	0.0
-2.5920856e-06	-4.5947759e-06	0.0
-2.846579e-06	-5.2690434e-06	0.0
-1.4456289e-06	-5.4125449e-06	0.0
-2.7010221e-06	-5.9726858e-06	0.0
-2.3651503e-06	-5.2910209e-06	0.0
-3.0522604e-06	-6.0946113e-06	0.0
-2.2677063e-06	-6.8031145e-06	0.0
-1.6580819e-06	-6.2659574e-06	0.0
-2.8166619e-06	-6.1215655e-06	0.0
-2.1331639e-06	-6.2623235e-06	0.0
-2.5825416e-06	-6.3975176e-06	0.0
-2.359689e-06	-6.8186168e-06	0.0
-2.3549437e-06	-6.5451859e-06	0.0
-2.2366025e-06	-7.0944598e-06	0.0
-2.7951569e-06	-6.8335289e-06	0.0
-3.8476978e-06	-6.6949688e-06	0.0
-3.1680543e-06	-6.8246968e-06	0.0
-2.8150948e-06	-7.2600928e-06	0.0
-2.4584454e-06	-5.8876449e-06	0.0
-2.9235709e-06	-6.8263776e-06	0.0
-2.2340089e-06	-7.125941e-06	0.0
-2.3435875e-06	-6.9785183e-06	0.0
-2.3237519e-06	-7.6814504e-06	0.0
-4.0606506e-06	-6.5853119e-06	0.0
-3.1637003e-06	-7.4038694e-06	0.0
-2.5724792e-06	-7.2565977e-06	0.0
-2.5542306e-06	-9.193297e-06	0.0
-3.6016943e-06	-7.3070646e-06	0.0
-3.1330007e-06	-7.1316481e-06	0.0
-4.4057169e-06	-8.3697732e-06	0.0
-3.0432902e-06	-8.6648406e-06	0.0
-2.7778015e-06	-8.3866598e-06	0.0
-3.9333258e-06	-9.0702606e-06	0.0
-3.7209566e-06	-9.2195578e-06	0.0
-3.132744e-06	-9.22033e-06	0.0
-3.4743671e-06	-9.3615226e-06	0.0
-3.3607148e-06	-9.4947982e-06	0.0
-3.6969086e-06	-1.0320135e-05	0.0
-4.1652424e-06	-1.073163e-05	0.0
-3.4879022e-06	-1.143855e-05	0.0
-2.5431555e-06	-1.0068428e-05	0.0
-3.3577876e-06	-1.0883012e-05	0.0
-1.9748302e-06	-1.0747351e-05	0.0
-2.8735483e-06	-1.1855926e-05	0.0
-3.5739147e-06	-1.036812e-05	0.0
-3.8151748e-06	-1.0470488e-05	0.0
-3.0058125e-06	-1.2002215e-05	0.0
-3.3364711e-06	-1.0644579e-05	0.0
-3.694159e-06	-1.104194e-05	0.0
-3.1124694e-06	-1.1051304e-05	0.0
-3.3474187e-06	-1.1326269e-05	0.0
-2.3043779e-06	-1.1729305e-05	0.0
-3.2096302e-06	-1.311225e-05	0.0
-3.6850975e-06	-1.2311439e-05	0.0
-3.2264165e-06	-1.2017013e-05	0.0
-3.2096837e-06	-1.3256679e-05	0.0
-4.362294e-06	-1.3129164e-05	0.0
-4.2636843e-06	-1.3545236e-05	0.0
-3.5647554e-06	-1.3133379e-05	0.0
-3.6732649e-06	-1.4090709e-05	0.0
-3.5622097e-06	-1.4103343e-05	0.0
-3.325255e-06	-1.4241458e-05	0.0
-3.5560561e-06	-1.411155e-05	0.0
-2.9889507e-06	-1.4238169e-05	0.0
-2.3936987e-06	-1.5344449e-05	0.0
-3.4299867e-06	-1.4942888e-05	0.0
-3.2049604e-06	-1.5218133e-05	0.0
-3.770049e-06	-1.4943632e-05	0.0
-3.9060224e-06	-1.5766269e-05	0.0
-2.7364119e-06	-1.550981e-05	0.0
-4.2210295e-06	-1.5224599e-05	0.0
-4.468754e-06	-1.5920621e-05	0.0
-4.352692e-06	-1.5633885e-05	0.0
-3.8935177e-06	-1.8231933e-05	0.0
-3.5382666e-06	-1.8409899e-05	0.0
-4.2162928e-06	-1.7437411e-05	0.0
-5.0415488e-06	-1.853146e-05	0.0
-3.888038e-06	-1.8538671e-05	0.0
-4.11274e-06	-1.9232253e-05	0.0
-3.5303328e-06	-1.8681449e-05	0.0
-4.4495587e-06	-1.9785481e-05	0.0
-3.7730761e-06	-1.8566563e-05	0.0
-3.4056147e-06	-1.8956682e-05	0.0
-4.5543584e-06	-2.0321764e-05	0.0
-4.7973112e-06	-2.1852471e-05	0.0
-4.6765608e-06	-2.0909587e-05	0.0
-4.6863402e-06	-2.1159287e-05	0.0
-3.7503614e-06	-2.2413084e-05	0.0
-5.1191032e-06	-2.1592885e-05	0.0
-5.7091183e-06	-2.2950742e-05	0.0
-5.6040685e-06	-2.378102e-05	0.0
-4.7838585e-06	-2.4888492e-05	0.0
-5.4791367e-06	-2.435699e-05	0.0
-4.3294103e-06	-2.4074934e-05	0.0
-4.7732528e-06	-2.4616391e-05	0.0
-5.0096482e-06	-2.5451827e-05	0.0
-5.2366304e-06	-2.5314312e-05	0.0
-5.1356233e-06	-2.6542008e-05	0.0
-3.6370009e-06	-2.6975305e-05	0.0
-3.4935813e-06	-2.6825737e-05	0.0
-4.7628191e-06	-2.8208669e-05	0.0
-4.667218e-06	-2.7393289e-05	0.0
-3.9599217e-06	-2.8612907e-05	0.0
-4.8779953e-06	-2.931077e-05	0.0
-4.5448623e-06	-3.0263369e-05	0.0
-4.1903982e-06	-3.1511467e-05	0.0
-4.1898011e-06	-3.1250056e-05	0.0
-4.2910356e-06	-3.1513995e-05	0.0
-5.3420717e-06	-3.2609532e-05	0.0
-3.9647198e-06	-3.3049186e-05	0.0
-4.2861066e-06	-3.1802403e-05	0.0
-5.3245562e-06	-3.3847249e-05	0.0
-5.7991538e-06	-3.4145305e-05	0.0
-5.1056663e-06	-3.4681125e-05	0.0
-5.2166906e-06	-3.606113e-05	0.0
-4.9803825e-06	-3.6338934e-05	0.0
-5.1143934e-06	-3.7307658e-05	0.0
-2.9092844e-06	-3.6897094e-05	0.0
-4.500364e-06	-3.813022e-05	0.0
-4.6399809e-06	-3.8269049e-05	0.0
-4.2782544e-06	-3.9781436e-05	0.0
-5.2054247e-06	-3.9519262e-05	0.0
-4.4029134e-06	-4.0331834e-05	0.0
-4.4002709e-06	-4.1165382e-05	0.0
-3.7006487e-06	-4.1972824e-05	0.0
-4.5067491e-06	-4.4456541e-05	0.0
-4.0428617e-06	-4.3654123e-05	0.0
-5.0780454e-06	-4.4585893e-05	0.0
-5.0710191e-06	-4.6664114e-05	0.0
-6.5811391e-06	-4.6118996e-05	0.0
-5.1965476e-06	-4.8028487e-05	0.0
-6.2318131e-06	-4.8597743e-05	0.0
-4.5144147e-06	-4.8866266e-05	0.0
-4.5992433e-06	-4.9701615e-05	0.0
-6.1038982e-06	-4.9283419e-05	0.0
-5.9993185e-06	-5.1604169e-05	0.0
-5.8764062e-06	-5.2984546e-05	0.0
-6.2199911e-06	-5.4507345e-05	0.0
-6.4502638e-06	-5.3965647e-05	0.0
-6.3448147e-06	-5.5453431e-05	0.0
-5.2949927e-06	-5.7527563e-05	0.0
-6.3281077e-06	-5.7403206e-05	0.0
-5.8738456e-06	-5.8345126e-05	0.0
-5.8729784e-06	-6.0413153e-05	0.0
-5.1749071e-06	-6.0696369e-05	0.0
-5.862923e-06	-6.2059014e-05	0.0
-5.5207988e-06	-6.330591e-05	0.0
-5.6337503e-06	-6.3852545e-05	0.0
-5.172918e-06	-6.5763699e-05	0.0
-5.2797941e-06	-6.7694193e-05	0.0
-5.6267877e-06	-6.8530513e-05	0.0
-5.7392926e-06	-6.9338646e-05	0.0
-6.0882726e-06	-7.1952905e-05	0.0
-5.8510941e-06	-7.2102674e-05	0.0
-6.6596272e-06	-7.3469419e-05	0.0
-6.1996298e-06	-7.4424723e-05	0.0
-6.9929197e-06	-7.703204e-05	0.0
-7.8091389e-06	-7.7736404e-05	0.0
-7.4709865e-06	-7.8688194e-05	0.0
-6.6645034e-06	-8.0734018e-05	0.0
-6.0735169e-06	-8.3621744e-05	0.0
-6.8787003e-06	-8.5007159e-05	0.0
-6.7650481e-06	-8.6510488e-05	0.0
-7.3370352e-06	-8.8437548e-05	0.0
-7.3434185e-06	-8.953717e-05	0.0
-6.9958187e-06	-9.1588299e-05	0.0
-6.9870653e-06	-9.3919109e-05	0.0
-7.5654816e-06	-9.6398173e-05	0.0
-7.2237567e-06	-9.7636352e-05	0.0
-7.1009854e-06	-9.9694378e-05	0.0
-7.1079444e-06	-0.00010106723	0.0
-6.4034339e-06	-0.00010353197	0.0
-7.5581352e-06	-0.00010532951	0.0
-6.641676e-06	-0.00010709158	0.0
-7.2004177e-06	-0.00011135425	0.0
-8.0165191e-06	-0.00011178933	0.0
-7.3368283e-06	-0.00011381967	0.0
-6.1722362e-06	-0.0001175244	0.0
-6.3982307e-06	-0.00011987796	0.0
-6.0500192e-06	-0.00012097184	0.0
-6.8466934e-06	-0.00012411003	0.0
-7.6598917e-06	-0.00012781641	0.0
-7.5514813e-06	-0.00013084475	0.0
-7.0850438e-06	-0.00013291001	0.0
-7.3102979e-06	-0.00013536656	0.0
-7.6525557e-06	-0.00013921234	0.0
-8.0086329e-06	-0.00014127939	0.0
-6.8517265e-06	-0.00014428662	0.0
-7.7536297e-06	-0.00014771888	0.0
-8.5873344e-06	-0.0001510077	0.0
-6.5005584e-06	-0.00015485266	0.0
-8.1002145e-06	-0.00015760121	0.0
-7.7707964e-06	-0.00016115828	0.0
-7.4188006e-06	-0.00016513995	0.0
-7.0708002e-06	-0.00016857087	0.0
-7.291083e-06	-0.00017267813	0.0
-7.8788771e-06	-0.00017734466	0.0
-6.8320978e-06	-0.00018133088	0.0
-8.2115221e-06	-0.00018476215	0.0
-7.8685871e-06	-0.00018872901	0.0
-8.9006435e-06	-0.00019407501	0.0
-8.9064633e-06	-0.00019848185	0.0
-9.0198728e-06	-0.00020189842	0.0
-8.9012974e-06	-0.00020793315	0.0
-9.3613207e-06	-0.00021150796	0.0
-9.1342736e-06	-0.00021657662	0.0
-8.6729833e-06	-0.00022123507	0.0
-8.3163459e-06	-0.00022781067	0.0
-9.4657344e-06	-0.0002333084	0.0
-9.8161718e-06	-0.00023878488	0.0
-1.0048324e-05	-0.0002452379	0.0
-9.7003949e-06	-0.00025003651	0.0
-9.9288554e-06	-0.00025688735	0.0
-9.5853338e-06	-0.00026265348	0.0
-9.1231386e-06	-0.00026936227	0.0
-8.8811648e-06	-0.00027676715	0.0
-1.0034714e-05	-0.00028375877	0.0
-9.6953399e-06	-0.00029116718	0.0
-9.913766e-06	-0.00029828472	0.0
-1.0840758e-05	-0.0003074797	0.0
-1.049706e-05	-0.00031311618	0.0
-1.0948283e-05	-0.00032076915	0.0
-1.1532843e-05	-0.00033009276	0.0
-1.0503364e-05	-0.00033887191	0.0
-9.5657279e-06	-0.00034791694	0.0
-1.0818006e-05	-0.00035723977	0.0
-1.1880876e-05	-0.00036616117	0.0
-9.6890462e-06	-0.00037477937	0.0
-1.0580795e-05	-0.00038642989	0.0
-1.1986273e-05	-0.00039576221	0.0
-1.0716252e-05	-0.00040658301	0.0
-1.1851114e-05	-0.00041714773	0.0
-1.2670588e-05	-0.00042823053	0.0
-1.2441606e-05	-0.00044180916	0.0
-1.2436831e-05	-0.0004526595	0.0
-1.255206e-05	-0.00046456777	0.0
-1.2549212e-05	-0.00047826904	0.0
-1.3005028e-05	-0.00049211708	0.0
-1.3471846e-05	-0.00050596381	0.0
-1.3123959e-05	-0.00052007864	0.0
-1.3691562e-05	-0.00053515896	0.0
-1.416218e-05	-0.00054995902	0.0
-1.3469122e-05	-0.00056613126	0.0
-1.3916645e-05	-0.00058190053	0.0
-1.473184e-05	-0.00059860945	0.0
-1.4271476e-05	-0.00061724975	0.0
-1.4273456e-05	-0.00063508673	0.0
-1.3569767e-05	-0.00065247127	0.0
-1.5288437e-05	-0.00067343924	0.0
-1.5881093e-05	-0.00069289422	0.0
-1.5535217e-05	-0.0007161778	0.0
-1.563884e-05	-0.00073745556	0.0
-1.6675511e-05	-0.00075800525	0.0
-1.7138302e-05	-0.00078183098	0.0
-1.760592e-05	-0.00080691563	0.0
-1.7025437e-05	-0.0008315841	0.0
-1.7711092e-05	-0.00085748057	0.0
-1.7827013e-05	-0.00088406348	0.0
-1.840426e-05	-0.00091242336	0.0
-1.8062125e-05	-0.00094215432	0.0
-1.8279323e-05	-0.00097340089	0.0
-1.9316787e-05	-0.0010047886	0.0
-2.0116146e-05	-0.0010374067	0.0
-2.1964173e-05	-0.0010709633	0.0
-2.2093371e-05	-0.0011074157	0.0
-2.2310949e-05	-0.0011436094	0.0
-2.3127977e-05	-0.0011816802	0.0
-2.2655611e-05	-0.0012231985	0.0
-2.4607207e-05	-0.0012641893	0.0
-2.4857682e-05	-0.0013068026	0.0
-2.4956344e-05	-0.0013517599	0.0
-2.6457543e-05	-0.0013980957	0.0
-2.6576938e-05	-0.0014461681	0.0
-2.7605351e-05	-0.0014998827	0.0
-2.8421007e-05	-0.0015532251	0.0
-2.8422402e-05	-0.0016078977	0.0
-2.8873124e-05	-0.0016647723	0.0
-3.0028006e-05	-0.001725197	0.0
-3.0824693e-05	-0.001788232	0.0
-3.3135078e-05	-0.0018534553	0.0
-3.337485e-05	-0.0019223928	0.0
-3.4516932e-05	-0.0019931262	0.0
-3.5788617e-05	-0.0020671007	0.0
-3.6936828e-05	-0.0021463062	0.0
-3.8555849e-05	-0.0022274503	0.0
-3.9132556e-05	-0.0023121231	0.0
-4.0737625e-05	-0.0024009019	0.0
-4.2806354e-05	-0.0024942055	0.0
-4.5579218e-05	-0.0025915096	0.0
-4.719452e-05	-0.0026927509	0.0
-4.9728351e-05	-0.0027994802	0.0
-5.1690276e-05	-0.0029105977	0.0
-5.4111202e-05	-0.003025688	0.0
-5.5961846e-05	-0.0031476838	0.0
-5.8028618e-05	-0.0032745318	0.0
-6.1249106e-05	-0.0034094993	0.0
-6.460341e-05	-0.0035483015	0.0
-6.6907502e-05	-0.0036945022	0.0
-7.0926733e-05	-0.0038466032	0.0
-7.5214492e-05	-0.0040070079	0.0
-7.7282901e-05	-0.0041748504	0.0
-8.2570332e-05	-0.004350964	0.0
-8.7422297e-05	-0.0045327866	0.0
-9.2497372e-05	-0.0047269943	0.0
-9.699534e-05	-0.0049277097	0.0
-0.00010252007	-0.0051391143	0.0
-0.00010897384	-0.0053598634	0.0
-0.00011600788	-0.0055912617	0.0
-0.00012304704	-0.0058351918	0.0
-0.00012951274	-0.006088431	0.0
-0.00013630399	-0.0063519124	0.0
-0.00014539418	-0.0066290498	0.0
-0.00015555117	-0.006917323	0.0
-0.00016489773	-0.0072213425	0.0
-0.00017526824	-0.0075365631	0.0
-0.00018679498	-0.0078650312	0.0
-0.00019879155	-0.0082093235	0.0
-0.00021123808	-0.0085659744	0.0
-0.00022575731	-0.0089392858	0.0
-0.0002413421	-0.0093267858	0.0
-0.00025678196	-0.0097290408	0.0
-0.00027489563	-0.01014617	0.0
-0.00029127841	-0.010578187	0.0
-0.0003102982	-0.011025821	0.0
-0.00032990845	-0.011488926	0.0
-0.00035168615	-0.011967114	0.0
-0.00037544989	-0.012460191	0.0
-0.00039909832	-0.012965959	0.0
-0.00042366769	-0.013484878	0.0
-0.00044834777	-0.014016649	0.0
-0.0004744239	-0.014563282	0.0
-0.00050037546	-0.015116343	0.0
-0.00052817172	-0.015673555	0.0
-0.00055484619	-0.016238121	0.0
-0.00057999924	-0.016801229	0.0
-0.00060436863	-0.017356319	0.0
-0.00062586245	-0.01789825	0.0
-0.00064503518	-0.018415678	0.0
-0.00066236639	-0.018892879	0.0
-0.00067536108	-0.019313708	0.0
-0.0006811769	-0.01965479	0.0
-0.00068489957	-0.019888777	0.0
-0.00068323046	-0.019978529	0.0
-0.00067613256	-0.019883273	0.0
-0.00066337641	-0.019550737	0.0
-0.00064532208	-0.01891502	0.0
-0.00062068511	-0.017896913	0.0
-0.00059254334	-0.016402371	0.0
-0.00056223874	-0.014321743	0.0
-0.00052615756	-0.011523949	0.0
-0.00048775319	-0.0078389999	0.0
-0.00044635084	-0.0031105995	0.0
-0.00040400223	0.0028838001	0.0
-0.00036139871	0.01035085	0.0
-0.00031834666	0.01949835	0.0
-0.0002719262	0.03052834	0.0
-0.00022462205	0.043606114	0.0
-0.00017730745	0.058720209	0.0
-0.00012428203	0.075916432	0.0
-6.8157853e-05	0.095022835	0.0
-4.5840989e-06	0.11568379	0.0
6.5598193e-05	0.13750121	0.0
0.00014091351	0.15995732	0.0
0.00022867118	0.18245167	0.0
0.00032103134	0.20444715	0.0
0.00042427715	0.22531851	0.0
0.00053368264	0.24453428	0.0
0.00065129675	0.2615346	0.0
0.00077900541	0.27579293	0.0
0.0009106127	0.28670967	0.0
0.0010532492	0.29381612	0.0
0.001192224	0.29665041	0.0
0.0013367134	0.2948156	0.0
0.0014699632	0.28805578	0.0
0.0015987657	0.2762506	0.0
0.0017110825	0.25938487	0.0
0.001800859	0.23757289	0.0
0.0018686362	0.2110091	0.0
0.0019050929	0.18000469	0.0
0.0019066337	0.14485683	0.0
0.0018740003	0.10595237	0.0
0.0017998465	0.063894108	0.0
0.0016904407	0.019047776	0.0
0.0015429865	-0.027882854	0.0
0.0013657098	-0.076237731	0.0
0.0011592753	-0.12528598	0.0
0.00093317783	-0.17430517	0.0
0.00068926177	-0.222552	0.0
0.00044081348	-0.2691803	0.0
0.0001899398	-0.31352925	0.0
-6.5871071e-05	-0.355158	0.0
-0.00030024213	-0.39346135	0.0
-0.0005420518	-0.42796254	0.0
-0.0007578769	-0.45833489	0.0
-0.00096688268	-0.48418149	0.0
-0.0011620738	-0.50516224	0.0
-0.001329541	-0.52108598	0.0
-0.0015012003	-0.53168917	0.0
-0.0016338592	-0.53679323	0.0
-0.0017681546	-0.53618157	0.0
-0.0018790767	-0.52971041	0.0
-0.0019718341	-0.51723868	0.0
-0.0020627207	-0.49868229	0.0
-0.0021147714	-0.47400635	0.0
-0.0021727399	-0.44333777	0.0
-0.0022007935	-0.40679806	0.0
-0.0022119649	-0.36475617	0.0
-0.0022140709	-0.31774038	0.0
-0.0021846327	-0.2663441	0.0
-0.0021520429	-0.21126251	0.0
-0.0020909146	-0.15321922	0.0
-0.0020193683	-0.093083218	0.0
-0.0019307511	-0.031488508	0.0
-0.0018256434	0.030808408	0.0
-0.0017063378	0.09297359	0.0
-0.001568794	0.1545444	0.0
-0.0014158385	0.21461539	0.0
-0.0012459133	0.27252981	0.0
-0.0010602401	0.32748252	0.0
-0.00085444556	0.37870532	0.0
-0.00064109213	0.42549109	0.0
-0.0004086004	0.46720123	0.0
-0.0001760829	0.50335389	0.0
6.133163e-05	0.53345937	0.0
0.00030358115	0.55731642	0.0
0.00053001585	0.57470572	0.0
0.00076725986	0.58553219	0.0
0.00098098174	0.58975863	0.0
0.0011901598	0.58735234	0.0
0.0013937979	0.57832927	0.0
0.0015679637	0.56268817	0.0
0.0017467459	0.54050481	0.0
0.0018916423	0.51187032	0.0
0.0020215935	0.47702551	0.0
0.0021285752	0.436281	0.0
0.0022021257	0.39011353	0.0
0.002257139	0.33923593	0.0
0.0022736739	0.28413332	0.0
0.0022671025	0.2257131	0.0
0.0022299439	0.16465552	0.0
0.0021614998	0.10182584	0.0
0.0020726724	0.038066365	0.0
0.0019565907	-0.02602696	0.0
0.0018191169	-0.089717172	0.0
0.0016639058	-0.15231779	0.0
0.0014928365	-0.21303761	0.0
0.0013080916	-0.27109352	0.0
0.0011151043	-0.32571563	0.0
0.00091412937	-0.37615669	0.0
0.00071133778	-0.42174578	0.0
0.00051108259	-0.46186721	0.0
0.00031263829	-0.49614349	0.0
0.0001261994	-0.52411437	0.0
-5.289197e-05	-0.54570347	0.0
-0.00022094385	-0.56067091	0.0
-0.00037344644	-0.56905097	0.0
-0.00051798363	-0.57076406	0.0
-0.00064757618	-0.56581956	0.0
-0.00076664391	-0.55422443	0.0
-0.00087183563	-0.53600764	0.0
-0.0009675168	-0.51126832	0.0
-0.0010528289	-0.48018187	0.0
-0.0011259058	-0.44301426	0.0
-0.0011863338	-0.4001607	0.0
-0.0012368009	-0.35205907	0.0
-0.0012781704	-0.29979432	0.0
-0.0013109229	-0.24355316	0.0
-0.0013340807	-0.18431956	0.0
-0.0013477155	-0.12289679	0.0
-0.0013542011	-0.059895393	0.0
-0.0013505263	0.0033664771	0.0
-0.0013352369	0.066810623	0.0
-0.0013078504	0.12972474	0.0
-0.0012613503	0.19093192	0.0
-0.0011979139	0.24990833	0.0
-0.0011111632	0.30591184	0.0
-0.0010043518	0.35812396	0.0
-0.00087290257	0.40580302	0.0
-0.00071832817	0.44843507	0.0
-0.00055257289	0.4853566	0.0
-0.00036956606	0.51631522	0.0
-0.00018027566	0.54084933	0.0
9.9149129e-06	0.55893701	0.0
0.00019847848	0.57044554	0.0
0.00038248341	0.57530481	0.0
0.00055250095	0.57351643	0.0
0.00071477436	0.56508154	0.0
0.00086000009	0.54999733	0.0
0.00098855654	0.52832901	0.0
0.0010976612	0.50021833	0.0
0.0011823265	0.46584731	0.0
0.0012454756	0.42562532	0.0
0.0012790255	0.37994039	0.0
0.0012896141	0.32944816	0.0
0.0012768459	0.27484336	0.0
0.001242046	0.21676077	0.0
0.0011902085	0.15610158	0.0
0.0011240904	0.093592741	0.0
0.0010497095	0.030075092	0.0
0.0009720294	-0.03377483	0.0
0.00089062803	-0.097145155	0.0
0.00081420259	-0.15949689	0.0
0.00073840772	-0.22001159	0.0
0.00067010726	-0.27788785	0.0
0.00059912767	-0.33224082	0.0
0.000534361	-0.38245982	0.0
0.00046659104	-0.42778704	0.0
0.00039670081	-0.46769974	0.0
0.00033066038	-0.50171536	0.0
0.00025022656	-0.52946544	0.0
0.00017425267	-0.55079103	0.0
8.9903449e-05	-0.56550533	0.0
5.1063016e-06	-0.57359004	0.0
-8.3272636e-05	-0.57499546	0.0
-0.00017757346	-0.56973392	0.0
-0.00026494366	-0.55781364	0.0
-0.00035475698	-0.53926599	0.0
-0.00043107022	-0.51417911	0.0
-0.0004989772	-0.48275489	0.0
-0.00055113423	-0.44523472	0.0
-0.00057313993	-0.40201944	0.0
-0.00057747145	-0.35366023	0.0
-0.00054197456	-0.3007724	0.0
-0.00048244221	-0.2442295	0.0
-0.00038096955	-0.18461666	0.0
-0.00025080363	-0.12279978	0.0
-8.7032e-05	-0.059643421	0.0
0.0001049627	0.0041988851	0.0
0.00032141199	0.067859106	0.0
0.00056067726	0.13088199	0.0
0.00081808056	0.19241178	0.0
0.0010877242	0.25171623	0.0
0.0013644099	0.30786404	0.0
0.0016444859	0.3603228	0.0
0.0019178687	0.408099	0.0
0.0021802341	0.45075554	0.0
0.0024234054	0.48771504	0.0
0.0026392401	0.51858443	0.0
0.0028301822	0.54308456	0.0
0.0029801817	0.56106913	0.0
0.0031050872	0.57243568	0.0
0.0031900813	0.57716537	0.0
0.0032381816	0.57523632	0.0
0.0032618172	0.56664985	0.0
0.003243363	0.55141747	0.0
0.0032004714	0.52961379	0.0
0.0031255796	0.50136936	0.0
0.0030216167	0.46688995	0.0
0.002895585	0.42649469	0.0
0.0027366336	0.38070223	0.0
0.0025620416	0.3300896	0.0
0.0023651691	0.27531919	0.0
0.0021508054	0.21718118	0.0
0.0019269795	0.15645821	0.0
0.0016847844	0.09393841	0.0
0.0014379807	0.030371623	0.0
0.0011827461	-0.033560622	0.0
0.00092509435	-0.097043358	0.0
0.00066116668	-0.15945259	0.0
0.0003982404	-0.22007316	0.0
0.00013590984	-0.27804396	0.0
-0.00012497128	-0.3326869	0.0
-0.00038030537	-0.38303661	0.0
-0.00063205994	-0.42858562	0.0
-0.0008699075	-0.46869531	0.0
-0.0010995598	-0.50289315	0.0
-0.0013073704	-0.53082609	0.0
-0.0015045493	-0.55228806	0.0
-0.0016783805	-0.5671612	0.0
-0.001838383	-0.57536894	0.0
-0.001979501	-0.57686818	0.0
-0.0020987305	-0.57165676	0.0
-0.00220541	-0.55975235	0.0
-0.0022879059	-0.54117525	0.0
-0.0023522365	-0.51601851	0.0
-0.0023927405	-0.48447242	0.0
-0.0024113546	-0.4468483	0.0
-0.0024053701	-0.40352988	0.0
-0.0023665128	-0.35505942	0.0
-0.0023085033	-0.30212006	0.0
-0.0022203194	-0.24540739	0.0
-0.0021104841	-0.18576869	0.0
-0.0019804533	-0.12392277	0.0
-0.0018276244	-0.060710315	0.0
-0.0016611861	0.0030993894	0.0
-0.0014805513	0.066938914	0.0
-0.0012899785	0.12988654	0.0
-0.0010909451	0.1915195	0.0
-0.00088626851	0.25066823	0.0
-0.0006732911	0.30685157	0.0
-0.00046211624	0.35923177	0.0
-0.00025200032	0.40698996	0.0
-4.0766616e-05	0.44961116	0.0
0.00015719976	0.4865739	0.0
0.00034997205	0.51744968	0.0
0.00052815606	0.54198366	0.0
0.00069393608	0.56000012	0.0
0.0008452083	0.57141721	0.0
0.0009799595	0.57618892	0.0
0.0010983379	0.57429773	0.0
0.0012047606	0.56574881	0.0
0.0012878499	0.55055374	0.0
0.0013601789	0.52879936	0.0
0.0014052871	0.50060618	0.0
0.0014268877	0.46619421	0.0
0.0014360585	0.42590889	0.0
0.0014009426	0.38018191	0.0
0.0013519718	0.32957438	0.0
0.0012725847	0.27489921	0.0
0.0011655728	0.21683022	0.0
0.0010439723	0.15617988	0.0
0.00089389592	0.093747579	0.0
0.00073342148	0.030336719	0.0
0.00055508222	-0.033511151	0.0
0.000367	-0.096878536	0.0
0.00016540385	-0.1592337	0.0
-4.347409e-05	-0.21968509	0.0
-0.00026631291	-0.27761951	0.0
-0.00048869016	-0.33215067	0.0
-0.00072401803	-0.38248667	0.0
-0.00095478777	-0.42806634	0.0
-0.0011868851	-0.46821648	0.0
-0.0014183207	-0.50249225	0.0
-0.0016284829	-0.5305379	0.0
-0.0018415928	-0.55214393	0.0
-0.0020229586	-0.56719631	0.0
-0.0022012247	-0.57558703	0.0
-0.0023473285	-0.57731146	0.0
-0.0024788135	-0.57235324	0.0
-0.00258904	-0.56072098	0.0
-0.0026587725	-0.54243797	0.0
-0.0027234815	-0.51760656	0.0
-0.0027326618	-0.48635763	0.0
-0.0027301516	-0.44900829	0.0
-0.0026861485	-0.40592089	0.0
-0.0026079803	-0.35767666	0.0
-0.0025137626	-0.30491498	0.0
-0.0023769268	-0.2482387	0.0
-0.0022280815	-0.18865491	0.0
-0.0020573018	-0.12678145	0.0
-0.00186977	-0.06353239	0.0
-0.0016742854	0.00043983484	0.0
-0.0014685016	0.064455599	0.0
-0.0012596285	0.12752178	0.0
-0.0010507219	0.18943885	0.0
-0.00084181485	0.24878168	0.0
-0.00063380576	0.30524108	0.0
-0.00043392292	0.35791925	0.0
-0.00023374159	0.40592539	0.0
-4.9791222e-05	0.44885528	0.0
0.00012952562	0.48604372	0.0
0.00029598951	0.51716471	0.0
0.00044427381	0.54189074	0.0
0.00058972981	0.56008375	0.0
0.00071058347	0.57166576	0.0
0.00082670862	0.57658124	0.0
0.00092649611	0.574835	0.0
0.0010162784	0.56641746	0.0
0.0010944387	0.5513646	0.0
0.0011625892	0.52973109	0.0
0.001223432	0.50165242	0.0
0.0012709688	0.46732903	0.0
0.0013081954	0.42712185	0.0
0.001331965	0.38147953	0.0
0.0013435715	0.33101848	0.0
0.0013428737	0.27639824	0.0
0.0013280421	0.21834859	0.0
0.0013015487	0.15782534	0.0
0.0012581752	0.095449731	0.0
0.0012006124	0.032012444	0.0
0.0011268668	-0.031794351	0.0
0.0010335798	-0.09517622	0.0
0.00092138012	-0.15753192	0.0
0.00078863365	-0.21811029	0.0
0.00062317715	-0.27600646	0.0
0.00043814856	-0.33057392	0.0
0.00021920887	-0.3809275	0.0
-2.5257701e-05	-0.42652714	0.0
-0.00028831145	-0.46667126	0.0
-0.00058335107	-0.50096262	0.0
-0.00087253586	-0.52901083	0.0
-0.0011818978	-0.55065143	0.0
-0.0014842812	-0.56570435	0.0
-0.0017767514	-0.5741412	0.0
-0.0020646343	-0.57589787	0.0
-0.002324865	-0.57098329	0.0
-0.002572852	-0.55940026	0.0
-0.0027859872	-0.54117346	0.0
-0.0029717304	-0.51640868	0.0
-0.0031185003	-0.48527801	0.0
-0.0032248737	-0.44803491	0.0
-0.0032894106	-0.40511301	0.0
-0.0033105516	-0.35706484	0.0
-0.0032857005	-0.30442968	0.0
-0.00322089	-0.24805859	0.0
-0.0031212112	-0.18870069	0.0
-0.0029825834	-0.1271058	0.0
-0.0028155334	-0.064092934	0.0
-0.0026179324	-0.00041045769	0.0
-0.0023962231	0.063300662	0.0
-0.0021513642	0.12609835	0.0
-0.0018823607	0.18766138	0.0
-0.001597492	0.24680941	0.0
-0.0012941135	0.30301186	0.0
-0.00097704458	0.35545486	0.0
-0.00065599929	0.4033516	0.0
-0.00033095968	0.44624028	0.0
-1.4803876e-05	0.4833529	0.0
0.000287309	0.51447517	0.0
0.00057397055	0.53919399	0.0
0.00083332515	0.55745202	0.0
0.0010635712	0.56911832	0.0
0.0012744771	0.57413667	0.0
0.0014404316	0.57250333	0.0
0.0015943558	0.56420696	0.0
0.0017088504	0.54927766	0.0
0.0018000698	0.52778959	0.0
0.0018728027	0.4998329	0.0
0.0019130222	0.46564332	0.0
0.0019453673	0.42554823	0.0
0.0019520157	0.38000929	0.0
0.0019507473	0.32962805	0.0
0.001940767	0.27510503	0.0
0.0019173282	0.21715881	0.0
0.0018973264	0.15660791	0.0
0.0018671446	0.094206639	0.0
0.0018371056	0.030739665	0.0
0.0017973412	-0.032968685	0.0
0.0017485219	-0.096328996	0.0
0.0016878549	-0.15864938	0.0
0.001612843	-0.21907157	0.0
0.0015151938	-0.2768802	0.0
0.0013992684	-0.33128634	0.0
0.0012568492	-0.38157931	0.0
0.0010931034	-0.42688084	0.0
0.00091452536	-0.46681431	0.0
0.00071293343	-0.50085145	0.0
0.00051422534	-0.52867067	0.0
0.00029178971	-0.55002087	0.0
8.9744914e-05	-0.5648151	0.0
-0.00012770579	-0.57294863	0.0
-0.00032774577	-0.57440734	0.0
-0.00051456189	-0.56917185	0.0
-0.00070545229	-0.55732006	0.0
-0.00086215278	-0.53883022	0.0
-0.0010192732	-0.51382792	0.0
-0.0011493356	-0.48247635	0.0
-0.0012606294	-0.44505811	0.0
-0.0013558388	-0.4020111	0.0
-0.0014170014	-0.3538194	0.0
-0.0014623916	-0.30118155	0.0
-0.0014802126	-0.24474829	0.0
-0.0014777987	-0.18534693	0.0
-0.001450551	-0.12385762	0.0
-0.0014002307	-0.060918346	0.0
-0.0013343714	0.0026983912	0.0
-0.0012497674	0.066295549	0.0
-0.0011482367	0.12914115	0.0
-0.0010336584	0.19066179	0.0
-0.00090441667	0.2498256	0.0
-0.00076451869	0.30601716	0.0
-0.0006173749	0.35846019	0.0
-0.00046324689	0.406362	0.0
-0.00030735394	0.44917533	0.0
-0.00014460256	0.4863117	0.0
1.079185e-05	0.51739526	0.0
0.00016705648	0.54213452	0.0
0.00031484608	0.56037807	0.0
0.00045467861	0.57200104	0.0
0.00059261569	0.57696986	0.0
0.0007159349	0.57526261	0.0
0.00084118743	0.56688344	0.0
0.00094786007	0.55185419	0.0
0.0010535712	0.53024453	0.0
0.0011411051	0.50217193	0.0
0.0012170353	0.46786371	0.0
0.0012779736	0.42766371	0.0
0.0013173627	0.38201639	0.0
0.0013379041	0.33151817	0.0
0.0013399195	0.27684838	0.0
0.0013147716	0.21875516	0.0
0.0012728655	0.15800542	0.0
0.0012056945	0.09557312	0.0
0.0011198513	0.032068994	0.0
0.0010133318	-0.031768996	0.0
0.00089126558	-0.095311694	0.0
0.00075447344	-0.15764387	0.0
0.00060019951	-0.21827984	0.0
0.00043595568	-0.27624878	0.0
0.00026373033	-0.33081338	0.0
8.1316684e-05	-0.38118857	0.0
-0.00010079017	-0.42680219	0.0
-0.00028045592	-0.46695536	0.0
-0.0004624576	-0.50124675	0.0
-0.00062526396	-0.52928519	0.0
-0.00078786176	-0.55089974	0.0
-0.00093396468	-0.5659337	0.0
-0.0010653452	-0.57435077	0.0
-0.0011940118	-0.5760898	0.0
-0.0012975787	-0.57117867	0.0
-0.0013925302	-0.559609	0.0
-0.0014745727	-0.54142505	0.0
-0.0015370826	-0.51671475	0.0
-0.0015905154	-0.4856317	0.0
-0.001619032	-0.4484168	0.0
-0.0016345325	-0.40554947	0.0
-0.0016296612	-0.35747755	0.0
-0.0016044084	-0.3048715	0.0
-0.0015631067	-0.24843943	0.0
-0.0015045853	-0.18908396	0.0
-0.0014282688	-0.12741977	0.0
-0.0013353341	-0.06428162	0.0
-0.0012259464	-0.00046608644	0.0
-0.0011016014	0.063399389	0.0
-0.00096149452	0.12639533	0.0
-0.00080652145	0.18809596	0.0
-0.00063438626	0.24760494	0.0
-0.00045261541	0.3040314	0.0
-0.00024888781	0.35669371	0.0
-4.1124025e-05	0.40492684	0.0
0.00018051799	0.44798097	0.0
0.0004046892	0.48537949	0.0
0.00062929682	0.5167008	0.0
0.00085425435	0.541655	0.0
0.0010711881	0.5600813	0.0
0.0012751296	0.57188213	0.0
0.0014721135	0.57701194	0.0
0.0016469929	0.57544905	0.0
0.0018099725	0.56719208	0.0
0.001943516	0.55227166	0.0
0.0020637561	0.53073716	0.0
0.0021525221	0.50270092	0.0
0.002213215	0.46838143	0.0
0.0022542274	0.4281514	0.0
0.0022539326	0.38243172	0.0
0.0022380822	0.33187559	0.0
0.0021939706	0.27712753	0.0
0.0021246937	0.2189128	0.0
0.002038531	0.15808174	0.0
0.0019345683	0.095529854	0.0
0.0018182708	0.031844795	0.0
0.001692999	-0.032110535	0.0
0.0015644603	-0.095706575	0.0
0.0014301579	-0.1582609	0.0
0.0012991143	-0.21901098	0.0
0.0011701434	-0.27707887	0.0
0.0010438591	-0.33178034	0.0
0.00092606992	-0.38224286	0.0
0.00080923212	-0.4279421	0.0
0.00071086816	-0.46813339	0.0
0.00061504846	-0.5025087	0.0
0.00053478481	-0.53056991	0.0
0.00046722541	-0.55226439	0.0
0.00040914147	-0.5672949	0.0
0.00036989254	-0.57572347	0.0
0.0003396539	-0.57746333	0.0
0.00032307394	-0.57252538	0.0
0.00032034313	-0.56089759	0.0
0.00032978514	-0.5426414	0.0
0.00035017202	-0.51783723	0.0
0.00038462615	-0.48665676	0.0
0.0004294581	-0.44935957	0.0
0.00049015798	-0.40633851	0.0
0.00055980746	-0.35823941	0.0
0.00063915795	-0.30548033	0.0
0.00073249458	-0.249106	0.0
0.00083215168	-0.18965331	0.0
0.00093960762	-0.12796891	0.0
0.0010580895	-0.064886786	0.0
0.0011777938	-0.0011264393	0.0
0.0013052961	0.062792696	0.0
0.0014320627	0.12549558	0.0
0.0015599104	0.18699315	0.0
0.0016831226	0.24626319	0.0
0.0018062094	0.30242422	0.0
0.0019130085	0.35489696	0.0
0.0020092113	0.40283063	0.0
0.0020876196	0.44564801	0.0
0.0021420368	0.48280531	0.0
0.002177292	0.5139696	0.0
0.0021787067	0.53872067	0.0
0.0021617946	0.55698556	0.0
0.0021115928	0.56866258	0.0
0.0020424654	0.5737018	0.0
0.0019431	0.57208371	0.0
0.0018377975	0.56381232	0.0
0.0017098781	0.5489046	0.0
0.001569132	0.52740663	0.0
0.0014266161	0.49945343	0.0
0.0012722423	0.46524835	0.0
0.0011246998	0.42513061	0.0
0.0009649414	0.37962312	0.0
0.00081774726	0.32928377	0.0
0.00066621951	0.27485055	0.0
0.00051515934	0.2169511	0.0
0.00037248438	0.15650408	0.0
0.00022148789	0.094162382	0.0
7.4086864e-05	0.030872153	0.0
-7.8959762e-05	-0.032656811	0.0
-0.00023668149	-0.095734157	0.0
-0.00040107706	-0.15784582	0.0
-0.00057230773	-0.21815312	0.0
-0.00075104181	-0.27579904	0.0
-0.00093618775	-0.33008376	0.0
-0.001125214	-0.38025707	0.0
-0.0013148935	-0.42562532	0.0
-0.0015007162	-0.4655959	0.0
-0.0016708457	-0.4997074	0.0
-0.0018321039	-0.52761424	0.0
-0.0019665665	-0.54913014	0.0
-0.0020826983	-0.56404799	0.0
-0.0021680326	-0.57237732	0.0
-0.0022215464	-0.57404757	0.0
-0.0022529988	-0.56906587	0.0
-0.0022447517	-0.55743802	0.0
-0.0022137777	-0.53920859	0.0
-0.0021477807	-0.51445496	0.0
-0.0020566096	-0.48335108	0.0
-0.0019404782	-0.44619086	0.0
-0.0017940765	-0.40335974	0.0
-0.0016369134	-0.35541689	0.0
-0.0014536469	-0.30293486	0.0
-0.0012606453	-0.24670997	0.0
-0.0010568926	-0.18757442	0.0
-0.00084317575	-0.1261528	0.0
-0.00063093024	-0.063316531	0.0
-0.00041412865	0.00021330516	0.0
-0.00020112976	0.063818142	0.0
4.5144707e-06	0.1265613	0.0
0.00020540357	0.18811725	0.0
0.00039384089	0.24728309	0.0
0.00057316903	0.30351669	0.0
0.00073904457	0.35605478	0.0
0.00088905962	0.4040215	0.0
0.0010261005	0.44692922	0.0
0.001142352	0.48418477	0.0
0.0012477733	0.51539403	0.0
0.0013343035	0.54030013	0.0
0.0014100543	0.55870223	0.0
0.0014714998	0.57052934	0.0
0.0015185331	0.57571107	0.0
0.0015595844	0.57423508	0.0
0.0015843237	0.56609488	0.0
0.00160243	0.55131578	0.0
0.0016000381	0.52996951	0.0
0.0015932107	0.5021565	0.0
0.0015606117	0.46809527	0.0
0.0015107646	0.42810613	0.0
0.0014452685	0.38269126	0.0
0.001351602	0.33239615	0.0
0.0012393311	0.27792859	0.0
0.0011031326	0.21997076	0.0
0.0009489826	0.15936027	0.0
0.00077600707	0.096886538	0.0
0.00058766577	0.033422075	0.0
0.00038975923	-0.030428199	0.0
0.00018133176	-0.094025917	0.0
-3.2856093e-05	-0.1565018	0.0
-0.00024980088	-0.21726696	0.0
-0.00046794541	-0.27527124	0.0
-0.000686293	-0.32995057	0.0
-0.00090001238	-0.38052115	0.0
-0.0011097161	-0.42622945	0.0
-0.0013107655	-0.46655402	0.0
-0.0014934991	-0.50099194	0.0
-0.0016734699	-0.52919561	0.0
-0.001824717	-0.55097359	0.0
-0.0019731505	-0.56611675	0.0
-0.0020878273	-0.57464117	0.0
-0.0021986994	-0.576464	0.0
-0.0022903481	-0.57161528	0.0
-0.0023519734	-0.56009084	0.0
-0.002412095	-0.5419336	0.0
-0.0024418524	-0.51723981	0.0
-0.0024630597	-0.4862009	0.0
-0.0024598928	-0.44904634	0.0
-0.0024371655	-0.40620467	0.0
-0.0024034013	-0.35815662	0.0
-0.0023420241	-0.30558014	0.0
-0.0022739384	-0.24930404	0.0
-0.002179598	-0.18996389	0.0
-0.0020771131	-0.12841925	0.0
-0.0019571073	-0.065377466	0.0
-0.0018215165	-0.0017217108	0.0
-0.0016699323	0.061958455	0.0
-0.0015019435	0.12480243	0.0
-0.0013175716	0.18623288	0.0
-0.0011193639	0.24559663	0.0
-0.00089893799	0.3017695	0.0
-0.00066678884	0.35428452	0.0
-0.00042236544	0.40232584	0.0
-0.00016108193	0.44523779	0.0
9.4841642e-05	0.48250842	0.0
0.00035906912	0.51370794	0.0
0.0006106284	0.53862941	0.0
0.00085413095	0.557055	0.0
0.0010863732	0.56889707	0.0
0.0012910479	0.57412279	0.0
0.0014839284	0.57271749	0.0
0.0016389702	0.56468558	0.0
0.001778152	0.55003422	0.0
0.0018826139	0.52882409	0.0
0.0019515996	0.50116384	0.0
0.0019949134	0.46726277	0.0
0.0019947193	0.42747274	0.0
0.0019659754	0.38228655	0.0
0.0019012494	0.3321445	0.0
0.0018068673	0.27776924	0.0
0.0016881383	0.21994457	0.0
0.0015475682	0.15945449	0.0
0.0013907021	0.096886083	0.0
0.001222653	0.033397403	0.0
0.001046731	-0.030200399	0.0
0.00086665543	-0.093971647	0.0
0.00068766094	-0.15633008	0.0
0.00050733221	-0.21732157	0.0
0.00033294511	-0.27540985	0.0
0.0001637947	-0.33019719	0.0
2.0664947e-06	-0.38089588	0.0
-0.00015149525	-0.42667624	0.0
-0.00029019176	-0.46710438	0.0
-0.00042473612	-0.50157666	0.0
-0.00054074125	-0.52983087	0.0
-0.00064756867	-0.55160183	0.0
-0.00074288528	-0.5668028	0.0
-0.00082629529	-0.57531846	0.0
-0.00090634171	-0.57715249	0.0
-0.00097136106	-0.57228827	0.0
-0.0010373842	-0.56072819	0.0
-0.0010902197	-0.54251045	0.0
-0.0011385276	-0.51774716	0.0
-0.0011794271	-0.48659727	0.0
-0.0012039089	-0.44934663	0.0
-0.0012269191	-0.40641484	0.0
-0.0012255918	-0.35830167	0.0
-0.0012134266	-0.30565858	0.0
-0.0011846999	-0.249228	0.0
-0.0011340713	-0.18988346	0.0
-0.0010693347	-0.12825699	0.0
-0.00098507327	-0.065167144	0.0
-0.00088979868	-0.0013971709	0.0
-0.00078328361	0.062372051	0.0
-0.00066789548	0.12545042	0.0
-0.00054916099	0.18704659	0.0
-0.00043165122	0.24658	0.0
-0.00031607735	0.30289662	0.0
-0.00020737818	0.35567346	0.0
-0.00011180609	0.40381306	0.0
-1.5822252e-05	0.44687542	0.0
5.4122433e-05	0.48436779	0.0
0.00012518886	0.51571262	0.0
0.00017741253	0.54080927	0.0
0.00021348229	0.55934566	0.0
0.00025168166	0.5712958	0.0
0.00026202007	0.57656342	0.0
0.00028431453	0.5751549	0.0
0.00027893553	0.56707478	0.0
0.00027845174	0.55233413	0.0
0.00026968805	0.53098261	0.0
0.00024849054	0.50315702	0.0
0.00023404678	0.46909305	0.0
0.00019962463	0.42910364	0.0
0.00017051867	0.38364673	0.0
0.00012914464	0.33331904	0.0
7.7102777e-05	0.27884609	0.0
2.6320529e-05	0.22088505	0.0
-3.7005815e-05	0.16028988	0.0
-0.0001040041	0.097873352	0.0
-0.00018005162	0.034350909	0.0
-0.00025979654	-0.02951888	0.0
-0.00034294216	-0.093024015	0.0
-0.00042825547	-0.15531558	0.0
-0.00051276427	-0.21586455	0.0
-0.00059060485	-0.27384606	0.0
-0.0006643142	-0.32835943	0.0
-0.0007309076	-0.37886497	0.0
-0.00078366301	-0.42448094	0.0
-0.00083013717	-0.46472201	0.0
-0.000862949	-0.49914229	0.0
-0.00088373566	-0.52735472	0.0
-0.00089757959	-0.5491572	0.0
-0.00089629367	-0.56441915	0.0
-0.00089300302	-0.57306558	0.0
-0.00087854033	-0.57508367	0.0
-0.00086154748	-0.57044065	0.0
-0.00083474081	-0.55917501	0.0
-0.00080685166	-0.54127556	0.0
-0.00076962565	-0.51682532	0.0
-0.00073064741	-0.4859902	0.0
-0.00068502029	-0.44903818	0.0
-0.00063316582	-0.40639833	0.0
-0.00058101543	-0.35849094	0.0
-0.00051863061	-0.3060216	0.0
-0.0004571781	-0.24976382	0.0
-0.00038581633	-0.19051111	0.0
-0.00031014974	-0.12894212	0.0
-0.00022478969	-0.065857314	0.0
-0.00012933975	-0.002083435	0.0
-2.0213742e-05	0.061723679	0.0
0.00010358762	0.12468653	0.0
0.00024628764	0.18640606	0.0
0.00040831923	0.24576196	0.0
0.00058769411	0.3021903	0.0
0.00078448415	0.35481739	0.0
0.00099351921	0.40293026	0.0
0.0012136757	0.4459413	0.0
0.0014341937	0.48323318	0.0
0.0016541055	0.5145281	0.0
0.0018630723	0.53942353	0.0
0.0020609712	0.5578416	0.0
0.0022423803	0.56966782	0.0
0.002399639	0.57486057	0.0
0.0025388496	0.57340771	0.0
0.0026528563	0.56530309	0.0
0.0027359375	0.55057067	0.0
0.0027952089	0.52927351	0.0
0.0028229463	0.50151473	0.0
0.0028192413	0.46752334	0.0
0.0027830633	0.42762297	0.0
0.0027172733	0.3822799	0.0
0.0026155363	0.33203468	0.0
0.0024911845	0.27763686	0.0
0.0023345973	0.2198074	0.0
0.0021604779	0.15933357	0.0
0.0019633865	0.096995629	0.0
0.0017490757	0.03358968	0.0
0.0015193798	-0.030181065	0.0
0.0012729309	-0.093645506	0.0
0.0010174223	-0.15598455	0.0
0.00075026538	-0.2165716	0.0
0.00047711193	-0.27448091	0.0
0.00019827155	-0.3290897	0.0
-7.8627592e-05	-0.37940055	0.0
-0.00035157838	-0.42494735	0.0
-0.00060832425	-0.46513912	0.0
-0.00085089135	-0.49936178	0.0
-0.0010701116	-0.5274272	0.0
-0.0012602912	-0.54907125	0.0
-0.0014279165	-0.56416476	0.0
-0.0015646061	-0.57263499	0.0
-0.0016730111	-0.57445031	0.0
-0.0017542992	-0.56960583	0.0
-0.0018119239	-0.55813879	0.0
-0.001841698	-0.54005498	0.0
-0.001849527	-0.51545119	0.0
-0.0018341794	-0.48437914	0.0
-0.0017956039	-0.44735718	0.0
-0.0017338863	-0.40463072	0.0
-0.0016511722	-0.35700238	0.0
-0.0015487989	-0.30467719	0.0
-0.0014254983	-0.24856596	0.0
-0.0012909785	-0.18942538	0.0
-0.0011387678	-0.12789916	0.0
-0.00097914669	-0.065067917	0.0
-0.00081544858	-0.0015483828	0.0
-0.00064680766	0.061872233	0.0
-0.00048033352	0.12476628	0.0
-0.00031522414	0.18619698	0.0
-0.00015631152	0.24549104	0.0
-1.7236434e-06	0.30182207	0.0
0.00014625017	0.35444665	0.0
0.00028992863	0.40261242	0.0
0.00042170167	0.4457691	0.0
0.00055284542	0.48323444	0.0
0.00067549746	0.51475096	0.0
0.00078865938	0.5399074	0.0
0.00090452511	0.5585956	0.0
0.0010043987	0.57066721	0.0
0.0011072253	0.57610875	0.0
0.0012029941	0.57488155	0.0
0.0012904194	0.5669899	0.0
0.0013760428	0.55244654	0.0
0.001448457	0.53131002	0.0
0.0015151586	0.50369114	0.0
0.0015608984	0.46981323	0.0
0.0015941516	0.42997625	0.0
0.0015989476	0.38461393	0.0
0.0015746102	0.33434847	0.0
0.0015244575	0.27982503	0.0
0.0014377794	0.22191396	0.0
0.0013265007	0.16128324	0.0
0.0011807081	0.098749831	0.0
0.0010138236	0.035162769	0.0
0.00082560076	-0.028830504	0.0
0.00062124064	-0.09248621	0.0
0.00040727842	-0.154989	0.0
0.00018834732	-0.21585955	0.0
-3.4599285e-05	-0.2739253	0.0
-0.00025085689	-0.32873657	0.0
-0.00046008962	-0.37944227	0.0
-0.00065829855	-0.42525584	0.0
-0.00083500077	-0.46569216	0.0
-0.00099728873	-0.50022274	0.0
-0.0011302108	-0.52855134	0.0
-0.0012448283	-0.55040443	0.0
-0.0013319169	-0.5656777	0.0
-0.0013948632	-0.5743103	0.0
-0.0014345112	-0.57626492	0.0
-0.0014492616	-0.57154226	0.0
-0.0014478696	-0.56016034	0.0
-0.0014250947	-0.54212874	0.0
-0.0013881009	-0.51750785	0.0
-0.0013362751	-0.48652121	0.0
-0.0012635026	-0.44943532	0.0
-0.0011903375	-0.40672484	0.0
-0.0010976965	-0.35873902	0.0
-0.001002561	-0.30624905	0.0
-0.00089706283	-0.24986468	0.0
-0.00078469119	-0.19065702	0.0
-0.00066621345	-0.12903939	0.0
-0.00053930376	-0.066161118	0.0
-0.00040816815	-0.0025132601	0.0
-0.00026980316	0.06113822	0.0
-0.00012434677	0.12409534	0.0
2.9271301e-05	0.18566367	0.0
0.00018998135	0.24500415	0.0
0.00035797176	0.30132827	0.0
0.00053348608	0.35401398	0.0
0.00071147445	0.40206775	0.0
0.00089051249	0.44501048	0.0
0.0010661928	0.48232964	0.0
0.001226598	0.51364338	0.0
0.0013805104	0.53863066	0.0
0.0015103352	0.55711699	0.0
0.0016195535	0.5690282	0.0
0.0017057535	0.57431501	0.0
0.0017570287	0.57295173	0.0
0.0017943641	0.56493372	0.0
0.0017823048	0.55028069	0.0
0.0017597901	0.52906543	0.0
0.0016940067	0.50138462	0.0
0.0015978366	0.46748257	0.0
0.0014825333	0.42769566	0.0
0.0013234287	0.38239872	0.0
0.0011553906	0.3323549	0.0
0.00095860026	0.27808681	0.0
0.00074683386	0.22040136	0.0
0.00052600657	0.15997607	0.0
0.00028998905	0.097771704	0.0
5.619663e-05	0.03446823	0.0
-0.00018270592	-0.029225832	0.0
-0.00041870703	-0.092581116	0.0
-0.00065333996	-0.15497841	0.0
-0.00087949476	-0.21557598	0.0
-0.0010951698	-0.27361777	0.0
-0.0012970994	-0.32834619	0.0
-0.0014890394	-0.37895519	0.0
-0.0016576828	-0.42483029	0.0
-0.0018121633	-0.46535024	0.0
-0.0019384213	-0.49991682	0.0
-0.0020442123	-0.52833867	0.0
-0.0021261864	-0.55033636	0.0
-0.0021817512	-0.56573439	0.0
-0.0022214982	-0.57449734	0.0
-0.002233939	-0.5765866	0.0
-0.002229759	-0.5719884	0.0
-0.0022083081	-0.56071454	0.0
-0.0021648849	-0.5427562	0.0
-0.002107389	-0.51833093	0.0
-0.0020269731	-0.48745868	0.0
-0.001929362	-0.45051563	0.0
-0.0018130576	-0.40784821	0.0
-0.0016699418	-0.3599627	0.0
-0.0015132735	-0.3075693	0.0
-0.0013353982	-0.25120911	0.0
-0.0011420097	-0.19203281	0.0
-0.00093476137	-0.13039246	0.0
-0.00071363302	-0.067490101	0.0
-0.00048685822	-0.0037433251	0.0
-0.00025669899	0.059849523	0.0
-2.594191e-05	0.122871	0.0
0.00020063599	0.18448469	0.0
0.0004209372	0.24393818	0.0
0.00063402858	0.30040693	0.0
0.00083154545	0.35327342	0.0
0.0010228811	0.40151393	0.0
0.0011970975	0.44469705	0.0
0.0013544681	0.48230687	0.0
0.0015008417	0.51390862	0.0
0.0016287887	0.53916639	0.0
0.0017392648	0.55793971	0.0
0.0018398875	0.57011551	0.0
0.0019197464	0.5756551	0.0
0.0019898207	0.57453042	0.0
0.0020486377	0.56674194	0.0
0.0020891961	0.55229437	0.0
0.002122581	0.53126574	0.0
0.0021352749	0.5036813	0.0
0.0021340614	0.46983376	0.0
0.0021099956	0.43015328	0.0
0.0020682972	0.3849321	0.0
0.0019986152	0.33481687	0.0
0.0019031067	0.28046107	0.0
0.0017895298	0.22274739	0.0
0.0016431836	0.16225721	0.0
0.0014783159	0.099929646	0.0
0.0012942551	0.036484499	0.0
0.0010930035	-0.027500784	0.0
0.0008788617	-0.090924315	0.0
0.00065190642	-0.15347952	0.0
0.00041585456	-0.21423057	0.0
0.00017661539	-0.27239373	0.0
-7.2598734e-05	-0.32718542	0.0
-0.00032015485	-0.37783071	0.0
-0.00056616601	-0.42363235	0.0
-0.00080804847	-0.4640148	0.0
-0.0010424794	-0.49860409	0.0
-0.001260153	-0.52684021	0.0
-0.0014715133	-0.54861581	0.0
-0.0016561125	-0.56382525	0.0
-0.0018268272	-0.57236785	0.0
-0.0019763254	-0.574229	0.0
-0.0021030395	-0.56940204	0.0
-0.002212578	-0.557908	0.0
-0.0022980398	-0.53977102	0.0
-0.0023580643	-0.51505834	0.0
-0.0023989473	-0.48409101	0.0
-0.0024108128	-0.44701347	0.0
-0.0023948837	-0.40426075	0.0
-0.0023521131	-0.35636711	0.0
-0.0022776823	-0.30399561	0.0
-0.0021750259	-0.24784632	0.0
-0.0020482452	-0.18856885	0.0
-0.0018925754	-0.12731005	0.0
-0.0017158855	-0.064471975	0.0
-0.0015171018	-0.0010603314	0.0
-0.0013014772	0.062404025	0.0
-0.0010697357	0.12511577	0.0
-0.0008228927	0.18644293	0.0
-0.00056386978	0.2454482	0.0
-0.00029611448	0.30152911	0.0
-1.7059356e-05	0.35385653	0.0
0.00027244477	0.40172434	0.0
0.00055711583	0.4445228	0.0
0.00085175788	0.48171082	0.0
0.0011302766	0.51291555	0.0
0.0014028759	0.53782773	0.0
0.0016629252	0.5563249	0.0
0.001895422	0.56823331	0.0
0.0021143088	0.57355928	0.0
0.0023007418	0.57229447	0.0
0.002455537	0.56440914	0.0
0.0025822613	0.54993296	0.0
0.0026627425	0.52889377	0.0
0.0027146302	0.50143743	0.0
0.0027119825	0.46773279	0.0
0.0026799485	0.42806897	0.0
0.0025917869	0.38304701	0.0
0.0024681129	0.33309484	0.0
0.0023091803	0.27892637	0.0
0.002107088	0.221159	0.0
0.0018831437	0.16093694	0.0
0.0016266976	0.098671183	0.0
0.0013523775	0.035391968	0.0
0.0010576432	-0.028298955	0.0
0.00075058133	-0.091793045	0.0
0.00043163268	-0.15406387	0.0
0.00010815617	-0.21458936	0.0
-0.00022229258	-0.27248782	0.0
-0.00054781203	-0.32720307	0.0
-0.00087015546	-0.37765756	0.0
-0.0011853594	-0.42340431	0.0
-0.0014742793	-0.46378869	0.0
-0.0017558668	-0.49830577	0.0
-0.0019975747	-0.5266661	0.0
-0.0022258481	-0.54857159	0.0
-0.0024120507	-0.56395233	0.0
-0.0025697928	-0.5726971	0.0
-0.0027024355	-0.57480001	0.0
-0.0027882881	-0.5702433	0.0
-0.0028597538	-0.55904979	0.0
-0.0028826124	-0.54123181	0.0
-0.0028840106	-0.51687622	0.0
-0.002852146	-0.48612356	0.0
-0.0027859847	-0.44929945	0.0
-0.0026958589	-0.40673375	0.0
-0.0025754268	-0.3589415	0.0
-0.0024296741	-0.30660844	0.0
-0.002265349	-0.25042176	0.0
-0.0020833916	-0.19113661	0.0
-0.0018934396	-0.12952766	0.0
-0.0016882026	-0.066552937	0.0
-0.0014794861	-0.0027982825	0.0
-0.0012633946	0.060881089	0.0
-0.0010439685	0.12400371	0.0
-0.0008176936	0.18563215	0.0
-0.00058640336	0.24499795	0.0
-0.00034362564	0.30142006	0.0
-9.6954107e-05	0.35413352	0.0
0.00016124407	0.40222558	0.0
0.00042619131	0.44525197	0.0
0.00069107529	0.48260295	0.0
0.00096507859	0.5138883	0.0
0.0012281693	0.53886521	0.0
0.001493684	0.55733949	0.0
0.0017481679	0.56924593	0.0
0.0019911553	0.57449836	0.0
0.0022246598	0.57311016	0.0
0.0024402055	0.56506187	0.0
0.0026395968	0.5504052	0.0
0.0028101855	0.5291636	0.0
0.002960623	0.50145215	0.0
0.0030755305	0.46747324	0.0
0.0031546324	0.42762613	0.0
0.0031937379	0.38233599	0.0
0.0031895484	0.33215433	0.0
0.0031404807	0.2778278	0.0
0.0030479315	0.22004594	0.0
0.0029170066	0.15961811	0.0
0.0027476512	0.09730354	0.0
0.002541306	0.033945613	0.0
0.0023045517	-0.029828819	0.0
0.002036181	-0.093216345	0.0
0.001742129	-0.15587093	0.0
0.001424042	-0.21625692	0.0
0.0010794055	-0.27421656	0.0
0.0007211573	-0.32888171	0.0
0.00034357753	-0.37938309	0.0
-3.960821e-05	-0.42513523	0.0
-0.00041766744	-0.46546355	0.0
-0.0007976265	-0.49993014	0.0
-0.0011492776	-0.52826172	0.0
-0.0014904703	-0.55016249	0.0
-0.0017949527	-0.56554818	0.0
-0.0020668854	-0.57426876	0.0
-0.0023120816	-0.57633394	0.0
-0.0025098282	-0.57174462	0.0
-0.0026799117	-0.56050152	0.0
-0.0028042763	-0.54260844	0.0
-0.002884557	-0.51823241	0.0
-0.0029299441	-0.48746857	0.0
-0.0029254514	-0.45056883	0.0
-0.0028860592	-0.40801725	0.0
-0.0027971731	-0.36025456	0.0
-0.0026762516	-0.30792299	0.0
-0.0025144583	-0.25176033	0.0
-0.0023258263	-0.19253777	0.0
-0.0021133539	-0.13099967	0.0
-0.0018765837	-0.068076283	0.0
-0.0016260778	-0.0043805349	0.0
-0.0013589829	0.059357412	0.0
-0.0010825488	0.12247317	0.0
-0.00079636427	0.18406256	0.0
-0.0005053585	0.24350385	0.0
-0.00020686573	0.29999399	0.0
9.1655056e-05	0.35280761	0.0
0.00039139061	0.40109521	0.0
0.00068718742	0.44437096	0.0
0.00096789777	0.48199683	0.0
0.0012365398	0.51361477	0.0
0.001479354	0.53892249	0.0
0.0017017736	0.55773348	0.0
0.0018912482	0.56995821	0.0
0.0020519504	0.57553834	0.0
0.0021784059	0.57445741	0.0
0.0022714899	0.56673056	0.0
0.0023291579	0.55237055	0.0
0.0023534379	0.53142416	0.0
0.0023421007	0.50402224	0.0
0.0022984857	0.47030869	0.0
0.0022196507	0.43070376	0.0
0.002108353	0.3855992	0.0
0.0019732062	0.33553007	0.0
0.001812872	0.28123283	0.0
0.0016369121	0.2234308	0.0
0.0014439358	0.16293815	0.0
0.0012471841	0.10046259	0.0
0.0010440863	0.036964163	0.0
0.00084455201	-0.026973804	0.0
0.00064926886	-0.090555839	0.0
0.00046047059	-0.15323469	0.0
0.00027693363	-0.21399356	0.0
0.00010586315	-0.2722905	0.0
-6.1310006e-05	-0.32719266	0.0
-0.00022347375	-0.37803417	0.0
-0.00037790911	-0.42401481	0.0
-0.00052874279	-0.46461257	0.0
-0.00067014049	-0.49935138	0.0
-0.00080953381	-0.52784467	0.0
-0.00095018989	-0.54989851	0.0
-0.0010823198	-0.5653677	0.0
-0.0012168558	-0.57417738	0.0
-0.0013477687	-0.57631201	0.0
-0.0014764827	-0.57176799	0.0
-0.0016030018	-0.56054908	0.0
-0.0017247815	-0.54267895	0.0
-0.0018348404	-0.51827592	0.0
-0.0019301567	-0.48745281	0.0
-0.0020095611	-0.45050484	0.0
-0.0020635477	-0.4078598	0.0
-0.0020947417	-0.35993075	0.0
-0.0020903421	-0.30738071	0.0
-0.002061019	-0.25119406	0.0
-0.0019964958	-0.19172114	0.0
-0.0019072085	-0.13018246	0.0
-0.0017883908	-0.066973582	0.0
-0.0016435268	-0.0032168357	0.0
-0.001481558	0.060602181	0.0
-0.0012960818	0.12381478	0.0
-0.0010956752	0.18566123	0.0
-0.00087740808	0.24528049	0.0
-0.00064747635	0.3019551	0.0
-0.00040219902	0.35490206	0.0
-0.00015521578	0.40338138	0.0
0.00010599152	0.44674757	0.0
0.00035635219	0.48445424	0.0
0.0006129407	0.51607352	0.0
0.00085237203	0.54141438	0.0
0.0010811801	0.5601446	0.0
0.0012996566	0.57227081	0.0
0.0014871599	0.57774705	0.0
0.0016702712	0.57652527	0.0
0.0018206101	0.56862015	0.0
0.0019525232	0.5540415	0.0
0.0020702346	0.53284627	0.0
0.0021526006	0.50510061	0.0
0.002226745	0.47117302	0.0
0.0022633965	0.43124622	0.0
0.0022864414	0.38585332	0.0
0.0022855704	0.33551577	0.0
0.0022578759	0.28104773	0.0
0.0022154781	0.22313181	0.0
0.0021493102	0.16238756	0.0
0.0020655112	0.10001244	0.0
0.0019644366	0.036370698	0.0
0.0018462397	-0.02750222	0.0
0.0017115002	-0.091083415	0.0
0.0015599789	-0.15365846	0.0
0.0013899497	-0.21444906	0.0
0.001201162	-0.27263275	0.0
0.00099741947	-0.32741347	0.0
0.00077035313	-0.37806919	0.0
0.00053562882	-0.42393312	0.0
0.00028580285	-0.46439219	0.0
3.1449305e-05	-0.49902922	0.0
-0.00022354565	-0.52743775	0.0
-0.00047618634	-0.54941046	0.0
-0.00071862497	-0.56482756	0.0
-0.00095147628	-0.57361269	0.0
-0.0011698575	-0.57572144	0.0
-0.001372941	-0.57115263	0.0
-0.0015581858	-0.5599336	0.0
-0.0017161424	-0.54206812	0.0
-0.0018555176	-0.51763397	0.0
-0.0019634506	-0.48685634	0.0
-0.0020409487	-0.44993541	0.0
-0.0020774517	-0.40728912	0.0
-0.0020802571	-0.35941216	0.0
-0.0020418351	-0.30691254	0.0
-0.0019679489	-0.25073534	0.0
-0.001859087	-0.19136757	0.0
-0.0017160904	-0.12968592	0.0
-0.001547727	-0.066525042	0.0
-0.0013519012	-0.0027655966	0.0
-0.0011424399	0.061140012	0.0
-0.00091708684	0.12429411	0.0
-0.00068212912	0.18603212	0.0
-0.00044002332	0.24578719	0.0
-0.00019781008	0.30235729	0.0
4.8842117e-05	0.35520351	0.0
0.00028779815	0.40363556	0.0
0.00052602222	0.44690102	0.0
0.00075480505	0.48458153	0.0
0.00096970948	0.51618689	0.0
0.001172427	0.54150468	0.0
0.001352053	0.56024826	0.0
0.0015223302	0.57241416	0.0
0.00166322	0.5779559	0.0
0.0017931265	0.57682705	0.0
0.0019002735	0.56905198	0.0
0.0019859795	0.55463731	0.0
0.0020592292	0.53362238	0.0
0.002106179	0.50616562	0.0
0.0021456806	0.47246116	0.0
0.0021581748	0.43275347	0.0
0.002159955	0.38768461	0.0
0.0021486299	0.33769047	0.0
0.0021186911	0.28344312	0.0
0.0020801446	0.22563681	0.0
0.002024617	0.16530646	0.0
0.0019582177	0.1030928	0.0
0.0018736378	0.039643645	0.0
0.0017723833	-0.02395704	0.0
0.0016521672	-0.087429911	0.0
0.0015098554	-0.14976832	0.0
0.0013439517	-0.2103793	0.0
0.0011541387	-0.26852533	0.0
0.00093839626	-0.32321101	0.0
0.0006977556	-0.37379918	0.0
0.00044252054	-0.4196479	0.0
0.00017062169	-0.46012214	0.0
-0.00010470054	-0.49475178	0.0
-0.00038232747	-0.52317053	0.0
-0.00065135059	-0.5451597	0.0
-0.0009071863	-0.56058151	0.0
-0.0011486942	-0.56937587	0.0
-0.0013657348	-0.57149273	0.0
-0.0015614956	-0.56692058	0.0
-0.0017301487	-0.55569571	0.0
-0.0018738285	-0.53781086	0.0
-0.0019880163	-0.51335299	0.0
-0.0020702295	-0.48248526	0.0
-0.0021235568	-0.44542438	0.0
-0.0021371739	-0.40276459	0.0
-0.0021281799	-0.35478875	0.0
-0.0020810079	-0.30225763	0.0
-0.0020076274	-0.24586844	0.0
-0.001909213	-0.18637581	0.0
-0.0017835903	-0.12458723	0.0
-0.0016399205	-0.061356459	0.0
-0.0014779721	0.0026876987	0.0
-0.0012990916	0.066634141	0.0
-0.0011046501	0.13014123	0.0
-0.00089886523	0.19208778	0.0
-0.00067764387	0.25184938	0.0
-0.00044888814	0.30875966	0.0
-0.00020672912	0.36195391	0.0
4.1400846e-05	0.41066748	0.0
0.00029141846	0.45438907	0.0
0.00054883002	0.49250624	0.0
0.00079230376	0.52465546	0.0
0.0010357596	0.5505209	0.0
0.0012606778	0.56993818	0.0
0.0014744699	0.58279949	0.0
0.0016671717	0.58904415	0.0
0.0018406291	0.58867437	0.0
0.0019985423	0.58168668	0.0
0.0021280244	0.5680936	0.0
0.002238044	0.54798144	0.0
0.0023165322	0.5214476	0.0
0.0023706653	0.48868015	0.0
0.0023938455	0.45000708	0.0
0.0023779704	0.40606093	0.0
0.0023436246	0.35718143	0.0
0.0022632054	0.30411434	0.0
0.002164247	0.24761553	0.0
0.0020304341	0.18856189	0.0
0.0018779355	0.12758224	0.0
0.0016998294	0.065400623	0.0
0.0014993789	0.0030729929	0.0
0.001283312	-0.059036341	0.0
0.0010457343	-0.12009477	0.0
0.00079413899	-0.17941944	0.0
0.00052557659	-0.23625654	0.0
0.00024839945	-0.28979602	0.0
-4.343492e-05	-0.33934799	0.0
-0.00033144894	-0.38426065	0.0
-0.00062298897	-0.42394072	0.0
-0.0008970825	-0.45797798	0.0
-0.0011609374	-0.48610055	0.0
-0.0014005272	-0.50815982	0.0
-0.0016157426	-0.52414095	0.0
-0.0017990328	-0.5340414	0.0
-0.0019573192	-0.53802085	0.0
-0.0020828312	-0.53620052	0.0
-0.0021722289	-0.52877277	0.0
-0.0022366706	-0.51591015	0.0
-0.002261115	-0.49780196	0.0
-0.0022590898	-0.47472712	0.0
-0.0022256614	-0.44690207	0.0
-0.0021651529	-0.4146876	0.0
-0.0020791616	-0.37850392	0.0
-0.0019662431	-0.33865246	0.0
-0.0018435147	-0.29570672	0.0
-0.0016979112	-0.25011951	0.0
-0.0015501691	-0.2027318	0.0
-0.0013942263	-0.15398692	0.0
-0.0012365087	-0.10468266	0.0
-0.0010823441	-0.055871285	0.0
-0.00093081564	-0.0079824366	0.0
-0.0007883049	0.038144134	0.0
-0.00065544556	0.081927188	0.0
-0.00052957668	0.12273713	0.0
-0.00041812885	0.16005546	0.0
-0.00031742867	0.19346346	0.0
-0.0002315882	0.22260424	0.0
-0.00015606933	0.24707536	0.0
-9.5468095e-05	0.26670957	0.0
-4.4176322e-05	0.2813254	0.0
-5.9662443e-06	0.29085734	0.0
2.6210259e-05	0.29534426	0.0
4.7253627e-05	0.29500219	0.0
6.6287852e-05	0.29014561	0.0
8.0482438e-05	0.28119481	0.0
9.4871924e-05	0.26864812	0.0
0.00010176245	0.25304914	0.0
0.00010981392	0.23492366	0.0
0.00011398405	0.21485704	0.0
0.00011375377	0.19337441	0.0
0.00011301167	0.1709532	0.0
0.00010775206	0.14847134	0.0
0.00010231922	0.12624583	0.0
9.7944096e-05	0.10490951	0.0
9.0915521e-05	0.084874518	0.0
8.383346e-05	0.066781074	0.0
7.8807556e-05	0.05055467	0.0
7.2017217e-05	0.036506649	0.0
6.3201922e-05	0.024563771	0.0
5.0615203e-05	0.014597508	0.0
3.5497433e-05	0.0064553325	0.0
1.6382131e-05	-0.00010231887	0.0
-8.4198464e-06	-0.0052978443	0.0
-3.1492265e-05	-0.009341713	0.0
-5.9393289e-05	-0.012437307	0.0
-8.5486601e-05	-0.014767624	0.0
-0.00010915939	-0.016481055	0.0
-0.00012867786	-0.017712319	0.0
-0.00014476711	-0.01856559	0.0
-0.00015116391	-0.019126613	0.0
-0.00015223489	-0.019464806	0.0
-0.00014592712	-0.019630922	0.0
-0.00013485624	-0.019662587	0.0
-0.00012286409	-0.01958731	0.0
-0.00010786445	-0.019422438	0.0
-9.5717609e-05	-0.01917702	0.0
-8.9793008e-05	-0.018856402	0.0
-9.2063274e-05	-0.018462658	0.0
-0.0001022962	-0.018003201	0.0
-0.0001207324	-0.017483007	0.0
-0.00014495316	-0.016908431	0.0
-0.00017219865	-0.016296515	0.0
-0.00019703418	-0.015656587	0.0
-0.00021690321	-0.015006829	0.0
-0.00022916691	-0.014359911	0.0
-0.0002301268	-0.013726948	0.0
-0.00021976733	-0.01311572	0.0
-0.0002007497	-0.012528834	0.0
-0.00017330112	-0.011968305	0.0
-0.00014006859	-0.011435752	0.0
-0.0001059136	-0.010930189	0.0
-7.1175396e-05	-0.010447729	0.0
-3.8040034e-05	-0.0099878125	0.0
-8.7128601e-06	-0.0095484732	0.0
1.7381795e-05	-0.0091266502	0.0
3.978216e-05	-0.0087245191	0.0
5.5368477e-05	-0.0083391843	0.0
6.8758512e-05	-0.0079683596	0.0
7.9151505e-05	-0.0076172394	0.0
8.5966494e-05	-0.0072790119	0.0
8.9892084e-05	-0.0069564478	0.0
9.358854e-05	-0.006647557	0.0
9.3246759e-05	-0.0063537885	0.0
9.1862101e-05	-0.0060747433	0.0
9.082511e-05	-0.0058069946	0.0
8.794076e-05	-0.0055525037	0.0
8.5287553e-05	-0.0053103911	0.0
7.9749501e-05	-0.005080374	0.0
7.6173164e-05	-0.0048624226	0.0
7.1559181e-05	-0.004655065	0.0
6.8097652e-05	-0.0044551762	0.0
6.4291307e-05	-0.0042670099	0.0
6.1638581e-05	-0.0040880037	0.0
5.7601614e-05	-0.0039183018	0.0
5.298639e-05	-0.0037551804	0.0
4.9986811e-05	-0.0036023217	0.0
4.6410405e-05	-0.0034556638	0.0
4.5257446e-05	-0.0033159587	0.0
4.1219802e-05	-0.0031825786	0.0
3.8797389e-05	-0.0030553618	0.0
3.4759742e-05	-0.0029356992	0.0
3.326076e-05	-0.0028200138	0.0
3.0723619e-05	-0.0027100861	0.0
2.8762825e-05	-0.0026050888	0.0
2.7610275e-05	-0.0025058468	0.0
2.495821e-05	-0.0024097729	0.0
2.2419967e-05	-0.0023194295	0.0
2.1497635e-05	-0.002231952	0.0
2.0114063e-05	-0.0021486073	0.0
1.8268907e-05	-0.0020691031	0.0
1.6539125e-05	-0.0019934319	0.0
1.5502046e-05	-0.0019204947	0.0
1.4925334e-05	-0.0018516739	0.0
1.2388236e-05	-0.0017849241	0.0
1.2159225e-05	-0.0017211917	0.0
1.0313271e-05	-0.0016614206	0.0
9.1612765e-06	-0.0016006981	0.0
8.1239859e-06	-0.0015462935	0.0
7.2026769e-06	-0.0014935193	0.0
6.9723669e-06	-0.0014421111	0.0
5.3587924e-06	-0.0013923435	0.0
6.0526322e-06	-0.0013455943	0.0
4.6680607e-06	-0.0013003607	0.0
4.6706919e-06	-0.0012566355	0.0
3.7460743e-06	-0.0012149535	0.0
2.3635737e-06	-0.0011750634	0.0
1.9045036e-06	-0.0011362751	0.0
1.2119793e-06	-0.0010995498	0.0
2.9222974e-07	-0.0010643264	0.0
6.3934186e-07	-0.0010311559	0.0
-3.9922057e-07	-0.00099784776	0.0
-3.9442216e-07	-0.00096550636	0.0
6.602837e-08	-0.00093602843	0.0
-1.0892899e-06	-0.00090586487	0.0
-1.544372e-06	-0.0008774926	0.0
-8.5174713e-07	-0.00085036154	0.0
-1.429555e-06	-0.00082459161	0.0
-1.7747673e-06	-0.00079854898	0.0
-2.463667e-06	-0.00077483698	0.0
-2.0005943e-06	-0.00075141125	0.0
-2.8108693e-06	-0.00073071895	0.0
-3.3818137e-06	-0.00070837617	0.0
-2.8042396e-06	-0.00068699406	0.0
-3.6148781e-06	-0.00066616345	0.0
-4.0686186e-06	-0.00064656761	0.0
-3.3800929e-06	-0.00062847277	0.0
-4.7605536e-06	-0.0006097015	0.0
-3.2555172e-06	-0.00059353537	0.0
-3.7215973e-06	-0.00057653483	0.0
-3.8348558e-06	-0.0005584532	0.0
-4.2923325e-06	-0.00054365594	0.0
-3.6010556e-06	-0.00052843633	0.0
-4.7549129e-06	-0.00051282725	0.0
-4.170533e-06	-0.00050035771	0.0
-3.7132284e-06	-0.00048459545	0.0
-4.6340297e-06	-0.00047240203	0.0
-4.2860306e-06	-0.00045786847	0.0
-4.977549e-06	-0.00044541209	0.0
-4.3949553e-06	-0.00043485794	0.0
-3.935711e-06	-0.00042266003	0.0
-4.7464659e-06	-0.0004115687	0.0
-5.8946689e-06	-0.00040142695	0.0
-5.0826397e-06	-0.00039047003	0.0
-5.2026903e-06	-0.00038142421	0.0
-6.352162e-06	-0.00036991021	0.0
-5.7739744e-06	-0.00036046084	0.0
-6.4633309e-06	-0.00035045584	0.0
-4.9599034e-06	-0.00034114299	0.0
-5.4274628e-06	-0.00033305684	0.0
-6.343867e-06	-0.00032387581	0.0
-5.071498e-06	-0.00031620753	0.0
-5.5394567e-06	-0.00030826102	0.0
-7.2647672e-06	-0.00030072822	0.0
-5.990164e-06	-0.00029319376	0.0
-5.6477238e-06	-0.00028565823	0.0
-6.6831653e-06	-0.00027812034	0.0
-5.8730748e-06	-0.00027058765	0.0
-6.4512901e-06	-0.00026538348	0.0
-6.5625031e-06	-0.00025894056	0.0
-5.9847503e-06	-0.00025140386	0.0
-6.3315097e-06	-0.00024455987	0.0
-6.5580089e-06	-0.00024044937	0.0
-5.2872965e-06	-0.00023346412	0.0
-5.635477e-06	-0.00022990447	0.0
-6.6708367e-06	-0.00022264307	0.0
-5.9767735e-06	-0.00021798746	0.0
-6.553415e-06	-0.00021223388	0.0
-6.4345445e-06	-0.00020812376	0.0
-5.280272e-06	-0.0002029188	0.0
-5.9725289e-06	-0.00019976728	0.0
-6.3177481e-06	-0.00019332793	0.0
-7.3533079e-06	-0.0001896325	0.0
-6.1981282e-06	-0.00018497306	0.0
-7.23625e-06	-0.00018018093	0.0
-6.5403538e-06	-0.00017661981	0.0
-5.732401e-06	-0.00017210012	0.0
-5.9626382e-06	-0.00016840312	0.0
-6.3067296e-06	-0.00016456522	0.0
-6.075416e-06	-0.00015922317	0.0
-6.7652763e-06	-0.00015662282	0.0
-5.7256316e-06	-0.00015278668	0.0
-6.7647279e-06	-0.00015004916	0.0
-6.7610526e-06	-0.00014689869	0.0
-6.6455318e-06	-0.0001434752	0.0
-6.9894113e-06	-0.00014018889	0.0
-5.9478748e-06	-0.00013704124	0.0
-5.1410279e-06	-0.00013498703	0.0
-5.9476438e-06	-0.00013087795	0.0
-5.830761e-06	-0.00012841304	0.0
-6.4060387e-06	-0.00012444085	0.0
-5.9430681e-06	-0.00012239098	0.0
-6.7508954e-06	-0.00012061049	0.0
-7.0938227e-06	-0.00011746032	0.0
-6.5156355e-06	-0.00011472315	0.0
-6.7456726e-06	-0.0001125332	0.0
-6.7441119e-06	-0.00010979451	0.0
-6.7421279e-06	-0.00010719492	0.0
-5.7012612e-06	-0.00010610135	0.0
-5.2408773e-06	-0.00010349778	0.0
-6.5082104e-06	-0.00010034808	0.0
-5.8134888e-06	-9.7611482e-05	0.0
-6.0430557e-06	-9.6380376e-05	0.0
-4.8856559e-06	-9.4053525e-05	0.0
-4.0792665e-06	-9.3098264e-05	0.0
-5.0024405e-06	-9.1042821e-05	0.0
-5.6925828e-06	-8.8029534e-05	0.0
-5.8050405e-06	-8.5430911e-05	0.0
-4.995843e-06	-8.5025255e-05	0.0
-4.879782e-06	-8.4202402e-05	0.0
-4.6476457e-06	-8.1464466e-05	0.0
-5.2261666e-06	-8.0784266e-05	0.0
-6.2588456e-06	-7.9277008e-05	0.0
-4.2973697e-06	-7.681235e-05	0.0
-5.5645392e-06	-7.4624353e-05	0.0
-3.2557182e-06	-7.3806419e-05	0.0
-5.5654014e-06	-7.2711897e-05	0.0
-5.907129e-06	-7.107119e-05	0.0
-5.328578e-06	-7.0663242e-05	0.0
-4.7507192e-06	-6.8744623e-05	0.0
-4.9807327e-06	-6.5734144e-05	0.0
-5.441158e-06	-6.5189874e-05	0.0
-6.1321462e-06	-6.3821892e-05	0.0
-6.3609846e-06	-6.2865452e-05	0.0
-5.8978376e-06	-6.1087383e-05	0.0
-5.3197441e-06	-6.1090876e-05	0.0
-5.3183949e-06	-5.9449096e-05	0.0
-4.855448e-06	-5.712211e-05	0.0
-5.3156609e-06	-5.7673595e-05	0.0
-4.968249e-06	-5.5895289e-05	0.0
-4.7360181e-06	-5.4801465e-05	0.0
-4.5038582e-06	-5.3708613e-05	0.0
-4.6177029e-06	-5.1518371e-05	0.0
-4.9626638e-06	-5.1383908e-05	0.0
-4.9610553e-06	-5.0429073e-05	0.0
-5.6521021e-06	-4.8101054e-05	0.0
-5.4206016e-06	-4.8651807e-05	0.0
-4.9580776e-06	-4.7833404e-05	0.0
-4.6086202e-06	-4.7289683e-05	0.0
-6.3378566e-06	-4.4688262e-05	0.0
-6.3389512e-06	-4.4414905e-05	0.0
-5.2983205e-06	-4.4282464e-05	0.0
-5.4124116e-06	-4.2640957e-05	0.0
-4.3727314e-06	-4.1820611e-05	0.0
-4.485812e-06	-4.1550167e-05	0.0
-4.6001628e-06	-4.0183113e-05	0.0
-5.1745119e-06	-3.9499573e-05	0.0
-6.9054054e-06	-3.9503662e-05	0.0
-5.5201326e-06	-3.7862083e-05	0.0
-5.8642231e-06	-3.7728103e-05	0.0
-4.9402552e-06	-3.6223613e-05	0.0
-5.39847e-06	-3.5952813e-05	0.0
-5.6309509e-06	-3.4037977e-05	0.0
-3.8969833e-06	-3.321634e-05	0.0
-5.164552e-06	-3.349363e-05	0.0
-4.1254712e-06	-3.2950233e-05	0.0
-5.1603838e-06	-3.1992531e-05	0.0
-5.1625843e-06	-3.2133739e-05	0.0
-4.2367583e-06	-3.0766754e-05	0.0
-4.3512841e-06	-3.0631123e-05	0.0
-3.1967402e-06	-3.0087687e-05	0.0
-3.3069878e-06	-2.9268062e-05	0.0
-3.9997867e-06	-2.8859989e-05	0.0
-3.7671095e-06	-2.8178338e-05	0.0
-4.4582157e-06	-2.7496553e-05	0.0
-3.9974307e-06	-2.6404214e-05	0.0
-3.649878e-06	-2.5581183e-05	0.0
-3.4134753e-06	-2.5861087e-05	0.0
-4.7988228e-06	-2.4220308e-05	0.0
-3.8769695e-06	-2.4627234e-05	0.0
-4.1043745e-06	-2.5594971e-05	0.0
-3.9856222e-06	-2.4231056e-05	0.0
-5.3687722e-06	-2.3408145e-05	0.0
-5.2552023e-06	-2.313826e-05	0.0
-5.1394468e-06	-2.2047223e-05	0.0
-4.2158299e-06	-2.1766346e-05	0.0
-3.8662788e-06	-2.3423763e-05	0.0
-3.8623557e-06	-2.0141415e-05	0.0
-4.3263649e-06	-2.0406726e-05	0.0
-3.1706095e-06	-2.0690411e-05	0.0
-3.4009295e-06	-1.9869824e-05	0.0
-2.0143752e-06	-2.0281377e-05	0.0
-2.9291937e-06	-1.9745776e-05	0.0
-3.5108642e-06	-1.7414652e-05	0.0
-2.9325242e-06	-1.8366864e-05	0.0
-3.3877541e-06	-1.9201416e-05	0.0
-4.0829268e-06	-1.8108118e-05	0.0
-3.2790051e-06	-1.8383109e-05	0.0
-2.8072561e-06	-1.7704931e-05	0.0
-3.9613342e-06	-1.7023252e-05	0.0
-3.615062e-06	-1.6334705e-05	0.0
-4.5337583e-06	-1.7298575e-05	0.0
-4.4246199e-06	-1.6212894e-05	0.0
-3.6141403e-06	-1.5388528e-05	0.0
-3.4949996e-06	-1.5117585e-05	0.0
-3.719608e-06	-1.4843258e-05	0.0
-4.761313e-06	-1.5260901e-05	0.0
-3.7272978e-06	-1.4305369e-05	0.0
-3.4868644e-06	-1.4578564e-05	0.0
-3.6097704e-06	-1.4042668e-05	0.0
-2.2152244e-06	-1.3073704e-05	0.0
-4.1706066e-06	-1.4727263e-05	0.0
-3.7207747e-06	-1.2682477e-05	0.0
-3.0226452e-06	-1.2809283e-05	0.0
-2.7914139e-06	-1.3094299e-05	0.0
-2.5525201e-06	-1.2408337e-05	0.0
-3.7095724e-06	-1.3098062e-05	0.0
-2.4431479e-06	-1.2009368e-05	0.0
-3.0058154e-06	-1.1732417e-05	0.0
-4.3978384e-06	-1.1873875e-05	0.0
-3.1329184e-06	-1.1469194e-05	0.0
-2.8936727e-06	-1.0650044e-05	0.0
-3.1225456e-06	-1.0238143e-05	0.0
-3.2404921e-06	-1.0243864e-05	0.0
-2.5453003e-06	-9.4240249e-06	0.0
-3.0024937e-06	-9.5620644e-06	0.0
-3.2321425e-06	-9.4275929e-06	0.0
-3.6947538e-06	-9.9780018e-06	0.0
-3.0038511e-06	-9.9843446e-06	0.0
-2.5393535e-06	-9.577474e-06	0.0
-2.6458413e-06	-9.1673573e-06	0.0
-4.0347968e-06	-9.1723296e-06	0.0
-2.8833661e-06	-8.6242562e-06	0.0
-3.3361994e-06	-9.3128674e-06	0.0
-3.3434876e-06	-8.7703438e-06	0.0
-2.4123501e-06	-8.7732678e-06	0.0
-3.9076617e-06	-7.9557121e-06	0.0
-3.8002972e-06	-7.8167186e-06	0.0
-3.1022032e-06	-8.0979289e-06	0.0
-3.6762822e-06	-7.1425402e-06	0.0
-3.3342517e-06	-7.2772923e-06	0.0
-2.7513988e-06	-7.4232671e-06	0.0
-3.4406953e-06	-6.4646829e-06	0.0
-3.5565492e-06	-7.1490226e-06	0.0
-3.330935e-06	-7.157917e-06	0.0
-1.5933821e-06	-6.3387997e-06	0.0
-2.9720902e-06	-6.3357288e-06	0.0
-3.0896128e-06	-7.439362e-06	0.0
-3.2079349e-06	-6.3482062e-06	0.0
-1.7026616e-06	-6.3501025e-06	0.0
-3.0835433e-06	-5.53064e-06	0.0
-2.5092697e-06	-6.3497232e-06	0.0
-2.6230434e-06	-7.0483056e-06	0.0
-1.6987691e-06	-4.9921191e-06	0.0
-2.0403804e-06	-6.3624416e-06	0.0
-2.271217e-06	-5.5483779e-06	0.0
-2.0416182e-06	-5.2749069e-06	0.0
-1.3440299e-06	-5.139897e-06	0.0
-2.9566982e-06	-5.5555993e-06	0.0
-2.9600374e-06	-5.0095109e-06	0.0
-2.4958445e-06	-5.6985509e-06	0.0
-2.4944716e-06	-4.4720382e-06	0.0
-2.1470951e-06	-3.3748925e-06	0.0
-2.1450282e-06	-3.7885484e-06	0.0
-2.1439264e-06	-3.3821455e-06	0.0
-2.0273242e-06	-3.2455753e-06	0.0
-1.9102411e-06	-4.4834933e-06	0.0
-2.3694081e-06	-3.9389201e-06	0.0
-3.2923356e-06	-4.3533819e-06	0.0
-2.4838071e-06	-3.5340574e-06	0.0
-2.4812473e-06	-4.2220531e-06	0.0
-3.1731522e-06	-4.2257179e-06	0.0
-2.0182435e-06	-3.9556157e-06	0.0
-1.7855316e-06	-2.7241247e-06	0.0
-1.7835357e-06	-3.8238668e-06	0.0
-3.743912e-06	-3.1418126e-06	0.0
-3.3970166e-06	-4.1043922e-06	0.0
-2.3569025e-06	-3.9705924e-06	0.0
-1.77862e-06	-3.8367702e-06	0.0
-3.2774342e-06	-4.5251991e-06	0.0
-2.8142763e-06	-1.923529e-06	0.0
-2.9283674e-06	-3.4366892e-06	0.0
-2.5811783e-06	-4.8087359e-06	0.0
-3.3875012e-06	-3.5778999e-06	0.0
-2.8085383e-06	-3.7190439e-06	0.0
-2.9235689e-06	-3.5841906e-06	0.0
-3.3836182e-06	-3.3147251e-06	0.0
-3.1498248e-06	-4.2761658e-06	0.0
-1.8795578e-06	-2.6331322e-06	0.0
-2.2263985e-06	-2.639538e-06	0.0
-2.9159771e-06	-3.8753151e-06	0.0
-1.989951e-06	-3.1917075e-06	0.0
-1.2972038e-06	-2.9205939e-06	0.0
-1.2978646e-06	-1.8265912e-06	0.0
-2.2196407e-06	-1.6953433e-06	0.0
-1.9843658e-06	-1.9708741e-06	0.0
-1.176272e-06	-1.7032984e-06	0.0
-1.5239477e-06	-3.3488375e-06	0.0
-2.2127504e-06	-1.5666457e-06	0.0
-2.0990867e-06	-1.5749251e-06	0.0
-3.8265844e-06	-1.8496193e-06	0.0
-2.2031204e-06	-1.5818762e-06	0.0
-1.5180357e-06	-2.6782352e-06	0.0
-3.0161332e-06	-1.3113859e-06	0.0
-2.3156181e-06	-2.4120559e-06	0.0
-1.5112851e-06	-1.4553368e-06	0.0
-1.9712515e-06	-2.6944656e-06	0.0
-1.2746027e-06	-1.8678434e-06	0.0
-8.1333656e-07	-1.3302305e-06	0.0
-1.0494255e-06	-2.290066e-06	0.0
-2.6590851e-06	-1.3329615e-06	0.0
-1.6157625e-06	-1.7471476e-06	0.0
-2.0808056e-06	-9.3094826e-07	0.0
-1.9590095e-06	-2.443521e-06	0.0
-1.3825612e-06	-1.4761283e-06	0.0
-1.7311883e-06	-3.9125058e-07	0.0
-2.3050436e-06	-1.4952484e-06	0.0
-1.9515326e-06	-1.7654887e-06	0.0
-1.1494205e-06	-1.0831079e-06	0.0
-2.1838275e-06	-1.0900995e-06	0.0
-1.1440427e-06	-1.2271889e-06	0.0
-2.3009068e-06	-6.8280025e-07	0.0
-2.0632936e-06	-9.6250938e-07	0.0
-1.9449169e-06	-9.6365386e-07	0.0
-1.0212538e-06	-1.3862973e-06	0.0
-1.3718671e-06	-2.1938397e-06	0.0
-1.7139604e-06	5.3417654e-07	0.0
-1.7116007e-06	-2.0833713e-06	0.0
-1.7109328e-06	-1.1082034e-06	0.0
-1.8255059e-06	-7.0824791e-07	0.0
-1.7032394e-06	-4.3734983e-07	0.0
-1.1316097e-06	-1.5949044e-07	0.0
-1.8192482e-06	1.0656458e-06	0.0
-1.0109079e-06	-5.1895174e-08	0.0
-1.4661624e-06	-1.4118257e-06	0.0
3.4222374e-08	-7.23786e-07	0.0
-1.0190712e-06	-8.7159106e-07	0.0
-1.3455812e-06	-1.1494793e-06	0.0
-4.2498473e-07	-1.279712e-06	0.0
-1.1293116e-06	-1.8738102e-07	0.0
-1.9270799e-06	-1.927974e-07	0.0
-1.5707712e-06	6.2994843e-07	0.0
-7.5731873e-07	6.1530977e-07	0.0
-7.87443e-08	-7.7057038e-08	0.0
-9.9838121e-07	-7.6035076e-07	0.0
-1.7771282e-07	-6.1773051e-07	0.0
4.2859174e-08	-2.1468372e-07	0.0
1.7215338e-07	-3.5288724e-07	0.0
9.6259521e-07	5.2504223e-08	0.0
-7.6842787e-07	-3.6311519e-07	0.0
-1.7194218e-07	-8.872189e-08	0.0
-3.0223958e-07	-3.7434086e-07	0.0
-7.5248676e-07	-7.8324638e-07	0.0
-4.1179646e-07	-3.6394692e-07	0.0
-1.2143009e-06	2.2735318e-08	0.0
-2.7574745e-07	-1.2011884e-06	0.0
5.4401379e-08	3.1676336e-07	0.0
-4.0319088e-07	7.4556885e-09	0.0
-1.6775229e-07	-1.078866e-06	0.0
-1.6431123e-07	-3.7874372e-07	0.0
2.9693172e-07	2.89318e-07	0.0
-1.7833568e-07	1.0812172e-08	0.0
-6.1457484e-07	4.2753229e-07	0.0
6.4868829e-07	5.4438112e-07	0.0
-4.0962297e-07	-2.7447916e-07	0.0
-8.5103306e-07	4.2294832e-07	0.0
-7.3816796e-07	9.5923065e-07	0.0
-9.6146027e-07	6.5895335e-07	0.0
-2.6101526e-07	-2.710681e-07	0.0
-1.6215911e-07	1.0663899e-06	0.0
-7.3253648e-07	-1.3924312e-06	0.0
-4.967095e-07	5.3909423e-07	0.0
-9.7256486e-07	-8.6285223e-07	0.0
-1.5274644e-06	-5.7011169e-07	0.0
-4.8179112e-07	-5.6826121e-07	0.0
-3.7741162e-07	2.3611469e-07	0.0
-1.3919906e-07	-7.2019299e-07	0.0
-1.5554861e-07	6.6772651e-07	0.0
-8.2870929e-07	9.1063765e-07	0.0
9.0946706e-08	6.422236e-07	0.0
-7.2245126e-07	9.0637599e-07	0.0
-2.4771688e-07	5.0222167e-07	0.0
-3.681308e-07	1.3168658e-06	0.0
-1.1963154e-08	7.6440739e-07	0.0
2.0877391e-07	1.5942428e-06	0.0
-1.2555274e-08	1.4311601e-06	0.0
5.6301207e-07	6.0479096e-07	0.0
-1.4971803e-07	2.0337694e-07	0.0
-6.9226621e-07	3.3380542e-07	0.0
6.8885834e-07	-8.0756244e-08	0.0
9.6869123e-08	-8.5843396e-08	0.0
1.0177901e-07	-4.9305635e-07	0.0
-4.7255827e-07	1.9726434e-07	0.0
-1.1552115e-07	3.1704081e-07	0.0
-5.2653939e-09	4.1447205e-08	0.0
1.1711847e-07	3.9213145e-08	0.0
3.3904243e-07	-1.0031733e-07	0.0
-2.3535397e-07	-1.0715707e-07	0.0
-1.1788229e-07	-5.2136858e-07	0.0
-4.5662634e-07	-6.6497904e-07	0.0
1.2009242e-07	-9.2281294e-07	0.0
-4.6781861e-07	3.0055259e-07	0.0
-5.6334153e-07	-4.0133028e-07	0.0
8.958474e-09	-2.5768051e-07	0.0
-2.2136062e-07	-3.9816686e-07	0.0
2.4693364e-07	1.496441e-08	0.0
-4.1514956e-09	2.8544324e-07	0.0
-9.1271761e-07	9.7864609e-07	0.0
-3.2405902e-07	1.4931242e-06	0.0
-2.1154682e-07	1.2697367e-07	0.0
2.533391e-07	6.7461468e-07	0.0
6.0930711e-07	-1.4383542e-07	0.0
1.2801481e-06	1.0940292e-06	0.0
-1.1279123e-07	3.7221301e-07	0.0
-8.3789736e-08	-7.2385672e-07	0.0
