#Bx [T], By [T], Bz [T] on 3D mesh: inmost loop vs X (horizontal transverse position), outmost loop vs Z (longitudinal position)
#0.0 #initial X position [m]
#0.0 #step of X [m]
#1 #number of points vs X
#0.0 #initial Y position [m]
#0.0 #step of Y [m]
#1 #number of points vs Y
#-1.1855 #initial Z position [m]
#0.001 #step of Z [m]
#2371 #number of points vs Z
-5.2154184e-07	-6.0313505e-07	0.0
5.7140074e-08	7.6430172e-07	0.0
8.6669127e-07	7.5900275e-08	0.0
9.8410442e-07	-8.8708123e-07	0.0
1.7789893e-07	-7.5345952e-07	0.0
1.4491771e-06	6.5657417e-08	0.0
6.6274076e-08	4.7376463e-07	0.0
7.6018495e-07	6.0736085e-07	0.0
7.0442454e-08	1.1530274e-06	0.0
-1.3133067e-06	-7.6938016e-07	0.0
3.0255396e-07	1.8603004e-07	0.0
9.9983765e-07	-2.2780405e-07	0.0
-1.8830758e-06	4.2803933e-08	0.0
-9.6310225e-07	-9.8396377e-08	0.0
5.4145454e-07	7.2215033e-07	0.0
8.2781334e-08	-2.4150606e-07	0.0
8.426025e-08	1.2619183e-06	0.0
-3.7535327e-07	7.1403747e-07	0.0
-4.8865667e-07	-5.2391158e-07	0.0
-1.0644511e-06	-8.0202358e-07	0.0
-4.87438e-07	-9.4432801e-07	0.0
9.1713737e-08	2.8506565e-07	0.0
4.4105391e-07	1.4622495e-08	0.0
2.1175754e-07	-1.6390802e-06	0.0
4.4495206e-07	1.3810572e-07	0.0
-1.295261e-07	-5.46987e-07	0.0
-1.2931638e-07	1.3155848e-07	0.0
-1.2694434e-07	1.3280687e-07	0.0
-3.5464251e-07	-9.6582028e-07	0.0
-5.8753494e-07	-1.1148041e-06	0.0
6.8384901e-07	1.2135756e-06	0.0
2.2915965e-07	6.6861065e-07	0.0
-2.3323896e-07	5.2579509e-07	0.0
-3.1941407e-09	2.4836336e-07	0.0
6.4407852e-09	-2.454815e-08	0.0
-1.7278726e-06	-8.6154648e-07	0.0
-3.4551371e-07	2.0159771e-06	0.0
-6.8491522e-07	6.5084248e-07	0.0
-2.2626914e-07	6.4468941e-07	0.0
3.5506869e-07	-3.2062769e-07	0.0
3.5687663e-07	1.0429055e-06	0.0
7.0495935e-07	7.7482343e-07	0.0
3.6447665e-07	-5.5672015e-08	0.0
-5.5629971e-07	4.8811359e-07	0.0
-1.1344681e-06	3.4823026e-07	0.0
-7.9215562e-07	8.9251245e-07	0.0
2.3917918e-08	4.8407713e-07	0.0
-1.24157e-06	5.9460092e-08	0.0
-1.3571535e-06	1.5717247e-06	0.0
-2.0502218e-06	-4.8636292e-07	0.0
-8.9962566e-07	1.0052253e-06	0.0
-6.5623021e-07	1.9720569e-06	0.0
-1.7016373e-06	8.7797537e-07	0.0
1.475959e-07	-2.2709831e-07	0.0
-8.8529532e-07	1.7471338e-07	0.0
3.640589e-08	1.1314733e-06	0.0
-8.7743666e-07	1.2730821e-06	0.0
-1.3435842e-06	3.6450043e-08	0.0
-7.6965028e-07	2.6415242e-08	0.0
-6.7477863e-08	3.0072303e-07	0.0
-9.9304907e-07	2.0431891e-08	0.0
1.6461011e-07	8.3920145e-07	0.0
-1.1012305e-06	2.962482e-07	0.0
-2.9468785e-07	-8.0688284e-07	0.0
-9.8458293e-07	-8.1452202e-07	0.0
-2.8798107e-07	-8.1528543e-07	0.0
-1.3296039e-06	-9.5886503e-07	0.0
5.1617417e-07	-5.475527e-07	0.0
-2.7966601e-07	-1.2373366e-06	0.0
-2.8459175e-07	-6.932799e-07	0.0
-5.0677829e-07	-1.2423741e-06	0.0
-1.3182016e-06	-8.4068608e-07	0.0
-5.1293995e-07	-6.9700354e-07	0.0
-5.0388081e-07	-1.667683e-06	0.0
-8.5137958e-07	-3.0149954e-07	0.0
-7.3116951e-07	-9.8275962e-07	0.0
-1.4244612e-06	-1.1231141e-06	0.0
-8.4634348e-07	-1.6849775e-06	0.0
-1.3054281e-06	3.6828553e-07	0.0
-8.4192817e-07	-4.4439471e-07	0.0
-1.303187e-06	-4.610088e-07	0.0
-6.0750165e-07	2.3274342e-07	0.0
-1.411486e-06	-1.4159662e-06	0.0
-1.0654364e-06	-8.7694633e-07	0.0
-1.640126e-06	-1.4275629e-06	0.0
-9.5325458e-07	-7.4592703e-07	0.0
-3.7104718e-07	-1.4311798e-06	0.0
-2.477112e-07	-1.0300739e-06	0.0
-8.2591464e-07	-7.5630629e-07	0.0
-4.7676249e-07	-7.5535803e-07	0.0
-1.391663e-06	-1.5756017e-06	0.0
-1.4085995e-06	-2.0064888e-06	0.0
1.0341998e-07	-3.6410086e-07	0.0
-8.1772083e-07	-7.6605329e-07	0.0
5.6053648e-07	-9.1203208e-07	0.0
8.0229823e-09	-9.1656261e-07	0.0
-1.4925065e-06	-6.4617473e-07	0.0
-1.968996e-06	-5.1340248e-07	0.0
-1.0445682e-06	-3.7104419e-07	0.0
-1.1502327e-06	-1.4675013e-06	0.0
-9.2762701e-07	-1.621078e-06	0.0
-3.3796877e-07	-1.2098894e-06	0.0
-1.3695437e-06	-1.4832684e-06	0.0
-1.2687009e-06	-1.4928121e-06	0.0
-6.8142828e-07	-1.0856345e-06	0.0
-1.0294088e-06	-1.212352e-06	0.0
-3.3270103e-07	-2.1848196e-06	0.0
-1.2422191e-06	-1.2390282e-06	0.0
-1.4889085e-06	-1.0919205e-06	0.0
-1.0144323e-06	-1.3694449e-06	0.0
-1.8277476e-06	-1.3808622e-06	0.0
-7.8840844e-07	-4.3556554e-07	0.0
-1.4730739e-06	4.0576674e-07	0.0
-7.8798899e-07	-1.0957175e-06	0.0
-1.2266837e-06	-1.7896123e-06	0.0
-2.165147e-06	-2.3645998e-06	0.0
-1.1306024e-06	-4.426004e-07	0.0
-1.2344808e-06	-1.3945352e-06	0.0
-8.9389584e-07	-4.5122854e-07	0.0
-4.3333398e-07	-7.1550352e-07	0.0
4.3974477e-08	-8.5237099e-07	0.0
-1.0986927e-06	-1.5523902e-06	0.0
-1.3512699e-06	-7.2808012e-07	0.0
-6.4567774e-07	-1.6908634e-06	0.0
-1.34092e-06	-7.4344035e-07	0.0
-5.2736141e-07	-1.409561e-06	0.0
-1.7848698e-06	-1.7176372e-06	0.0
-1.4604086e-06	-4.6452212e-07	0.0
-8.7294825e-07	-2.3832097e-06	0.0
-1.090469e-06	-1.1871673e-06	0.0
-1.56281e-06	-6.0968489e-07	0.0
-8.6700692e-07	-1.7102566e-06	0.0
-1.3218493e-06	-1.5881891e-06	0.0
-9.7998327e-07	-1.7213567e-06	0.0
-1.1999368e-06	-1.6042678e-06	0.0
-1.3238758e-06	-8.9700234e-07	0.0
-8.5696797e-07	-2.8193299e-06	0.0
-1.3069799e-06	-2.1600838e-06	0.0
-1.6600962e-06	-2.1529929e-06	0.0
-1.6523181e-06	-1.7516104e-06	0.0
-2.2337183e-06	-1.608057e-06	0.0
-1.7697956e-06	-1.8896924e-06	0.0
-2.452698e-06	-1.7482491e-06	0.0
-2.5723011e-06	-2.5779495e-06	0.0
-2.6944183e-06	-1.9095214e-06	0.0
-1.8842795e-06	-1.8911636e-06	0.0
-1.8824245e-06	-2.5928255e-06	0.0
-1.1832253e-06	-1.7779795e-06	0.0
-1.9752342e-06	-2.0447956e-06	0.0
-2.0024302e-06	-1.9180131e-06	0.0
-1.0512667e-06	-1.9162155e-06	0.0
-2.5616325e-06	-2.1888889e-06	0.0
-1.0602606e-06	-2.4780493e-06	0.0
-2.5481331e-06	-2.0579132e-06	0.0
-1.63581e-06	-3.1600891e-06	0.0
-2.3247183e-06	-2.3599407e-06	0.0
-1.3916997e-06	-2.2043237e-06	0.0
-3.0008653e-06	-2.7630422e-06	0.0
-2.2091772e-06	-2.3595369e-06	0.0
-2.6560397e-06	-2.3631708e-06	0.0
-2.3203438e-06	-1.8177153e-06	0.0
-2.3033638e-06	-2.0852681e-06	0.0
-2.7762924e-06	-2.4971102e-06	0.0
-2.0743078e-06	-3.0571384e-06	0.0
-3.2161524e-06	-2.7848041e-06	0.0
-3.2314201e-06	-3.4660716e-06	0.0
-3.3333711e-06	-3.6184877e-06	0.0
-3.8023393e-06	-3.480244e-06	0.0
-3.0078306e-06	-3.4955083e-06	0.0
-2.4066198e-06	-2.5315471e-06	0.0
-3.2163512e-06	-3.0793135e-06	0.0
-2.533041e-06	-2.5373395e-06	0.0
-2.8523461e-06	-3.0819608e-06	0.0
-3.5694241e-06	-3.084012e-06	0.0
-2.2897314e-06	-4.1718199e-06	0.0
-3.2109424e-06	-4.6161567e-06	0.0
-1.8359053e-06	-3.1231532e-06	0.0
-2.4941992e-06	-2.8093314e-06	0.0
-3.0961185e-06	-4.7355934e-06	0.0
-2.2799038e-06	-4.2267161e-06	0.0
-2.966673e-06	-3.5187102e-06	0.0
-2.5072632e-06	-4.3489381e-06	0.0
-3.077334e-06	-3.6726556e-06	0.0
-2.6290061e-06	-4.0807308e-06	0.0
-2.2707934e-06	-3.4170719e-06	0.0
-2.4929561e-06	-2.8518002e-06	0.0
-2.9514531e-06	-3.6686351e-06	0.0
-3.1923842e-06	-4.0919499e-06	0.0
-2.726299e-06	-4.3695159e-06	0.0
-3.1752181e-06	-4.3829486e-06	0.0
-3.3065728e-06	-4.0975287e-06	0.0
-2.7173257e-06	-4.802363e-06	0.0
-3.4056579e-06	-3.6966587e-06	0.0
-2.8445688e-06	-5.3349872e-06	0.0
-2.5894924e-06	-4.8114252e-06	0.0
-3.5108912e-06	-5.3428171e-06	0.0
-3.4089323e-06	-5.6382896e-06	0.0
-3.1724235e-06	-5.3554068e-06	0.0
-3.0558917e-06	-6.1858295e-06	0.0
-2.9343305e-06	-5.6454983e-06	0.0
-3.383602e-06	-6.18887e-06	0.0
-4.1915823e-06	-5.9315075e-06	0.0
-4.3236769e-06	-5.6548861e-06	0.0
-3.5149719e-06	-5.7854672e-06	0.0
-3.4980862e-06	-6.2123363e-06	0.0
-3.8475005e-06	-5.3973172e-06	0.0
-3.5099122e-06	-5.6537779e-06	0.0
-3.3681374e-06	-6.2211038e-06	0.0
-4.7596541e-06	-5.9329882e-06	0.0
-3.7495774e-06	-7.5860198e-06	0.0
-3.2429243e-06	-6.6560788e-06	0.0
-5.1021739e-06	-6.6257412e-06	0.0
-3.6271028e-06	-7.8732219e-06	0.0
-3.257526e-06	-7.4734639e-06	0.0
-3.3586775e-06	-7.8830217e-06	0.0
-4.5173747e-06	-7.7482955e-06	0.0
-4.0638879e-06	-8.3035029e-06	0.0
-4.39833e-06	-7.7614513e-06	0.0
-4.4058766e-06	-8.0362943e-06	0.0
-4.5025622e-06	-7.7603554e-06	0.0
-5.4441871e-06	-8.7183998e-06	0.0
-3.9436495e-06	-8.601678e-06	0.0
-4.3987502e-06	-8.3190089e-06	0.0
-3.4654379e-06	-8.8734705e-06	0.0
-5.1833922e-06	-8.7334984e-06	0.0
-5.0844064e-06	-9.9657727e-06	0.0
-5.424607e-06	-9.9871886e-06	0.0
-5.1950087e-06	-9.9730714e-06	0.0
-5.3101694e-06	-1.0951519e-05	0.0
-5.0681256e-06	-9.7212924e-06	0.0
-6.2178674e-06	-1.0801816e-05	0.0
-5.6699992e-06	-1.0701714e-05	0.0
-4.1477792e-06	-9.312379e-06	0.0
-5.2863802e-06	-1.094909e-05	0.0
-5.3008371e-06	-1.0966199e-05	0.0
-4.8474208e-06	-1.1384428e-05	0.0
-3.5673872e-06	-1.069879e-05	0.0
-4.0190798e-06	-1.1653035e-05	0.0
-3.8995745e-06	-1.1800003e-05	0.0
-5.0450271e-06	-1.2217346e-05	0.0
-5.1787324e-06	-1.1678612e-05	0.0
-4.6996724e-06	-1.1669056e-05	0.0
-5.7476177e-06	-1.2359264e-05	0.0
-4.4746594e-06	-1.2236309e-05	0.0
-5.8431192e-06	-1.1690458e-05	0.0
-5.7424527e-06	-1.181401e-05	0.0
-5.2952296e-06	-1.3054274e-05	0.0
-3.4282036e-06	-1.2933412e-05	0.0
-5.0280382e-06	-1.3059526e-05	0.0
-4.8095926e-06	-1.3895034e-05	0.0
-5.3806157e-06	-1.3348889e-05	0.0
-5.2612986e-06	-1.417052e-05	0.0
-5.9610302e-06	-1.4038507e-05	0.0
-4.9183768e-06	-1.4729945e-05	0.0
-5.7217735e-06	-1.4185961e-05	0.0
-4.8040092e-06	-1.4868652e-05	0.0
-5.140238e-06	-1.5006091e-05	0.0
-4.9070904e-06	-1.5976941e-05	0.0
-5.7073021e-06	-1.5294712e-05	0.0
-5.6084336e-06	-1.6119428e-05	0.0
-4.6787059e-06	-1.5307969e-05	0.0
-5.0082831e-06	-1.5576003e-05	0.0
-5.5945366e-06	-1.5976915e-05	0.0
-5.0180879e-06	-1.7905892e-05	0.0
-5.2396394e-06	-1.7512264e-05	0.0
-5.5788178e-06	-1.8049597e-05	0.0
-6.1704773e-06	-1.8742207e-05	0.0
-5.0059784e-06	-1.9027389e-05	0.0
-6.3804323e-06	-1.862309e-05	0.0
-6.0445122e-06	-1.8349932e-05	0.0
-6.3877333e-06	-1.8608298e-05	0.0
-5.5868318e-06	-2.0530368e-05	0.0
-5.3424023e-06	-2.0562076e-05	0.0
-5.6837898e-06	-1.972899e-05	0.0
-6.0309712e-06	-2.068562e-05	0.0
-5.6998465e-06	-2.0696316e-05	0.0
-4.6404584e-06	-2.1504598e-05	0.0
-6.0204115e-06	-2.2627062e-05	0.0
-5.4539519e-06	-2.1397251e-05	0.0
-5.7909797e-06	-2.2209924e-05	0.0
-5.6735548e-06	-2.1954718e-05	0.0
-6.2489962e-06	-2.2202919e-05	0.0
-6.2413592e-06	-2.4276531e-05	0.0
-7.2846515e-06	-2.3733148e-05	0.0
-6.8177078e-06	-2.5246767e-05	0.0
-7.9750416e-06	-2.4292267e-05	0.0
-6.6036123e-06	-2.5928226e-05	0.0
-6.357996e-06	-2.6073532e-05	0.0
-6.1195601e-06	-2.7318816e-05	0.0
-6.701795e-06	-2.6231548e-05	0.0
-6.0012794e-06	-2.6909727e-05	0.0
-6.9298126e-06	-2.6907868e-05	0.0
-5.8783444e-06	-2.8949167e-05	0.0
-8.2847819e-06	-3.0217707e-05	0.0
-8.2030365e-06	-2.9262847e-05	0.0
-7.2735556e-06	-3.0068575e-05	0.0
-6.4710557e-06	-3.077642e-05	0.0
-5.2983892e-06	-3.02227e-05	0.0
-6.5553445e-06	-3.172275e-05	0.0
-6.5715171e-06	-3.2288186e-05	0.0
-6.3298617e-06	-3.2829255e-05	0.0
-6.7928008e-06	-3.4204557e-05	0.0
-6.5563277e-06	-3.4496406e-05	0.0
-7.2525572e-06	-3.4486944e-05	0.0
-6.6656958e-06	-3.5994297e-05	0.0
-8.2765418e-06	-3.6421894e-05	0.0
-7.7162285e-06	-3.6559915e-05	0.0
-7.3630226e-06	-3.7236347e-05	0.0
-7.1216482e-06	-3.862107e-05	0.0
-7.9306274e-06	-3.8218164e-05	0.0
-7.3590786e-06	-3.9032253e-05	0.0
-7.3521355e-06	-3.9859518e-05	0.0
-6.7862634e-06	-4.0956649e-05	0.0
-5.7325983e-06	-4.1791853e-05	0.0
-6.6473572e-06	-4.1928044e-05	0.0
-6.9878042e-06	-4.3027791e-05	0.0
-8.4919893e-06	-4.3438533e-05	0.0
-7.6973747e-06	-4.4952783e-05	0.0
-7.341042e-06	-4.5225366e-05	0.0
-7.220985e-06	-4.7552883e-05	0.0
-7.3404813e-06	-4.8125214e-05	0.0
-6.6423868e-06	-4.8120713e-05	0.0
-7.3263241e-06	-4.9348142e-05	0.0
-7.3341294e-06	-5.0860352e-05	0.0
-7.097397e-06	-5.1835796e-05	0.0
-7.2146263e-06	-5.196542e-05	0.0
-6.859585e-06	-5.3757791e-05	0.0
-7.5583066e-06	-5.3347874e-05	0.0
-6.2874283e-06	-5.5668152e-05	0.0
-7.082152e-06	-5.6378049e-05	0.0
-7.0872661e-06	-5.6777135e-05	0.0
-7.2052112e-06	-5.8570669e-05	0.0
-6.6189605e-06	-5.8567952e-05	0.0
-7.3187866e-06	-6.1168445e-05	0.0
-6.1497394e-06	-6.1736791e-05	0.0
-8.452912e-06	-6.2821957e-05	0.0
-7.3200736e-06	-6.4744665e-05	0.0
-7.5243611e-06	-6.5858112e-05	0.0
-8.6832933e-06	-6.5997454e-05	0.0
-8.3498426e-06	-6.7221605e-05	0.0
-7.5344146e-06	-6.8743851e-05	0.0
-7.7555324e-06	-6.9282985e-05	0.0
-7.5427974e-06	-7.2160932e-05	0.0
-6.4707046e-06	-7.2871095e-05	0.0
-9.3654771e-06	-7.3945579e-05	0.0
-7.3009687e-06	-7.6839897e-05	0.0
-8.5521888e-06	-7.6984375e-05	0.0
-7.9763868e-06	-7.9441357e-05	0.0
-9.4732732e-06	-8.1093065e-05	0.0
-8.3365558e-06	-8.356545e-05	0.0
-7.9703168e-06	-8.4939231e-05	0.0
-8.5485435e-06	-8.7145403e-05	0.0
-8.5420352e-06	-8.7282511e-05	0.0
-9.2452683e-06	-8.988232e-05	0.0
-7.6288088e-06	-9.1121561e-05	0.0
-8.4165522e-06	-9.3597126e-05	0.0
-8.7758617e-06	-9.4146912e-05	0.0
-8.30719e-06	-9.7153599e-05	0.0
-8.7704111e-06	-9.9218858e-05	0.0
-8.074021e-06	-0.00010182773	0.0
-9.2126338e-06	-0.00010347751	0.0
-9.9196286e-06	-0.00010581266	0.0
-9.1138845e-06	-0.00010745266	0.0
-8.8764482e-06	-0.00011075063	0.0
-8.7549806e-06	-0.00011158726	0.0
-8.9927271e-06	-0.00011376768	0.0
-7.8354433e-06	-0.00011651186	0.0
-8.3990744e-06	-0.00011912693	0.0
-8.972941e-06	-0.00012091167	0.0
-9.9014387e-06	-0.00012364697	0.0
-9.3276103e-06	-0.00012679951	0.0
-9.3259669e-06	-0.00013009906	0.0
-8.4044887e-06	-0.0001327036	0.0
-8.500775e-06	-0.00013627454	0.0
-9.7737611e-06	-0.00013847154	0.0
-9.4335164e-06	-0.00014216764	0.0
-9.6552449e-06	-0.00014519713	0.0
-9.7775628e-06	-0.00014793473	0.0
-9.3053313e-06	-0.0001517725	0.0
-1.0231877e-05	-0.00015493837	0.0
-9.194735e-06	-0.00015767834	0.0
-9.8744886e-06	-0.00016124455	0.0
-9.7717893e-06	-0.00016466543	0.0
-9.1802731e-06	-0.00017014076	0.0
-1.0785689e-05	-0.00017482771	0.0
-1.1602401e-05	-0.00017730235	0.0
-1.1495024e-05	-0.0001811306	0.0
-1.0338564e-05	-0.00018552145	0.0
-1.044008e-05	-0.00018977204	0.0
-1.102101e-05	-0.00019430628	0.0
-1.0222506e-05	-0.00019800135	0.0
-9.0583471e-06	-0.00020363042	0.0
-9.5108035e-06	-0.00020745363	0.0
-9.8569035e-06	-0.00021568815	0.0
-1.0204907e-05	-0.00021845257	0.0
-9.9697627e-06	-0.00022405402	0.0
-1.0659045e-05	-0.00022900544	0.0
-1.0659541e-05	-0.00023379711	0.0
-1.1004525e-05	-0.00024009978	0.0
-1.0885372e-05	-0.0002465421	0.0
-1.1575513e-05	-0.00025354189	0.0
-1.1349182e-05	-0.00025916682	0.0
-1.122621e-05	-0.00026561602	0.0
-1.1912485e-05	-0.00027095489	0.0
-1.2156271e-05	-0.00027890445	0.0
-1.0877107e-05	-0.00028534362	0.0
-1.2362605e-05	-0.00029480047	0.0
-1.2726898e-05	-0.00030140375	0.0
-1.1794255e-05	-0.00030824289	0.0
-1.2599966e-05	-0.00031701161	0.0
-1.2020838e-05	-0.00032565239	0.0
-1.305421e-05	-0.0003342969	0.0
-1.2376482e-05	-0.0003422437	0.0
-1.1438832e-05	-0.00035210277	0.0
-1.2466105e-05	-0.00036158063	0.0
-1.2828105e-05	-0.00036979234	0.0
-1.1893511e-05	-0.0003814307	0.0
-1.3045556e-05	-0.00039186381	0.0
-1.2354477e-05	-0.00040214654	0.0
-1.327081e-05	-0.0004125635	0.0
-1.2929895e-05	-0.00042406443	0.0
-1.3042798e-05	-0.00043668912	0.0
-1.3139908e-05	-0.00044765594	0.0
-1.5342881e-05	-0.00046108369	0.0
-1.3962424e-05	-0.00047369441	0.0
-1.4994549e-05	-0.00048794845	0.0
-1.3956385e-05	-0.00050084695	0.0
-1.5214709e-05	-0.00051426719	0.0
-1.5106543e-05	-0.00052974763	0.0
-1.5561807e-05	-0.00054525019	0.0
-1.5565674e-05	-0.00055990939	0.0
-1.5446321e-05	-0.00057703565	0.0
-1.5672173e-05	-0.00059389602	0.0
-1.6243348e-05	-0.00061253121	0.0
-1.6828553e-05	-0.00063104555	0.0
-1.5795988e-05	-0.0006492674	0.0
-1.5769521e-05	-0.00066940294	0.0
-1.7848355e-05	-0.00069010654	0.0
-1.7519778e-05	-0.00071065291	0.0
-1.7049044e-05	-0.00073366723	0.0
-1.7271257e-05	-0.0007567078	0.0
-1.7962748e-05	-0.00077947287	0.0
-1.8306686e-05	-0.00080233329	0.0
-1.8885979e-05	-0.00082932221	0.0
-1.8766059e-05	-0.00085482333	0.0
-1.9572073e-05	-0.00088275358	0.0
-1.9568788e-05	-0.00091263955	0.0
-2.0828618e-05	-0.00094156596	0.0
-2.1529549e-05	-0.00097170763	0.0
-2.1533542e-05	-0.0010034847	0.0
-2.140829e-05	-0.0010378906	0.0
-2.2103997e-05	-0.0010714591	0.0
-2.1861979e-05	-0.0011085784	0.0
-2.3927159e-05	-0.0011466923	0.0
-2.4637779e-05	-0.0011854616	0.0
-2.4743729e-05	-0.001226988	0.0
-2.5780266e-05	-0.0012679559	0.0
-2.6013726e-05	-0.0013131748	0.0
-2.6363125e-05	-0.0013584152	0.0
-2.6120772e-05	-0.0014071902	0.0
-2.761912e-05	-0.0014580347	0.0
-2.7843445e-05	-0.0015107978	0.0
-3.0258179e-05	-0.0015656259	0.0
-3.0855263e-05	-0.0016218148	0.0
-3.1068354e-05	-0.0016803179	0.0
-3.3143275e-05	-0.0017444408	0.0
-3.3613414e-05	-0.0018094146	0.0
-3.4078817e-05	-0.0018761321	0.0
-3.3496715e-05	-0.0019482229	0.0
-3.4862514e-05	-0.0020212764	0.0
-3.6599802e-05	-0.0020997822	0.0
-3.7405884e-05	-0.0021802289	0.0
-3.9127495e-05	-0.0022653274	0.0
-4.1086751e-05	-0.0023537118	0.0
-4.3274631e-05	-0.0024463092	0.0
-4.5245495e-05	-0.0025452443	0.0
-4.6160505e-05	-0.0026452919	0.0
-4.8809001e-05	-0.0027522717	0.0
-5.0311064e-05	-0.0028638092	0.0
-5.2951607e-05	-0.0029809247	0.0
-5.5724187e-05	-0.003104924	0.0
-5.8145208e-05	-0.0032339208	0.0
-6.0913888e-05	-0.0033689847	0.0
-6.3218758e-05	-0.0035117622	0.0
-6.6102213e-05	-0.0036600083	0.0
-6.8967805e-05	-0.0038163429	0.0
-7.4275718e-05	-0.0039802212	0.0
-7.6833116e-05	-0.0041529532	0.0
-8.0036327e-05	-0.0043338225	0.0
-8.5345935e-05	-0.0045230626	0.0
-8.9150555e-05	-0.0047227005	0.0
-9.4797186e-05	-0.0049322457	0.0
-9.8844357e-05	-0.0051532141	0.0
-0.00010412264	-0.0053846287	0.0
-0.00011150737	-0.0056286347	0.0
-0.00011739633	-0.0058858171	0.0
-0.00012464171	-0.0061530271	0.0
-0.00013317204	-0.0064359354	0.0
-0.00014194327	-0.006733133	0.0
-0.00015058753	-0.0070439586	0.0
-0.00016038769	-0.0073703127	0.0
-0.00017007932	-0.0077136275	0.0
-0.00018078658	-0.0080756675	0.0
-0.00019403774	-0.0084536038	0.0
-0.00020685882	-0.0088498956	0.0
-0.00021929703	-0.0092684506	0.0
-0.00023508506	-0.009703842	0.0
-0.00025146062	-0.010161188	0.0
-0.0002698038	-0.010639442	0.0
-0.00028720958	-0.011140386	0.0
-0.00030875704	-0.011663874	0.0
-0.00033056168	-0.01221233	0.0
-0.0003547745	-0.012784058	0.0
-0.00038036611	-0.013380989	0.0
-0.00040839572	-0.014001968	0.0
-0.0004364168	-0.014651359	0.0
-0.00046821201	-0.015327865	0.0
-0.00050304946	-0.016034644	0.0
-0.00053675519	-0.016768796	0.0
-0.00057191221	-0.017532386	0.0
-0.00061020663	-0.018327683	0.0
-0.00064759259	-0.019154457	0.0
-0.00068577833	-0.020011932	0.0
-0.00072168745	-0.020896757	0.0
-0.00075700757	-0.021808075	0.0
-0.00078902818	-0.022739543	0.0
-0.00081492442	-0.023680786	0.0
-0.00083643693	-0.024623439	0.0
-0.00085139257	-0.025549419	0.0
-0.0008593211	-0.026433157	0.0
-0.00085859315	-0.02724639	0.0
-0.00085047865	-0.027950656	0.0
-0.00083371042	-0.028497441	0.0
-0.00080909539	-0.028823344	0.0
-0.00077615934	-0.028850058	0.0
-0.00073721685	-0.028478615	0.0
-0.00069099024	-0.02758459	0.0
-0.00064207701	-0.026008129	0.0
-0.00058983022	-0.023548776	0.0
-0.00053652452	-0.0199585	0.0
-0.0004836859	-0.01493512	0.0
-0.0004312665	-0.0081118476	0.0
-0.00038357027	0.00090067269	0.0
-0.00033874501	0.012537517	0.0
-0.00029860964	0.027181415	0.0
-0.00026099177	0.045123234	0.0
-0.0002229692	0.066455856	0.0
-0.00018252188	0.091032051	0.0
-0.00013749015	0.11841269	0.0
-8.1094215e-05	0.14785679	0.0
-1.7856617e-05	0.17854606	0.0
6.1185048e-05	0.20949702	0.0
0.00015036234	0.23995695	0.0
0.0002499457	0.26909924	0.0
0.00036831829	0.29629272	0.0
0.00049548619	0.32092729	0.0
0.00064954924	0.34231713	0.0
0.00081391458	0.3597163	0.0
0.0010037732	0.37222931	0.0
0.0012081566	0.37914938	0.0
0.0014197711	0.37981671	0.0
0.0016472558	0.37378871	0.0
0.0018573427	0.36097476	0.0
0.0020630134	0.34143677	0.0
0.0022428338	0.31537598	0.0
0.0023875744	0.28329504	0.0
0.0024985925	0.24542068	0.0
0.002552951	0.20225637	0.0
0.0025588896	0.15418032	0.0
0.0025037352	0.10167038	0.0
0.0023877574	0.045393247	0.0
0.0022163109	-0.013815465	0.0
0.0019924133	-0.07506755	0.0
0.0017303481	-0.13733467	0.0
0.0014354724	-0.19945142	0.0
0.0011228567	-0.26045275	0.0
0.00080066442	-0.31927496	0.0
0.00048211231	-0.3750976	0.0
0.00016724848	-0.42727414	0.0
-0.00013206287	-0.47516668	0.0
-0.00041487944	-0.51837432	0.0
-0.00068201742	-0.55642986	0.0
-0.00092703832	-0.58891249	0.0
-0.0011525045	-0.6155991	0.0
-0.0013673011	-0.63611436	0.0
-0.0015514158	-0.650334	0.0
-0.0017255353	-0.65799284	0.0
-0.0018854496	-0.65889817	0.0
-0.0020271265	-0.65281719	0.0
-0.0021570614	-0.63942087	0.0
-0.002274204	-0.61843771	0.0
-0.0023792281	-0.58972991	0.0
-0.0024675035	-0.55305046	0.0
-0.0025416666	-0.50873572	0.0
-0.0025946491	-0.45701614	0.0
-0.0026264787	-0.39866903	0.0
-0.0026391542	-0.3345834	0.0
-0.0026311846	-0.26593074	0.0
-0.0026051186	-0.19363271	0.0
-0.0025633969	-0.11891234	0.0
-0.0025045401	-0.042641886	0.0
-0.0024294001	0.034455463	0.0
-0.0023358031	0.11141145	0.0
-0.0022230779	0.18776803	0.0
-0.0020874084	0.26257861	0.0
-0.001924479	0.33498633	0.0
-0.0017314065	0.40382868	0.0
-0.0015099857	0.4681977	0.0
-0.001258691	0.5267235	0.0
-0.00098535721	0.57876581	0.0
-0.00070225884	0.62354797	0.0
-0.00039851252	0.66052902	0.0
-0.00010552529	0.68956751	0.0
0.00019970804	0.71057898	0.0
0.00049105712	0.72363514	0.0
0.000776753	0.72879761	0.0
0.0010639387	0.72611576	0.0
0.00133122	0.71554667	0.0
0.0016014879	0.69697493	0.0
0.0018550484	0.67037606	0.0
0.002091211	0.63562965	0.0
0.0023097268	0.5928635	0.0
0.0024937063	0.54242319	0.0
0.002646815	0.48486203	0.0
0.0027616755	0.42117512	0.0
0.0028296646	0.35222083	0.0
0.0028658172	0.27917135	0.0
0.0028545007	0.20302075	0.0
0.002810542	0.12498247	0.0
0.0027260163	0.0458063	0.0
0.0026127337	-0.033731189	0.0
0.0024683247	-0.11259253	0.0
0.0022991071	-0.19044375	0.0
0.0021048691	-0.26614103	0.0
0.0018933248	-0.3387289	0.0
0.0016653803	-0.4070932	0.0
0.0014265828	-0.47018409	0.0
0.0011818035	-0.52711385	0.0
0.00093367213	-0.57674587	0.0
0.00069812866	-0.61884165	0.0
0.0004681655	-0.65294647	0.0
0.00025425697	-0.67899209	0.0
6.025979e-05	-0.69693881	0.0
-0.00013138731	-0.70690608	0.0
-0.00029988849	-0.70897061	0.0
-0.0004587695	-0.7031408	0.0
-0.00061346067	-0.68934244	0.0
-0.00075217133	-0.66751897	0.0
-0.0008933224	-0.63757664	0.0
-0.0010202747	-0.59952599	0.0
-0.0011357116	-0.5536207	0.0
-0.0012493907	-0.50019628	0.0
-0.0013426538	-0.44022542	0.0
-0.0014414847	-0.37446707	0.0
-0.0015263993	-0.30398181	0.0
-0.0016117567	-0.22989967	0.0
-0.0016945373	-0.15343392	0.0
-0.0017735257	-0.0753612	0.0
-0.0018476661	0.0034883365	0.0
-0.0019129537	0.081990249	0.0
-0.001963723	0.15985627	0.0
-0.0019942001	0.23619828	0.0
-0.0019920077	0.30987829	0.0
-0.0019487442	0.38000497	0.0
-0.0018675369	0.44547895	0.0
-0.0017271896	0.50520277	0.0
-0.0015577807	0.558406	0.0
-0.0013389111	0.60405624	0.0
-0.001092907	0.64195532	0.0
-0.00084148796	0.67183799	0.0
-0.00056479173	0.69364911	0.0
-0.00030418494	0.70747536	0.0
-3.4010307e-05	0.71334904	0.0
0.00021789686	0.71133709	0.0
0.00046151062	0.70141429	0.0
0.00069587096	0.68348742	0.0
0.00089991791	0.65744978	0.0
0.0010960472	0.6232335	0.0
0.0012547004	0.58108419	0.0
0.0013839297	0.53114712	0.0
0.0014768657	0.47421855	0.0
0.0015286542	0.41097191	0.0
0.0015449406	0.34247261	0.0
0.0015295527	0.26989582	0.0
0.0014881031	0.19417395	0.0
0.0014303714	0.11648011	0.0
0.0013597108	0.037698127	0.0
0.0012914476	-0.041402839	0.0
0.0012297976	-0.12028831	0.0
0.0011774785	-0.19789745	0.0
0.0011367049	-0.27335268	0.0
0.0011088374	-0.34577003	0.0
0.0010846814	-0.41417563	0.0
0.0010609908	-0.47689605	0.0
0.001038468	-0.53352469	0.0
0.0009962545	-0.58305705	0.0
0.00095227512	-0.62491351	0.0
0.00088506297	-0.65874821	0.0
0.00080575777	-0.68453294	0.0
0.0007128939	-0.70217693	0.0
0.00059673918	-0.71184164	0.0
0.00046998289	-0.7135697	0.0
0.00033060176	-0.70740014	0.0
0.00017473794	-0.69324297	0.0
8.8218749e-06	-0.67098945	0.0
-0.0001614436	-0.64065629	0.0
-0.00031623084	-0.60219061	0.0
-0.00046739224	-0.55582154	0.0
-0.00057825289	-0.50198644	0.0
-0.00066262495	-0.44157755	0.0
-0.00069083262	-0.37536123	0.0
-0.00067041145	-0.3044799	0.0
-0.00059820269	-0.23013735	0.0
-0.00047312258	-0.15310869	0.0
-0.00030490314	-0.074673451	0.0
-8.9836074e-05	0.0044775954	0.0
0.00015994314	0.083541386	0.0
0.00044370469	0.16187316	0.0
0.00075659592	0.23860455	0.0
0.0010988306	0.31277841	0.0
0.0014520315	0.38315591	0.0
0.0018214346	0.44878858	0.0
0.0021895897	0.50859189	0.0
0.0025357585	0.56172442	0.0
0.0028686668	0.60732353	0.0
0.0031545979	0.64513904	0.0
0.003400353	0.67486173	0.0
0.0036005983	0.69650078	0.0
0.0037449831	0.71010089	0.0
0.0038584992	0.71576083	0.0
0.0039069392	0.713525	0.0
0.0039369469	0.70338845	0.0
0.0039159525	0.68524152	0.0
0.0038607481	0.65899229	0.0
0.0037823226	0.62463015	0.0
0.0036560253	0.58228189	0.0
0.0035134717	0.53225321	0.0
0.003329363	0.47511771	0.0
0.0031258545	0.41181159	0.0
0.0028947878	0.34311286	0.0
0.0026472074	0.27046624	0.0
0.0023853423	0.19468996	0.0
0.0021094384	0.11676304	0.0
0.0018271063	0.038042706	0.0
0.0015392016	-0.041134547	0.0
0.0012478298	-0.11994278	0.0
0.00095265365	-0.1976883	0.0
0.00065226009	-0.27320528	0.0
0.0003501224	-0.34573656	0.0
4.0917144e-05	-0.41411754	0.0
-0.00026380806	-0.47730091	0.0
-0.00056689017	-0.53423637	0.0
-0.00086171052	-0.58406287	0.0
-0.0011387224	-0.62624049	0.0
-0.0014000932	-0.66035801	0.0
-0.001642055	-0.68636131	0.0
-0.0018531039	-0.70424473	0.0
-0.0020609954	-0.71408635	0.0
-0.0022344429	-0.71594763	0.0
-0.002407755	-0.70983404	0.0
-0.0025579764	-0.69569266	0.0
-0.0026881073	-0.67342985	0.0
-0.0028132789	-0.64291781	0.0
-0.0028940174	-0.6043275	0.0
-0.0029679427	-0.55783391	0.0
-0.0029952077	-0.50383645	0.0
-0.0029837561	-0.44312197	0.0
-0.0029442816	-0.3767679	0.0
-0.0028533349	-0.3056815	0.0
-0.0027422407	-0.23102394	0.0
-0.0025970696	-0.15403162	0.0
-0.0024300113	-0.075515419	0.0
-0.0022451519	0.0035791262	0.0
-0.0020452542	0.082655653	0.0
-0.0018331059	0.16096126	0.0
-0.0016131095	0.23751917	0.0
-0.0013840524	0.31147343	0.0
-0.0011450645	0.38184839	0.0
-0.00090062409	0.44743052	0.0
-0.0006558699	0.5072273	0.0
-0.00040647798	0.56030566	0.0
-0.00016900923	0.60598785	0.0
6.202951e-05	0.64381713	0.0
0.00027458873	0.67362946	0.0
0.0004750434	0.69528085	0.0
0.00065603654	0.70892662	0.0
0.00082647405	0.71464932	0.0
0.00098375371	0.71248221	0.0
0.0011279975	0.70238525	0.0
0.0012648359	0.68431616	0.0
0.0013793105	0.6581226	0.0
0.001491148	0.62382096	0.0
0.0015648219	0.5815025	0.0
0.0016216765	0.53146887	0.0
0.0016380835	0.47448221	0.0
0.0016153856	0.41121346	0.0
0.0015623952	0.3427538	0.0
0.0014686517	0.27014416	0.0
0.0013478916	0.19462872	0.0
0.0012054831	0.11703168	0.0
0.0010413798	0.038241755	0.0
0.00086485548	-0.040655281	0.0
0.0006742446	-0.11928162	0.0
0.00047175805	-0.1968139	0.0
0.00025327428	-0.27234921	0.0
2.2088048e-05	-0.34483996	0.0
-0.00023187727	-0.41310674	0.0
-0.00049418199	-0.47634622	0.0
-0.00077815063	-0.53323412	0.0
-0.0010596777	-0.58307219	0.0
-0.0013432595	-0.62529594	0.0
-0.0016248024	-0.65956032	0.0
-0.0018820417	-0.68569702	0.0
-0.0021300637	-0.70376307	0.0
-0.002359174	-0.71383464	0.0
-0.0025597552	-0.71597582	0.0
-0.0027509902	-0.71019846	0.0
-0.0029108231	-0.69642526	0.0
-0.0030448325	-0.67454171	0.0
-0.0031520436	-0.64455634	0.0
-0.0032252746	-0.60639304	0.0
-0.0032475502	-0.56028324	0.0
-0.0032377727	-0.50665528	0.0
-0.003173457	-0.44608957	0.0
-0.003067696	-0.38023153	0.0
-0.0029280439	-0.30935124	0.0
-0.0027532089	-0.23484188	0.0
-0.0025615944	-0.15779585	0.0
-0.0023464265	-0.079162806	0.0
-0.0021254935	0.00014851103	0.0
-0.001898197	0.079507507	0.0
-0.0016709825	0.15807888	0.0
-0.0014408939	0.23502617	0.0
-0.0012120076	0.3096351	0.0
-0.00098641147	0.38028708	0.0
-0.00076056615	0.44600841	0.0
-0.00054337143	0.50630462	0.0
-0.0003322043	0.55972475	0.0
-0.00013418785	0.60567683	0.0
5.3102467e-05	0.64373893	0.0
0.00022332206	0.67371732	0.0
0.00037333209	0.6955775	0.0
0.00052162376	0.70939606	0.0
0.00064149598	0.71526146	0.0
0.00076754321	0.71321332	0.0
0.00087564113	0.70324278	0.0
0.00098231505	0.6852482	0.0
0.0010907105	0.65922821	0.0
0.0011804496	0.62504917	0.0
0.0012888864	0.58289635	0.0
0.0013675306	0.53299105	0.0
0.0014487022	0.47609854	0.0
0.0015211203	0.41291812	0.0
0.0015664791	0.34445778	0.0
0.0016170359	0.27197468	0.0
0.0016415115	0.19636796	0.0
0.0016611179	0.1187904	0.0
0.0016622228	0.040019501	0.0
0.0016514652	-0.039046422	0.0
0.0016212	-0.1176705	0.0
0.0015662934	-0.19521081	0.0
0.0014779862	-0.27066997	0.0
0.0013506216	-0.34311411	0.0
0.0011745854	-0.41143933	0.0
0.00094051362	-0.474637	0.0
0.0006618828	-0.53150523	0.0
0.00032259946	-0.58131552	0.0
-4.6327899e-05	-0.62357163	0.0
-0.00045065986	-0.65786409	0.0
-0.00086415408	-0.68401867	0.0
-0.0012868791	-0.70210135	0.0
-0.0017029094	-0.71219927	0.0
-0.0021012165	-0.71435767	0.0
-0.0024938574	-0.70859766	0.0
-0.0028494112	-0.69486767	0.0
-0.0031822361	-0.67302978	0.0
-0.003472558	-0.64311236	0.0
-0.003718514	-0.60501921	0.0
-0.0039061438	-0.55901283	0.0
-0.0040355092	-0.50555247	0.0
-0.0041017891	-0.44538903	0.0
-0.0040988973	-0.37946299	0.0
-0.0040490068	-0.30888173	0.0
-0.0039452785	-0.23465562	0.0
-0.0038000445	-0.15793799	0.0
-0.0036233091	-0.079683281	0.0
-0.0034108267	-0.00068686606	0.0
-0.0031718286	0.078122154	0.0
-0.0029014978	0.15633094	0.0
-0.002602567	0.23280315	0.0
-0.0022699249	0.30670258	0.0
-0.0019076327	0.37708583	0.0
-0.0015142559	0.44279054	0.0
-0.001103224	0.50267696	0.0
-0.00068080815	0.55593401	0.0
-0.00026582601	0.60186464	0.0
0.00013223664	0.63995117	0.0
0.00050142023	0.66997457	0.0
0.00083619094	0.69194496	0.0
0.0011272602	0.70591205	0.0
0.001385405	0.71191931	0.0
0.0015923275	0.71005601	0.0
0.0017707554	0.70027643	0.0
0.0019143041	0.68251848	0.0
0.0020207923	0.65666544	0.0
0.0021104428	0.62268984	0.0
0.0021628237	0.58069617	0.0
0.0022056887	0.53095049	0.0
0.0022273171	0.47420603	0.0
0.0022395332	0.41111758	0.0
0.0022500185	0.34279621	0.0
0.002257115	0.27029321	0.0
0.0022762527	0.19478501	0.0
0.002297411	0.11715683	0.0
0.002327696	0.038478006	0.0
0.0023601437	-0.040555205	0.0
0.002387709	-0.11933558	0.0
0.0024007766	-0.19672555	0.0
0.0023902641	-0.27216315	0.0
0.0023452058	-0.34452337	0.0
0.002255002	-0.41265032	0.0
0.0021219989	-0.47555414	0.0
0.0019371327	-0.53219962	0.0
0.0017168914	-0.58176404	0.0
0.0014620363	-0.62365311	0.0
0.0011829204	-0.6575678	0.0
0.00089908188	-0.6833654	0.0
0.00060905103	-0.70107687	0.0
0.00031987808	-0.71079266	0.0
4.5715249e-05	-0.71258336	0.0
-0.00023230628	-0.70644212	0.0
-0.00048961426	-0.69235373	0.0
-0.0007424411	-0.67019618	0.0
-0.00097872608	-0.63991678	0.0
-0.0011931547	-0.60150677	0.0
-0.0013931395	-0.55534762	0.0
-0.0015569078	-0.5017513	0.0
-0.001697271	-0.44150296	0.0
-0.0017985293	-0.37554073	0.0
-0.0018675736	-0.30495784	0.0
-0.0019053818	-0.23073575	0.0
-0.0019114523	-0.15401132	0.0
-0.0018931975	-0.075968876	0.0
-0.0018466179	0.002880248	0.0
-0.0017812878	0.08167427	0.0
-0.0016925922	0.15977512	0.0
-0.001586941	0.23625599	0.0
-0.0014622669	0.31021973	0.0
-0.0013235606	0.38057873	0.0
-0.001164336	0.44631216	0.0
-0.0009959928	0.50624895	0.0
-0.00081817183	0.55961305	0.0
-0.00063022709	0.60551327	0.0
-0.00044780399	0.64367259	0.0
-0.00026261352	0.67367727	0.0
-8.4570755e-05	0.69563287	0.0
8.9610185e-05	0.70954818	0.0
0.00026150222	0.71550339	0.0
0.00042471135	0.71353799	0.0
0.00059382158	0.703637	0.0
0.00075733609	0.6857211	0.0
0.0009161245	0.65970677	0.0
0.0010744258	0.62554675	0.0
0.0012174225	0.58335721	0.0
0.0013452994	0.53347945	0.0
0.0014540047	0.4763574	0.0
0.0015305245	0.41311455	0.0
0.001577395	0.34487224	0.0
0.0015956159	0.27196872	0.0
0.0015814834	0.19652535	0.0
0.0015387898	0.11880937	0.0
0.0014708498	0.039837092	0.0
0.0013784198	-0.039299324	0.0
0.0012632958	-0.11809167	0.0
0.0011271955	-0.19561912	0.0
0.00096691569	-0.27118	0.0
0.00078564725	-0.34374976	0.0
0.0005912506	-0.41214046	0.0
0.00037479869	-0.47518557	0.0
0.00016438884	-0.53214234	0.0
-6.3576015e-05	-0.58183897	0.0
-0.00026870699	-0.62406856	0.0
-0.00047111031	-0.65816152	0.0
-0.0006627707	-0.68423367	0.0
-0.00083007733	-0.70227063	0.0
-0.0010059578	-0.71229768	0.0
-0.0011446263	-0.71444273	0.0
-0.0012939996	-0.70867532	0.0
-0.0014291613	-0.69495165	0.0
-0.0015411144	-0.6731869	0.0
-0.0016622305	-0.64331007	0.0
-0.0017425802	-0.60531241	0.0
-0.0018265872	-0.55943108	0.0
-0.0018766761	-0.50610834	0.0
-0.0019110217	-0.44605687	0.0
-0.0019235286	-0.38021132	0.0
-0.0019115311	-0.30960202	0.0
-0.0018857497	-0.23534322	0.0
-0.0018334225	-0.15855294	0.0
-0.0017697841	-0.080235876	0.0
-0.0016835005	-0.001118468	0.0
-0.0015828318	0.078001171	0.0
-0.0014596321	0.15636478	0.0
-0.0013169345	0.23332399	0.0
-0.0011508375	0.3075186	0.0
-0.00095861481	0.37834865	0.0
-0.00074138725	0.44426081	0.0
-0.00049558363	0.50456434	0.0
-0.00023543776	0.55825782	0.0
4.9308346e-05	0.60446227	0.0
0.00032796894	0.64291179	0.0
0.00061687239	0.67319661	0.0
0.00090180908	0.69539434	0.0
0.0011696682	0.70953536	0.0
0.0014304967	0.71569419	0.0
0.0016712297	0.71391284	0.0
0.0019007095	0.70416266	0.0
0.002097683	0.68637425	0.0
0.0022803594	0.66045135	0.0
0.0024296863	0.6263442	0.0
0.0025415905	0.58416212	0.0
0.0026255727	0.53424907	0.0
0.0026632636	0.47720745	0.0
0.0026694119	0.41388682	0.0
0.002635896	0.34529743	0.0
0.0025736585	0.27248523	0.0
0.0024870094	0.19659416	0.0
0.0023778595	0.11863308	0.0
0.0022596098	0.039612178	0.0
0.0021279014	-0.039654542	0.0
0.0019941288	-0.11854739	0.0
0.0018595657	-0.19634059	0.0
0.0017263143	-0.27207804	0.0
0.0015947887	-0.34468707	0.0
0.0014710143	-0.41314808	0.0
0.0013453938	-0.47633868	0.0
0.001230192	-0.53334564	0.0
0.0011220883	-0.58329099	0.0
0.0010172705	-0.62559474	0.0
0.0009374799	-0.65988368	0.0
0.00085546175	-0.68605161	0.0
0.00080360577	-0.70413518	0.0
0.00075662608	-0.71419507	0.0
0.00071769318	-0.71632415	0.0
0.00070138724	-0.71052122	0.0
0.00068397576	-0.69672579	0.0
0.00068599626	-0.67486835	0.0
0.00069202197	-0.6447978	0.0
0.000714336	-0.60662794	0.0
0.00074220408	-0.56052721	0.0
0.0007863284	-0.50699216	0.0
0.00084645406	-0.44670466	0.0
0.00091402576	-0.38062483	0.0
0.0010010207	-0.30986279	0.0
0.0010894133	-0.23548338	0.0
0.0011935169	-0.15878861	0.0
0.0013069272	-0.080444813	0.0
0.0014264925	-0.0014459443	0.0
0.0015538452	0.077478394	0.0
0.001687125	0.15570942	0.0
0.0018251617	0.23225115	0.0
0.0019647807	0.30634123	0.0
0.0021046523	0.37658173	0.0
0.0022349318	0.44225508	0.0
0.0023512074	0.50220567	0.0
0.0024416447	0.55549812	0.0
0.0025047699	0.60143089	0.0
0.0025294712	0.63952959	0.0
0.0025215554	0.66959864	0.0
0.0024651042	0.69160491	0.0
0.0023821248	0.70560116	0.0
0.0022611048	0.71167105	0.0
0.0021128627	0.70984608	0.0
0.0019493796	0.70008963	0.0
0.0017570626	0.68232846	0.0
0.0015778014	0.65645093	0.0
0.001374636	0.62241685	0.0
0.0011876682	0.58035922	0.0
0.0010047398	0.53057528	0.0
0.00082398404	0.4737682	0.0
0.00066775305	0.41062233	0.0
0.00050942274	0.34227183	0.0
0.00037454203	0.26993397	0.0
0.00024045748	0.19447285	0.0
0.00011176492	0.11702111	0.0
-1.4225949e-05	0.038525317	0.0
-0.00014743565	-0.040297184	0.0
-0.00028526052	-0.1185542	0.0
-0.00044066255	-0.19589552	0.0
-0.00061401085	-0.27093351	0.0
-0.00080907968	-0.34302559	0.0
-0.0010242624	-0.41100693	0.0
-0.0012586004	-0.47382277	0.0
-0.0015045352	-0.53046811	0.0
-0.0017508711	-0.58007193	0.0
-0.0019916019	-0.6220606	0.0
-0.0022075544	-0.65612149	0.0
-0.0024024565	-0.68211651	0.0
-0.0025542704	-0.7000466	0.0
-0.0026725987	-0.71000808	0.0
-0.0027507476	-0.7120508	0.0
-0.0027851877	-0.70619577	0.0
-0.0027807483	-0.69238144	0.0
-0.0027391762	-0.67052531	0.0
-0.0026581818	-0.6405564	0.0
-0.0025427905	-0.6024974	0.0
-0.0023943784	-0.55659473	0.0
-0.0022153503	-0.50333589	0.0
-0.0020064241	-0.44325012	0.0
-0.0017850223	-0.37754056	0.0
-0.0015406191	-0.30712345	0.0
-0.0012922491	-0.23314413	0.0
-0.0010399047	-0.1567784	0.0
-0.00078051642	-0.078667141	0.0
-0.00053278834	4.2842694e-05	0.0
-0.00028762006	0.078878105	0.0
-5.480069e-05	0.15674965	0.0
0.00016678312	0.23324181	0.0
0.00037050125	0.30726194	0.0
0.0005655826	0.37755352	0.0
0.00073501829	0.4433091	0.0
0.00089503324	0.50333071	0.0
0.0010258337	0.55677682	0.0
0.0011401034	0.60286421	0.0
0.0012403501	0.64112991	0.0
0.0013150228	0.67137116	0.0
0.0013904223	0.69352746	0.0
0.0014458174	0.70766401	0.0
0.0015000906	0.71385914	0.0
0.0015561035	0.71217626	0.0
0.001597506	0.70258135	0.0
0.0016485294	0.68499929	0.0
0.0016880393	0.65934646	0.0
0.00172016	0.6255374	0.0
0.0017337754	0.58369124	0.0
0.0017311375	0.53412694	0.0
0.0016971373	0.47744352	0.0
0.001628744	0.41444731	0.0
0.0015352761	0.34618351	0.0
0.0013998927	0.27371442	0.0
0.0012405291	0.19811237	0.0
0.0010540615	0.12040311	0.0
0.00084499351	0.041584533	0.0
0.00062541064	-0.037456863	0.0
0.00039229167	-0.11628558	0.0
0.00015353241	-0.19401848	0.0
-9.2977949e-05	-0.2697576	0.0
-0.00034057075	-0.34243378	0.0
-0.0005968028	-0.41105062	0.0
-0.00084442343	-0.47433361	0.0
-0.0010934348	-0.53154719	0.0
-0.001328407	-0.58154124	0.0
-0.0015526897	-0.62394607	0.0
-0.0017642332	-0.65837544	0.0
-0.0019442055	-0.68464822	0.0
-0.0021205647	-0.70283407	0.0
-0.0022577802	-0.71299499	0.0
-0.0023921519	-0.71521062	0.0
-0.0025043606	-0.70949662	0.0
-0.0025905154	-0.69578606	0.0
-0.0026801815	-0.67401922	0.0
-0.0027274094	-0.6441074	0.0
-0.0027807471	-0.60607803	0.0
-0.002801162	-0.56013858	0.0
-0.0028024314	-0.50678396	0.0
-0.0027902315	-0.44670135	0.0
-0.0027480973	-0.38082305	0.0
-0.002701282	-0.31025347	0.0
-0.0026222451	-0.23610237	0.0
-0.002538875	-0.1594485	0.0
-0.0024346951	-0.081177846	0.0
-0.0023162903	-0.0021903752	0.0
-0.0021796478	0.076764062	0.0
-0.0020232687	0.15482764	0.0
-0.0018428072	0.23135428	0.0
-0.0016332561	0.30544195	0.0
-0.0013939303	0.37585825	0.0
-0.0011170348	0.44169432	0.0
-0.00081782893	0.50169343	0.0
-0.00048049123	0.55510104	0.0
-0.00014011914	0.60110986	0.0
0.00021454261	0.63935459	0.0
0.00056648866	0.66952765	0.0
0.00089985726	0.69166166	0.0
0.0012254441	0.70581794	0.0
0.0015125589	0.71207029	0.0
0.0017848578	0.7104544	0.0
0.0020198293	0.70097804	0.0
0.0022204425	0.68354154	0.0
0.0023928534	0.65805578	0.0
0.0025103651	0.62447822	0.0
0.0025957397	0.58290052	0.0
0.0026185813	0.53361869	0.0
0.002597	0.47724289	0.0
0.0025276428	0.41450527	0.0
0.0024087471	0.34645092	0.0
0.0022554293	0.27410287	0.0
0.0020761807	0.19871111	0.0
0.00187722	0.12109706	0.0
0.0016689616	0.042278327	0.0
0.0014565208	-0.036978159	0.0
0.0012420032	-0.11593163	0.0
0.0010322314	-0.19373688	0.0
0.00082571275	-0.26972347	0.0
0.00062781805	-0.34241676	0.0
0.00043332373	-0.41110837	0.0
0.00024975024	-0.47461507	0.0
7.5152224e-05	-0.53187144	0.0
-8.681992e-05	-0.58212411	0.0
-0.00023496273	-0.6246497	0.0
-0.00036459349	-0.65916753	0.0
-0.00048419472	-0.685534	0.0
-0.00058633013	-0.70377225	0.0
-0.00068531604	-0.71395779	0.0
-0.00077584956	-0.71617913	0.0
-0.00086641376	-0.71043217	0.0
-0.00095489493	-0.6966933	0.0
-0.0010492502	-0.67486721	0.0
-0.0011374372	-0.64488548	0.0
-0.0012292992	-0.60677284	0.0
-0.001309081	-0.56072176	0.0
-0.0013804904	-0.50724941	0.0
-0.0014388292	-0.44698212	0.0
-0.001465629	-0.38097522	0.0
-0.0014764968	-0.31025514	0.0
-0.0014535093	-0.23605777	0.0
-0.0014037325	-0.15927787	0.0
-0.0013286213	-0.080908895	0.0
-0.001227504	-0.0018279428	0.0
-0.0011113108	0.077196024	0.0
-0.0009845529	0.15530393	0.0
-0.00085214537	0.23201166	0.0
-0.00072115095	0.30625793	0.0
-0.00059792254	0.37686098	0.0
-0.00048111481	0.44285727	0.0
-0.00037882646	0.50321919	0.0
-0.00029324822	0.55690926	0.0
-0.00022017285	0.60324603	0.0
-0.00016998067	0.64175236	0.0
-0.00012242024	0.67218643	0.0
-0.00010179605	0.69453377	0.0
-8.1043836e-05	0.70882398	0.0
-7.264247e-05	0.7151444	0.0
-7.1503819e-05	0.71353519	0.0
-6.4769265e-05	0.70397484	0.0
-7.1640272e-05	0.6863966	0.0
-6.7664339e-05	0.66068906	0.0
-6.8590627e-05	0.62682766	0.0
-7.0939568e-05	0.58491641	0.0
-6.7478904e-05	0.53528714	0.0
-6.9448251e-05	0.47852829	0.0
-7.0299458e-05	0.41549829	0.0
-7.8330369e-05	0.34719899	0.0
-9.4285686e-05	0.2746591	0.0
-0.00011603165	0.19903162	0.0
-0.0001510727	0.12146358	0.0
-0.00019662488	0.042721637	0.0
-0.000252528	-0.036347952	0.0
-0.00031523686	-0.11511894	0.0
-0.00038164188	-0.1927287	0.0
-0.00044781572	-0.26841637	0.0
-0.00051129225	-0.34083286	0.0
-0.00057081709	-0.40914482	0.0
-0.00061653822	-0.47231597	0.0
-0.0006507918	-0.52922893	0.0
-0.00067485537	-0.57917309	0.0
-0.00068112154	-0.62144715	0.0
-0.00068165228	-0.65585434	0.0
-0.00066919491	-0.68215609	0.0
-0.00064884755	-0.70045131	0.0
-0.00063044409	-0.71080983	0.0
-0.00060053146	-0.71329522	0.0
-0.00057778455	-0.70789456	0.0
-0.00055160874	-0.69455177	0.0
-0.00052490504	-0.67317736	0.0
-0.00050466112	-0.64364713	0.0
-0.0004791893	-0.6059944	0.0
-0.00045716966	-0.56040758	0.0
-0.00043417772	-0.50733215	0.0
-0.00041236635	-0.44742009	0.0
-0.00039046121	-0.38167226	0.0
-0.00036936699	-0.31117168	0.0
-0.00035017627	-0.2370785	0.0
-0.00032883222	-0.16028844	0.0
-0.00030186036	-0.081843719	0.0
-0.00026403205	-0.0026685735	0.0
-0.0002077058	0.076533496	0.0
-0.00012725926	0.15477908	0.0
-1.5597268e-05	0.2317206	0.0
0.00013275405	0.30585015	0.0
0.00031925261	0.37647891	0.0
0.00054477382	0.44244313	0.0
0.00079827843	0.50259095	0.0
0.0010834699	0.55606109	0.0
0.0013710666	0.60216749	0.0
0.0016637422	0.64040434	0.0
0.0019529244	0.67061466	0.0
0.0022151438	0.69274908	0.0
0.0024674989	0.70681316	0.0
0.0026822689	0.71297932	0.0
0.0028853479	0.71126497	0.0
0.0030545995	0.70166254	0.0
0.0031907943	0.68408787	0.0
0.0033083276	0.65844595	0.0
0.003370106	0.6246925	0.0
0.0034114125	0.58295578	0.0
0.0034013013	0.53351873	0.0
0.0033421691	0.4769294	0.0
0.0032534299	0.41406021	0.0
0.0031123625	0.34583485	0.0
0.0029482355	0.27346191	0.0
0.0027512603	0.19791207	0.0
0.0025332409	0.12028494	0.0
0.0023018837	0.041586008	0.0
0.0020468023	-0.037479036	0.0
0.0017785452	-0.1161717	0.0
0.0014878775	-0.19378172	0.0
0.0011780341	-0.26923084	0.0
0.00084735273	-0.34168109	0.0
0.00050525588	-0.40995476	0.0
0.00014863859	-0.47310039	0.0
-0.00019746172	-0.52989239	0.0
-0.00053862261	-0.57967585	0.0
-0.0008461455	-0.62186795	0.0
-0.0011262393	-0.65606266	0.0
-0.0013690363	-0.68218994	0.0
-0.0015633035	-0.70024341	0.0
-0.0017341962	-0.7103337	0.0
-0.00185334	-0.7125088	0.0
-0.0019511071	-0.70680189	0.0
-0.0020204962	-0.69316435	0.0
-0.0020553281	-0.67149454	0.0
-0.0020799704	-0.64172465	0.0
-0.0020674169	-0.60385966	0.0
-0.0020382029	-0.55812222	0.0
-0.0019816025	-0.50495642	0.0
-0.0018957233	-0.44510621	0.0
-0.0017864188	-0.37952346	0.0
-0.0016519228	-0.30925453	0.0
-0.0015021148	-0.23537067	0.0
-0.0013337102	-0.15899535	0.0
-0.0011581602	-0.081068441	0.0
-0.00097783061	-0.0024295624	0.0
-0.00080271933	0.076261759	0.0
-0.0006332575	0.15414199	0.0
-0.00047428824	0.23075981	0.0
-0.0003238729	0.30469635	0.0
-0.00018487121	0.37542549	0.0
-5.378799e-05	0.44125941	0.0
7.5956639e-05	0.50161195	0.0
0.00019308149	0.55541104	0.0
0.00031595639	0.60177517	0.0
0.00042986195	0.64044458	0.0
0.0005421883	0.67098284	0.0
0.00065703853	0.69347435	0.0
0.00076783716	0.70794737	0.0
0.00088430743	0.71446967	0.0
0.0010039057	0.71310002	0.0
0.0011344968	0.70380539	0.0
0.001269475	0.68651152	0.0
0.0014061624	0.6611051	0.0
0.001547362	0.62753642	0.0
0.0016740024	0.58591181	0.0
0.0017865684	0.53652424	0.0
0.0018620773	0.47995284	0.0
0.001897649	0.41702843	0.0
0.0018853332	0.34876734	0.0
0.0018198878	0.27623901	0.0
0.0017092478	0.20060261	0.0
0.0015514899	0.12269964	0.0
0.001355214	0.043857783	0.0
0.00113017	-0.035475522	0.0
0.00088437076	-0.11447062	0.0
0.00061973551	-0.1923209	0.0
0.00035115125	-0.26848724	0.0
7.6861143e-05	-0.34095791	0.0
-0.00018837507	-0.40990523	0.0
-0.00044505703	-0.47302252	0.0
-0.00068572367	-0.53021836	0.0
-0.00089753326	-0.58053112	0.0
-0.0010890609	-0.62296087	0.0
-0.0012379914	-0.65750533	0.0
-0.0013590791	-0.68385345	0.0
-0.0014470741	-0.70214748	0.0
-0.0014935147	-0.71242929	0.0
-0.0015314006	-0.71477538	0.0
-0.001519396	-0.70919758	0.0
-0.0015112435	-0.69564331	0.0
-0.0014631342	-0.67401028	0.0
-0.0014086163	-0.64422584	0.0
-0.0013516156	-0.6063509	0.0
-0.0012664088	-0.56051195	0.0
-0.0011949707	-0.5073182	0.0
-0.0010991334	-0.4473184	0.0
-0.0010104248	-0.38153809	0.0
-0.00091195607	-0.31100708	0.0
-0.0008107046	-0.23685992	0.0
-0.00071134476	-0.16011119	0.0
-0.00060416677	-0.08173345	0.0
-0.00049275986	-0.002948497	0.0
-0.00037667123	0.075968735	0.0
-0.00025386515	0.15413195	0.0
-0.00011657952	0.23071977	0.0
3.6177786e-05	0.30475745	0.0
0.00020767767	0.37522101	0.0
0.00040041952	0.441048	0.0
0.00061011623	0.50113815	0.0
0.00083298318	0.55469465	0.0
0.0010608226	0.60079157	0.0
0.0012787529	0.63922119	0.0
0.0014811038	0.66948903	0.0
0.0016622116	0.69173664	0.0
0.0018056998	0.70596719	0.0
0.0019298776	0.71226412	0.0
0.002010054	0.71067256	0.0
0.0020562815	0.7011891	0.0
0.0020722684	0.68372971	0.0
0.0020417415	0.65819615	0.0
0.0019827059	0.62454993	0.0
0.0018731559	0.58287454	0.0
0.0017269425	0.53351462	0.0
0.0015463661	0.47703987	0.0
0.0013296393	0.41429716	0.0
0.001087434	0.34627998	0.0
0.00082811661	0.27412075	0.0
0.00055687811	0.19884311	0.0
0.00028070691	0.12154116	0.0
-1.2120584e-06	0.043033585	0.0
-0.0002782245	-0.035780165	0.0
-0.00055174326	-0.11430879	0.0
-0.00081976969	-0.19176559	0.0
-0.001078516	-0.26745921	0.0
-0.0013281099	-0.3399258	0.0
-0.0015626675	-0.40864155	0.0
-0.0017831149	-0.47196731	0.0
-0.0019768982	-0.52927768	0.0
-0.0021486054	-0.57959098	0.0
-0.0022853885	-0.62226015	0.0
-0.0023933207	-0.6570186	0.0
-0.002469552	-0.68358403	0.0
-0.0025105111	-0.70208448	0.0
-0.002542072	-0.71252763	0.0
-0.0025374009	-0.71505338	0.0
-0.0025199035	-0.70965242	0.0
-0.0024949356	-0.69626802	0.0
-0.0024414635	-0.67480594	0.0
-0.002387234	-0.64519727	0.0
-0.0023095054	-0.60746163	0.0
-0.0022110082	-0.56179613	0.0
-0.0020943992	-0.50866121	0.0
-0.0019419942	-0.44873494	0.0
-0.0017755543	-0.38301873	0.0
-0.0015741601	-0.31253132	0.0
-0.0013599646	-0.23843236	0.0
-0.0011222751	-0.16189626	0.0
-0.00086929352	-0.083711073	0.0
-0.00061113638	-0.0047710277	0.0
-0.00035143548	0.074137516	0.0
-9.541597e-05	0.15223962	0.0
0.00015376259	0.22899812	0.0
0.00038970963	0.30305472	0.0
0.00061511929	0.37369347	0.0
0.00082506239	0.43975312	0.0
0.0010251311	0.50014669	0.0
0.0012010733	0.55395037	0.0
0.0013675935	0.60040379	0.0
0.001515302	0.6391443	0.0
0.0016475633	0.66979343	0.0
0.0017665162	0.69241625	0.0
0.0018701272	0.70697725	0.0
0.0019584743	0.71361637	0.0
0.0020478845	0.71235818	0.0
0.0021283324	0.70315588	0.0
0.0022074829	0.68595016	0.0
0.002276097	0.66064316	0.0
0.0023478868	0.62724954	0.0
0.0023954138	0.58567959	0.0
0.002431483	0.53655922	0.0
0.0024366295	0.48018855	0.0
0.0024054793	0.41750154	0.0
0.002341599	0.349466	0.0
0.0022339884	0.27719426	0.0
0.0020926814	0.2017694	0.0
0.0019170032	0.12417083	0.0
0.0017143943	0.04540113	0.0
0.0014908952	-0.033785325	0.0
0.0012510254	-0.11267313	0.0
0.00099647313	-0.19046736	0.0
0.00072915724	-0.26628682	0.0
0.00045088283	-0.33905792	0.0
0.00015924788	-0.40771088	0.0
-0.00013374671	-0.47118989	0.0
-0.00044127696	-0.52841181	0.0
-0.00073716859	-0.57857084	0.0
-0.0010264153	-0.62106311	0.0
-0.0013094716	-0.65552622	0.0
-0.0015590423	-0.68186235	0.0
-0.0017935162	-0.70004946	0.0
-0.0020124915	-0.71019626	0.0
-0.0021879417	-0.71239138	0.0
-0.0023678083	-0.70664352	0.0
-0.0025084668	-0.6929211	0.0
-0.0026388625	-0.67113596	0.0
-0.0027479955	-0.64121443	0.0
-0.0028282304	-0.6032089	0.0
-0.0028880436	-0.55738091	0.0
-0.0029053516	-0.50411534	0.0
-0.0028938279	-0.44420004	0.0
-0.0028362554	-0.37850371	0.0
-0.0027416437	-0.30812961	0.0
-0.002611211	-0.23398891	0.0
-0.0024453008	-0.15744607	0.0
-0.0022520332	-0.079827301	0.0
-0.0020328336	-0.0011976376	0.0
-0.0017971395	0.077346884	0.0
-0.0015430741	0.15518828	0.0
-0.0012696481	0.23145896	0.0
-0.00098077115	0.30531615	0.0
-0.00067122572	0.37541273	0.0
-0.00033928329	0.44094872	0.0
7.7195182e-06	0.50073034	0.0
0.0003742234	0.55401808	0.0
0.00074453646	0.59983784	0.0
0.0011187621	0.637999	0.0
0.001484617	0.66819131	0.0
0.0018281034	0.69034344	0.0
0.0021587117	0.70456856	0.0
0.0024531884	0.71095037	0.0
0.0027261898	0.70950902	0.0
0.0029555024	0.70022929	0.0
0.0031547137	0.68300456	0.0
0.003306438	0.65776151	0.0
0.0034039018	0.62445414	0.0
0.0034478582	0.58311623	0.0
0.0034313374	0.53403217	0.0
0.0033462364	0.47782332	0.0
0.0032102119	0.41526362	0.0
0.0030120846	0.34736285	0.0
0.0027760116	0.27525696	0.0
0.002496849	0.1999846	0.0
0.0021903026	0.12260611	0.0
0.0018577647	0.043973695	0.0
0.0015066846	-0.035004865	0.0
0.0011383842	-0.1135928	0.0
0.00075380882	-0.19107382	0.0
0.00035796475	-0.26658693	0.0
-4.7263686e-05	-0.33909267	0.0
-0.000459198	-0.40752178	0.0
-0.00086903019	-0.47079194	0.0
-0.0012718756	-0.52788532	0.0
-0.0016493259	-0.57798427	0.0
-0.0020055112	-0.62046695	0.0
-0.0023167226	-0.65503162	0.0
-0.0026027095	-0.68149722	0.0
-0.0028373168	-0.69992918	0.0
-0.0030328212	-0.71036983	0.0
-0.0031952837	-0.71291178	0.0
-0.0033134392	-0.70756149	0.0
-0.0034003509	-0.69427145	0.0
-0.0034482141	-0.67292303	0.0
-0.0034610254	-0.64344907	0.0
-0.0034260163	-0.60586995	0.0
-0.0033649378	-0.56042308	0.0
-0.0032542865	-0.50750607	0.0
-0.003108887	-0.44777304	0.0
-0.0029390221	-0.38218006	0.0
-0.0027348667	-0.31174871	0.0
-0.0025269701	-0.23772962	0.0
-0.0023014529	-0.16095893	0.0
-0.0020758878	-0.082621291	0.0
-0.0018486809	-0.0034771506	0.0
-0.0016231547	0.07570146	0.0
-0.001400133	0.1539589	0.0
-0.0011725068	0.23093481	0.0
-0.00093648251	0.30499122	0.0
-0.00068387104	0.37558588	0.0
-0.00041544135	0.44155517	0.0
-0.00011932827	0.50160557	0.0
0.00018949634	0.55514252	0.0
0.00051681523	0.60125053	0.0
0.00085985806	0.63959402	0.0
0.001192531	0.66987365	0.0
0.0015400295	0.69206679	0.0
0.0018654383	0.70627028	0.0
0.0021952905	0.71254283	0.0
0.0025098792	0.71093029	0.0
0.0028183782	0.70141333	0.0
0.0031132218	0.68391418	0.0
0.0033787761	0.65832508	0.0
0.00362905	0.62465346	0.0
0.003828794	0.58294934	0.0
0.0039871586	0.53356534	0.0
0.0040880595	0.47702554	0.0
0.0041175843	0.41421714	0.0
0.0040885555	0.34609768	0.0
0.0039924472	0.27376184	0.0
0.0038405207	0.19826211	0.0
0.0036400864	0.12071975	0.0
0.0033944231	0.042047556	0.0
0.0031145299	-0.036891405	0.0
0.0027966681	-0.11560825	0.0
0.0024453029	-0.19315559	0.0
0.0020563635	-0.26874226	0.0
0.001632713	-0.34119257	0.0
0.0011691212	-0.40973151	0.0
0.00068269391	-0.47286057	0.0
0.0001654357	-0.52991837	0.0
-0.00034843246	-0.58002752	0.0
-0.00085794588	-0.62248504	0.0
-0.0013448015	-0.65701336	0.0
-0.0017848547	-0.68346226	0.0
-0.0022030047	-0.70185322	0.0
-0.00255152	-0.71227187	0.0
-0.002871013	-0.71477616	0.0
-0.0031392362	-0.70939571	0.0
-0.0033461305	-0.69607407	0.0
-0.0035389876	-0.67471403	0.0
-0.0036392966	-0.64521033	0.0
-0.0037265294	-0.60761863	0.0
-0.00373419	-0.56208616	0.0
-0.0036848288	-0.50909436	0.0
-0.0035993522	-0.44932526	0.0
-0.0034316585	-0.3837046	0.0
-0.0032461712	-0.31328163	0.0
-0.0030049994	-0.23925102	0.0
-0.002742361	-0.16266181	0.0
-0.0024628041	-0.084422372	0.0
-0.0021631364	-0.0053868727	0.0
-0.0018563217	0.073625267	0.0
-0.0015390862	0.15172023	0.0
-0.0012116586	0.22845696	0.0
-0.00087138993	0.30275303	0.0
-0.00051669689	0.37342861	0.0
-0.00014488559	0.43957198	0.0
0.00023273331	0.50006789	0.0
0.00061732956	0.55393291	0.0
0.0009931263	0.60045964	0.0
0.001357068	0.63921958	0.0
0.0016827717	0.66991764	0.0
0.0019871872	0.69253063	0.0
0.0022450986	0.70713466	0.0
0.0024563356	0.71380407	0.0
0.0026448439	0.71258634	0.0
0.0027651286	0.703475	0.0
0.002869518	0.6863873	0.0
0.0029082934	0.66121054	0.0
0.0029119984	0.62789398	0.0
0.0028745716	0.58650047	0.0
0.0027788384	0.53740406	0.0
0.0026547669	0.48114246	0.0
0.0024804717	0.41846681	0.0
0.0022794381	0.35032111	0.0
0.0020568504	0.27796733	0.0
0.0018164592	0.20244665	0.0
0.0015762881	0.12486871	0.0
0.0013370096	0.046002872	0.0
0.0011098105	-0.0332812	0.0
0.00089726056	-0.11227893	0.0
0.0006987878	-0.19020961	0.0
0.0005172487	-0.26632059	0.0
0.00034850265	-0.33908048	0.0
0.00018743752	-0.40788728	0.0
3.8482071e-05	-0.47152853	0.0
-0.00011626193	-0.52891999	0.0
-0.00025753104	-0.57931513	0.0
-0.00040567061	-0.62201035	0.0
-0.00055462075	-0.65675002	0.0
-0.00070049637	-0.68337131	0.0
-0.00086195348	-0.70189202	0.0
-0.0010171256	-0.71241051	0.0
-0.0011930893	-0.71498328	0.0
-0.0013768589	-0.70962095	0.0
-0.0015620494	-0.69627935	0.0
-0.0017710294	-0.6748541	0.0
-0.0019589115	-0.64527452	0.0
-0.002154948	-0.60755867	0.0
-0.0023208964	-0.56196249	0.0
-0.0024559174	-0.5088439	0.0
-0.0025590304	-0.44895303	0.0
-0.0026023851	-0.38321295	0.0
-0.0026104958	-0.31273338	0.0
-0.0025679609	-0.23864542	0.0
-0.0024808997	-0.16179591	0.0
-0.0023652159	-0.08337073	0.0
-0.002212225	-0.0040897275	0.0
-0.0020381652	0.075186372	0.0
-0.0018384114	0.15360025	0.0
-0.0016212399	0.23063825	0.0
-0.0013749317	0.30511343	0.0
-0.0011139768	0.3760716	0.0
-0.0008290626	0.44239739	0.0
-0.00051822572	0.50297189	0.0
-0.00020631921	0.55704737	0.0
0.00013044283	0.60358924	0.0
0.00045043411	0.6424672	0.0
0.00076135242	0.67313325	0.0
0.0010671311	0.69570792	0.0
0.0013287716	0.71022648	0.0
0.0015957201	0.71673226	0.0
0.0018109313	0.71530753	0.0
0.0020191295	0.70591259	0.0
0.0022049942	0.68845659	0.0
0.0023559332	0.66294247	0.0
0.0025043017	0.62921512	0.0
0.0026062229	0.58742529	0.0
0.0027008338	0.5378896	0.0
0.0027567211	0.48112711	0.0
0.0027824829	0.41809237	0.0
0.0027923321	0.34972566	0.0
0.0027595183	0.27710849	0.0
0.0027203115	0.20142746	0.0
0.0026528588	0.12356031	0.0
0.0025719297	0.044680957	0.0
0.002475312	-0.034525301	0.0
0.0023608855	-0.1134816	0.0
0.0022262158	-0.19118772	0.0
0.0020667193	-0.26695201	0.0
0.0018739438	-0.33970308	0.0
0.0016497844	-0.40835133	0.0
0.0013924672	-0.47180489	0.0
0.0010971043	-0.52906716	0.0
0.000785804	-0.57930654	0.0
0.00045295584	-0.62195396	0.0
0.00011867737	-0.65659159	0.0
-0.00020961536	-0.68313861	0.0
-0.00053555809	-0.70157331	0.0
-0.00084389816	-0.71203935	0.0
-0.0011455029	-0.71456861	0.0
-0.0014286046	-0.70920342	0.0
-0.0016906844	-0.69585502	0.0
-0.0019400601	-0.67446768	0.0
-0.002156537	-0.64492232	0.0
-0.002344724	-0.60724592	0.0
-0.0024865211	-0.56162304	0.0
-0.0025810662	-0.50846475	0.0
-0.0026207936	-0.44862321	0.0
-0.0026001548	-0.38287205	0.0
-0.0025247198	-0.31234533	0.0
-0.0023932843	-0.2380773	0.0
-0.0022220663	-0.16135696	0.0
-0.0020117664	-0.082953013	0.0
-0.0017729293	-0.0036172252	0.0
-0.0015151433	0.075387247	0.0
-0.0012455827	0.15388426	0.0
-0.00096635835	0.23082615	0.0
-0.00067899155	0.30525154	0.0
-0.00038926117	0.37610537	0.0
-9.4882213e-05	0.44233686	0.0
0.00019729727	0.50289625	0.0
0.00048737126	0.55689204	0.0
0.00076984672	0.60337013	0.0
0.0010368468	0.64204997	0.0
0.0012880084	0.67271751	0.0
0.0015133217	0.69528019	0.0
0.0017182096	0.70982188	0.0
0.0018970246	0.71641803	0.0
0.002052329	0.7151227	0.0
0.0021897352	0.70591193	0.0
0.0022996601	0.68866956	0.0
0.0024013002	0.6634168	0.0
0.0024744163	0.62997717	0.0
0.0025420801	0.58850908	0.0
0.0025852981	0.53927493	0.0
0.0026180474	0.48286316	0.0
0.0026414264	0.42032006	0.0
0.0026441738	0.35229278	0.0
0.002645704	0.2800864	0.0
0.0026319791	0.20463262	0.0
0.002609943	0.12722704	0.0
0.0025763549	0.04859706	0.0
0.0025216092	-0.030504316	0.0
0.0024469993	-0.10907715	0.0
0.002337337	-0.18668096	0.0
0.0021865326	-0.26225242	0.0
0.0019913667	-0.33487758	0.0
0.0017453129	-0.40337768	0.0
0.0014466054	-0.46675959	0.0
0.0011146351	-0.52400875	0.0
0.00074154016	-0.57423919	0.0
0.00035958597	-0.61694026	0.0
-2.6950689e-05	-0.65156072	0.0
-0.00040600589	-0.67814177	0.0
-0.00075735274	-0.69665211	0.0
-0.0010983046	-0.70715493	0.0
-0.0013969137	-0.70973349	0.0
-0.0016819983	-0.70438868	0.0
-0.0019243608	-0.69107157	0.0
-0.0021387227	-0.66968238	0.0
-0.0023248757	-0.64007747	0.0
-0.002460578	-0.60232055	0.0
-0.0025732929	-0.5567199	0.0
-0.0026248693	-0.50353801	0.0
-0.0026436429	-0.44358438	0.0
-0.002616799	-0.37771201	0.0
-0.002548323	-0.3071925	0.0
-0.0024556443	-0.23284371	0.0
-0.0023285432	-0.15589656	0.0
-0.0021842925	-0.077353939	0.0
-0.0020185548	0.0019374005	0.0
-0.0018371328	0.081178278	0.0
-0.0016392702	0.15973379	0.0
-0.0014266706	0.23677479	0.0
-0.0011897687	0.31133762	0.0
-0.00093957374	0.38241699	0.0
-0.00065881998	0.44888216	0.0
-0.00036365201	0.50974184	0.0
-5.5829296e-05	0.56406206	0.0
0.00026987516	0.61116946	0.0
0.00057446357	0.6504541	0.0
0.00089892274	0.68174565	0.0
0.0011843878	0.70504844	0.0
0.0014649479	0.72035038	0.0
0.0017294209	0.72775388	0.0
0.0019527721	0.7273097	0.0
0.002187365	0.71898395	0.0
0.0023670997	0.70273846	0.0
0.0025486622	0.67846495	0.0
0.0026870719	0.64610857	0.0
0.0027924392	0.60580128	0.0
0.0028716344	0.55785584	0.0
0.0028859365	0.50280654	0.0
0.0028734047	0.44155598	0.0
0.0028046507	0.37494975	0.0
0.0026979027	0.30432686	0.0
0.0025669292	0.23060827	0.0
0.0023926746	0.15470898	0.0
0.0022039367	0.07769005	0.0
0.0019874407	0.00046107944	0.0
0.0017534061	-0.076445132	0.0
0.0014932749	-0.15220216	0.0
0.0012098841	-0.22602348	0.0
0.00089738989	-0.29683802	0.0
0.00055999076	-0.36361498	0.0
0.00019903384	-0.42525083	0.0
-0.00017620318	-0.48075169	0.0
-0.00054921751	-0.52933013	0.0
-0.00091973133	-0.5703811	0.0
-0.0012585915	-0.60372192	0.0
-0.0015733489	-0.62914813	0.0
-0.0018532203	-0.64692509	0.0
-0.0020845362	-0.65728551	0.0
-0.0022811778	-0.6604777	0.0
-0.0024353305	-0.6567862	0.0
-0.0025493694	-0.64641863	0.0
-0.0026250635	-0.62960482	0.0
-0.0026569937	-0.60648596	0.0
-0.0026552232	-0.57740754	0.0
-0.0026089794	-0.54252303	0.0
-0.0025259133	-0.50220621	0.0
-0.00241536	-0.45696789	0.0
-0.0022634238	-0.40707138	0.0
-0.0021032619	-0.35317025	0.0
-0.0019179191	-0.29582882	0.0
-0.0017286136	-0.23587181	0.0
-0.0015421609	-0.1741285	0.0
-0.0013550775	-0.11154499	0.0
-0.0011804724	-0.049574293	0.0
-0.001011821	0.011082214	0.0
-0.00086025731	0.06916181	0.0
-0.00072019192	0.12397847	0.0
-0.00059492851	0.17470911	0.0
-0.00048173877	0.22080509	0.0
-0.00038645239	0.26179609	0.0
-0.00030304556	0.29727423	0.0
-0.00023965813	0.32677987	0.0
-0.00019160783	0.35000142	0.0
-0.00015184784	0.36661908	0.0
-0.00013318009	0.37638339	0.0
-0.0001136127	0.3793495	0.0
-0.00010131313	0.37578702	0.0
-8.73932e-05	0.36619529	0.0
-6.8608293e-05	0.35135615	0.0
-5.0572682e-05	0.33201891	0.0
-2.0577942e-05	0.30902237	0.0
4.9714254e-07	0.28308219	0.0
2.8153725e-05	0.25488549	0.0
4.3988326e-05	0.22503583	0.0
5.5190794e-05	0.19421045	0.0
6.7175009e-05	0.16319318	0.0
7.0776281e-05	0.13292991	0.0
7.6115502e-05	0.10429734	0.0
8.0020109e-05	0.078115322	0.0
8.4401327e-05	0.055088799	0.0
8.6252738e-05	0.035450216	0.0
8.4943938e-05	0.01923375	0.0
7.8515608e-05	0.0062541375	0.0
6.3347055e-05	-0.0038469608	0.0
4.0346458e-05	-0.011500116	0.0
5.474757e-06	-0.0171324	0.0
-3.8776325e-05	-0.021144135	0.0
-8.8948414e-05	-0.023891037	0.0
-0.00014247667	-0.025661707	0.0
-0.00019511134	-0.026697066	0.0
-0.00024281716	-0.027196353	0.0
-0.00028028997	-0.027313007	0.0
-0.00030314623	-0.027165227	0.0
-0.00030809781	-0.026848538	0.0
-0.00029735957	-0.026426068	0.0
-0.00026664644	-0.025947262	0.0
-0.00022250153	-0.025434921	0.0
-0.00017012781	-0.02490514	0.0
-0.00011657325	-0.024356222	0.0
-6.7231769e-05	-0.023778932	0.0
-3.5496956e-05	-0.023159429	0.0
-2.5923466e-05	-0.022480184	0.0
-4.1263414e-05	-0.021734156	0.0
-8.3294013e-05	-0.020916607	0.0
-0.00014325017	-0.020043151	0.0
-0.00021665158	-0.019124744	0.0
-0.00028859871	-0.018186238	0.0
-0.00035015712	-0.017254984	0.0
-0.00039189469	-0.01635164	0.0
-0.00040755665	-0.015489615	0.0
-0.00039816013	-0.014680062	0.0
-0.00036636446	-0.013923407	0.0
-0.00031792576	-0.013220914	0.0
-0.00025873465	-0.012566719	0.0
-0.00019607811	-0.011953385	0.0
-0.000135133	-0.011379049	0.0
-7.9482066e-05	-0.010834793	0.0
-3.0179164e-05	-0.010320432	0.0
1.1279676e-05	-0.0098321009	0.0
4.4070464e-05	-0.0093637463	0.0
7.0391063e-05	-0.0089213764	0.0
9.0135967e-05	-0.0084987329	0.0
0.00010318738	-0.0080977045	0.0
0.00011092741	-0.0077166972	0.0
0.00011485485	-0.0073527317	0.0
0.00011705267	-0.0070086028	0.0
0.00011532444	-0.0066802916	0.0
0.00011486339	-0.0063698436	0.0
0.00011244341	-0.0060752216	0.0
0.00010759686	-0.0057974202	0.0
0.00010402056	-0.0055326871	0.0
9.7790595e-05	-0.0052845748	0.0
9.2599221e-05	-0.0050466112	0.0
8.6024018e-05	-0.0048212996	0.0
8.2216371e-05	-0.0046078372	0.0
7.7603479e-05	-0.004405967	0.0
7.2181516e-05	-0.004214488	0.0
6.8028872e-05	-0.004032996	0.0
6.2837389e-05	-0.0038613768	0.0
5.9607137e-05	-0.0036967287	0.0
5.5570312e-05	-0.003542121	0.0
5.1994146e-05	-0.0033937783	0.0
4.72641e-05	-0.0032545025	0.0
4.4726712e-05	-0.0031218037	0.0
4.0228097e-05	-0.0029939166	0.0
3.6767797e-05	-0.0028739816	0.0
3.3884644e-05	-0.0027595314	0.0
3.1693588e-05	-0.0026496002	0.0
2.9964578e-05	-0.0025450115	0.0
2.6735599e-05	-0.0024461972	0.0
2.500568e-05	-0.0023506447	0.0
2.3276023e-05	-0.0022615213	0.0
2.1315864e-05	-0.0021755723	0.0
1.9586658e-05	-0.002092778	0.0
1.9011391e-05	-0.0020146396	0.0
1.751192e-05	-0.0019395089	0.0
1.4513002e-05	-0.0018691802	0.0
1.3130726e-05	-0.0018005111	0.0
1.1747805e-05	-0.0017341742	0.0
1.1057494e-05	-0.0016723489	0.0
1.0597619e-05	-0.0016128593	0.0
9.9067565e-06	-0.0015547525	0.0
8.5232168e-06	-0.0015003347	0.0
7.0252022e-06	-0.0014470076	0.0
6.4495025e-06	-0.0013973786	0.0
5.2983992e-06	-0.0013504913	0.0
5.9925819e-06	-0.0013040219	0.0
4.8387647e-06	-0.0012583801	0.0
4.2638085e-06	-0.0012171098	0.0
3.1105094e-06	-0.0011762599	0.0
2.189973e-06	-0.0011377461	0.0
1.383514e-06	-0.0010997851	0.0
6.9555182e-07	-0.0010636037	0.0
1.272806e-06	-0.0010294726	0.0
-1.115247e-07	-0.00099548395	0.0
9.3979349e-09	-0.00096464873	0.0
1.2264591e-07	-0.00093352131	0.0
-1.2602497e-06	-0.00090295292	0.0
-1.3729813e-06	-0.000875264	0.0
-2.2946897e-06	-0.00084717025	0.0
-2.2914753e-06	-0.00082085672	0.0
-3.1023724e-06	-0.00079550029	0.0
-4.248639e-06	-0.0007719248	0.0
-3.3243666e-06	-0.00074849447	0.0
-4.24678e-06	-0.00072574307	0.0
-3.7833647e-06	-0.00070272537	0.0
-4.5872926e-06	-0.00068312674	0.0
-3.0824913e-06	-0.00066228816	0.0
-3.4358093e-06	-0.00064173376	0.0
-4.5852003e-06	-0.00062378269	0.0
-4.8152979e-06	-0.00060555001	0.0
-5.7326083e-06	-0.00058705604	0.0
-4.5754323e-06	-0.00057157542	0.0
-5.0396784e-06	-0.00055458117	0.0
-5.0346166e-06	-0.00053909875	0.0
-4.8028683e-06	-0.00052456849	0.0
-4.9179243e-06	-0.00050853658	0.0
-5.4954235e-06	-0.00049388385	0.0
-6.4143915e-06	-0.00048031571	0.0
-6.2975905e-06	-0.00046660946	0.0
-6.8702248e-06	-0.00045345814	0.0
-5.59615e-06	-0.00044181029	0.0
-5.3692197e-06	-0.00042892923	0.0
-6.1782234e-06	-0.00041810886	0.0
-7.094276e-06	-0.00040645912	0.0
-6.1692972e-06	-0.00039509096	0.0
-6.86266e-06	-0.00038536714	0.0
-6.974989e-06	-0.00037522207	0.0
-7.2022635e-06	-0.00036426203	0.0
-6.3923135e-06	-0.00035535704	0.0
-6.9740086e-06	-0.00034508063	0.0
-7.885571e-06	-0.00033658641	0.0
-5.1169277e-06	-0.00032699454	0.0
-6.7360716e-06	-0.00031932365	0.0
-6.0369539e-06	-0.00031096683	0.0
-6.6168036e-06	-0.00030329442	0.0
-7.3048768e-06	-0.00029438947	0.0
-6.839075e-06	-0.00028713568	0.0
-6.3797238e-06	-0.00028110394	0.0
-7.8771272e-06	-0.00027274698	0.0
-6.949128e-06	-0.00026740352	0.0
-7.066591e-06	-0.00025904362	0.0
-7.6399874e-06	-0.00025384393	0.0
-7.1758891e-06	-0.00024795078	0.0
-7.0587594e-06	-0.00024178506	0.0
-6.2476215e-06	-0.00023507263	0.0
-5.4403035e-06	-0.00022918481	0.0
-6.0162038e-06	-0.00022356809	0.0
-6.0136322e-06	-0.00021768209	0.0
-6.0117659e-06	-0.00021466886	0.0
-6.1266442e-06	-0.00020795398	0.0
-7.0458577e-06	-0.00020302352	0.0
-5.1981638e-06	-0.0001979526	0.0
-6.4677779e-06	-0.00019233697	0.0
-6.4654996e-06	-0.00018891602	0.0
-7.6167571e-06	-0.0001846665	0.0
-6.1128353e-06	-0.00017946537	0.0
-5.8832952e-06	-0.00017823366	0.0
-6.9195012e-06	-0.00017179303	0.0
-6.6866005e-06	-0.0001693314	0.0
-7.2619596e-06	-0.00016371247	0.0
-6.6815396e-06	-0.00015987945	0.0
-6.1052669e-06	-0.00015672842	0.0
-7.3716474e-06	-0.00015248093	0.0
-5.8677733e-06	-0.00014892273	0.0
-5.9850254e-06	-0.00014645587	0.0
-6.7900323e-06	-0.000141799	0.0
-6.6716443e-06	-0.000139475	0.0
-6.5555114e-06	-0.00013673508	0.0
-7.1308586e-06	-0.00013317443	0.0
-6.89629e-06	-0.00013030112	0.0
-6.0887014e-06	-0.00012824744	0.0
-7.2405583e-06	-0.00012482263	0.0
-6.6624057e-06	-0.00012235926	0.0
-7.9285164e-06	-0.00011934704	0.0
-6.3115986e-06	-0.00011729494	0.0
-8.1583548e-06	-0.0001146932	0.0
-7.8066178e-06	-0.00011195482	0.0
-6.9988773e-06	-0.00010921728	0.0
-7.4585128e-06	-0.00010716556	0.0
-6.5323234e-06	-0.0001052494	0.0
-6.3026896e-06	-0.00010278494	0.0
-8.0305144e-06	-0.00010073222	0.0
-6.5262179e-06	-9.8403965e-05	0.0
-6.4126129e-06	-9.5529467e-05	0.0
-7.6802262e-06	-9.4162358e-05	0.0
-7.4436716e-06	-9.1971073e-05	0.0
-5.5958494e-06	-8.9919849e-05	0.0
-5.3662038e-06	-8.8689827e-05	0.0
-6.1727974e-06	-8.7047119e-05	0.0
-6.7466171e-06	-8.5131709e-05	0.0
-6.6300036e-06	-8.3351639e-05	0.0
-7.3203446e-06	-8.0476755e-05	0.0
-6.6237435e-06	-7.9386358e-05	0.0
-5.8165188e-06	-7.8702331e-05	0.0
-6.5073309e-06	-7.6648575e-05	0.0
-6.0425377e-06	-7.4870281e-05	0.0
-6.1585447e-06	-7.2955459e-05	0.0
-7.1940672e-06	-7.1724913e-05	0.0
-6.6149282e-06	-6.9535461e-05	0.0
-7.0750816e-06	-6.8992042e-05	0.0
-6.6110065e-06	-6.8171197e-05	0.0
-6.4945098e-06	-6.5981068e-05	0.0
-6.6079547e-06	-6.4751577e-05	0.0
-6.4907645e-06	-6.3247171e-05	0.0
-6.3731404e-06	-6.2290514e-05	0.0
-5.6792769e-06	-6.0375263e-05	0.0
-5.9084555e-06	-5.9830629e-05	0.0
-5.444967e-06	-5.7777866e-05	0.0
-5.2124892e-06	-5.6136552e-05	0.0
-5.7876846e-06	-5.5454544e-05	0.0
-5.4397665e-06	-5.4635399e-05	0.0
-5.2070541e-06	-5.3953478e-05	0.0
-5.7821903e-06	-5.2860105e-05	0.0
-5.896211e-06	-5.1904186e-05	0.0
-5.2015716e-06	-4.9851693e-05	0.0
-6.469128e-06	-4.8346439e-05	0.0
-5.6606227e-06	-4.8349677e-05	0.0
-4.9656073e-06	-4.7394151e-05	0.0
-5.5400615e-06	-4.6164132e-05	0.0
-5.7708858e-06	-4.506985e-05	0.0
-4.6141085e-06	-4.5073721e-05	0.0
-5.8801961e-06	-4.329627e-05	0.0
-6.3416783e-06	-4.1927247e-05	0.0
-5.9937242e-06	-4.1519339e-05	0.0
-6.1067808e-06	-4.056302e-05	0.0
-6.5666177e-06	-4.0018313e-05	0.0
-6.4503442e-06	-3.9197814e-05	0.0
-5.7556585e-06	-3.9888007e-05	0.0
-6.2151425e-06	-3.7286729e-05	0.0
-6.2134395e-06	-3.7563346e-05	0.0
-6.3280122e-06	-3.6333273e-05	0.0
-5.0570397e-06	-3.688423e-05	0.0
-5.168863e-06	-3.5792811e-05	0.0
-5.6294521e-06	-3.4971654e-05	0.0
-5.0520034e-06	-3.4976991e-05	0.0
-4.2411243e-06	-3.251302e-05	0.0
-4.8157794e-06	-3.237716e-05	0.0
-4.6995879e-06	-3.1833144e-05	0.0
-4.4669346e-06	-3.1424901e-05	0.0
-4.3489804e-06	-3.0744246e-05	0.0
-4.4640701e-06	-2.9377534e-05	0.0
-3.6533913e-06	-2.8418381e-05	0.0
-4.6876339e-06	-2.869721e-05	0.0
-5.6092913e-06	-2.733011e-05	0.0
-6.3025709e-06	-2.7877262e-05	0.0
-5.4949005e-06	-2.8159231e-05	0.0
-5.1452666e-06	-2.7066497e-05	0.0
-4.7979242e-06	-2.6657395e-05	0.0
-4.3345649e-06	-2.5839825e-05	0.0
-4.4434387e-06	-2.4747253e-05	0.0
-5.8292321e-06	-2.4059796e-05	0.0
-5.135721e-06	-2.5296724e-05	0.0
-5.9415388e-06	-2.4484112e-05	0.0
-4.9042437e-06	-2.3249842e-05	0.0
-4.6688401e-06	-2.3390574e-05	0.0
-4.780346e-06	-2.2434109e-05	0.0
-5.7025209e-06	-2.2575417e-05	0.0
-5.3575163e-06	-2.1209175e-05	0.0
-4.7814324e-06	-2.1208429e-05	0.0
-3.5063463e-06	-2.0669639e-05	0.0
-4.5390848e-06	-1.9160041e-05	0.0
-4.6582877e-06	-2.0120984e-05	0.0
-4.0786658e-06	-1.9578038e-05	0.0
-4.1898893e-06	-1.9856974e-05	0.0
-4.534144e-06	-1.8490662e-05	0.0
-4.7648746e-06	-1.8355511e-05	0.0
-4.3041482e-06	-1.7398994e-05	0.0
-3.8366643e-06	-1.7809678e-05	0.0
-4.4130225e-06	-1.7816834e-05	0.0
-3.4942248e-06	-1.7137971e-05	0.0
-3.0200067e-06	-1.6178996e-05	0.0
-4.5204074e-06	-1.6180282e-05	0.0
-3.8323374e-06	-1.5639822e-05	0.0
-3.8260282e-06	-1.4681311e-05	0.0
-3.9397191e-06	-1.4411358e-05	0.0
-4.1695448e-06	-1.3994061e-05	0.0
-3.8251401e-06	-1.6190132e-05	0.0
-3.3570923e-06	-1.5387701e-05	0.0
-4.1608891e-06	-1.3737218e-05	0.0
-4.1653448e-06	-1.4692167e-05	0.0
-3.6990011e-06	-1.4845315e-05	0.0
-4.1570979e-06	-1.3471926e-05	0.0
-3.9305437e-06	-1.4432349e-05	0.0
-3.2330486e-06	-1.3619283e-05	0.0
-3.5752466e-06	-1.3076878e-05	0.0
-3.6877038e-06	-1.1701432e-05	0.0
-4.1523354e-06	-1.2804334e-05	0.0
-3.2258986e-06	-1.1027621e-05	0.0
-3.8005173e-06	-1.1846888e-05	0.0
-3.10629e-06	-1.1576691e-05	0.0
-3.7961024e-06	-1.2406437e-05	0.0
-3.2186897e-06	-1.0632918e-05	0.0
-3.9046604e-06	-1.0083622e-05	0.0
-4.2519828e-06	-9.3976414e-06	0.0
-4.2538409e-06	-1.0357623e-05	0.0
-3.6716804e-06	-1.0230448e-05	0.0
-4.0207783e-06	-9.8193796e-06	0.0
-2.7440349e-06	-1.023198e-05	0.0
-4.3574191e-06	-1.0104725e-05	0.0
-3.0928395e-06	-9.1435904e-06	0.0
-3.3149554e-06	-9.6986805e-06	0.0
-3.2038067e-06	-8.3268596e-06	0.0
-2.1635503e-06	-9.7044394e-06	0.0
-2.1541625e-06	-7.5164949e-06	0.0
-3.1910254e-06	-8.8794886e-06	0.0
-3.423977e-06	-8.6223008e-06	0.0
-3.4216632e-06	-7.5216212e-06	0.0
-3.0799977e-06	-8.3471305e-06	0.0
-1.6879314e-06	-7.531788e-06	0.0
-2.9490475e-06	-7.6664692e-06	0.0
-3.5286148e-06	-7.812795e-06	0.0
-3.9884399e-06	-6.7182959e-06	0.0
-3.9899815e-06	-6.857661e-06	0.0
-3.0710059e-06	-6.3099228e-06	0.0
-1.7904437e-06	-7.4084664e-06	0.0
-3.6285278e-06	-6.8712452e-06	0.0
-4.0999525e-06	-5.9127392e-06	0.0
-2.6004723e-06	-5.9100048e-06	0.0
-1.898194e-06	-6.8763352e-06	0.0
-3.1652919e-06	-5.6508161e-06	0.0
-3.1661286e-06	-5.0985773e-06	0.0
-3.5102075e-06	-5.7912953e-06	0.0
-3.3929236e-06	-4.2876327e-06	0.0
-3.852243e-06	-4.9688874e-06	0.0
-3.6227736e-06	-5.6628401e-06	0.0
-3.1571115e-06	-4.9816172e-06	0.0
-3.5016842e-06	-5.3907311e-06	0.0
-3.2684079e-06	-6.4943824e-06	0.0
-3.8442727e-06	-5.6766912e-06	0.0
-3.2664723e-06	-5.5436499e-06	0.0
-3.264676e-06	-3.9035667e-06	0.0
-2.6849132e-06	-3.6265585e-06	0.0
-3.2597081e-06	-5.0003614e-06	0.0
-2.9125658e-06	-5.2810947e-06	0.0
-3.1412274e-06	-5.0097156e-06	0.0
-3.0231447e-06	-5.0137169e-06	0.0
-3.8296434e-06	-3.9224483e-06	0.0
-3.1376255e-06	-2.6892619e-06	0.0
-2.5567574e-06	-3.6506544e-06	0.0
-3.4773925e-06	-3.9298334e-06	0.0
-3.7082639e-06	-3.7949364e-06	0.0
-2.2065271e-06	-4.7588583e-06	0.0
-2.0874224e-06	-3.2541188e-06	0.0
-3.3562947e-06	-3.9431861e-06	0.0
-1.7392945e-06	-2.0271402e-06	0.0
-2.4286728e-06	-3.6740128e-06	0.0
-2.6583327e-06	-3.9526467e-06	0.0
-2.6561609e-06	-3.4074715e-06	0.0
-3.5778191e-06	-3.2737169e-06	0.0
-3.1144596e-06	-2.1802709e-06	0.0
-2.6511011e-06	-2.5947825e-06	0.0
-2.9955322e-06	-2.1868946e-06	0.0
-2.8780134e-06	-3.8352459e-06	0.0
-1.7217646e-06	-3.1530942e-06	0.0
-1.1439994e-06	-4.1153962e-06	0.0
-2.1815331e-06	-2.6112743e-06	0.0
-3.2177259e-06	-4.1224694e-06	0.0
-2.9842029e-06	-2.3419636e-06	0.0
-2.7526419e-06	-2.3475084e-06	0.0
-3.2117266e-06	-2.4870815e-06	0.0
-2.4019751e-06	-2.078486e-06	0.0
-2.7474994e-06	-1.5344783e-06	0.0
-2.7440933e-06	-2.361626e-06	0.0
-1.9347656e-06	-2.7739266e-06	0.0
-2.0497966e-06	-1.9542849e-06	0.0
-2.3940522e-06	-1.6838707e-06	0.0
-2.274629e-06	-1.6903666e-06	0.0
-1.3506242e-06	-2.9236353e-06	0.0
-1.5804616e-06	-8.6839231e-07	0.0
-1.2320731e-06	-1.0147686e-06	0.0
-1.8104649e-06	-1.8382373e-06	0.0
-2.9607124e-06	-1.4294643e-06	0.0
-2.262253e-06	-1.5706128e-06	0.0
-1.2243358e-06	-1.7130427e-06	0.0
-1.6878624e-06	-2.6737305e-06	0.0
-2.2597553e-06	-1.8527081e-06	0.0
-1.7972663e-06	-1.9951599e-06	0.0
-2.0225784e-06	-1.5843742e-06	0.0
-1.7312233e-07	-9.0245095e-07	0.0
-6.1032935e-08	-7.7376779e-07	0.0
-6.0376657e-08	-1.7341117e-06	0.0
-8.6708746e-07	-1.0505349e-06	0.0
-7.4476173e-07	-1.6060364e-06	0.0
-4.0351875e-07	-1.6028746e-06	0.0
-1.899265e-06	-5.1202693e-07	0.0
-9.7087684e-07	-1.0670346e-06	0.0
-1.4341924e-06	-1.0678181e-06	0.0
-1.2001399e-06	-1.209283e-06	0.0
-1.5455236e-06	-1.2106121e-06	0.0
-1.3104955e-06	-1.2187998e-06	0.0
-1.1959851e-06	-2.0379046e-06	0.0
-1.4231781e-06	-3.9437805e-07	0.0
-1.3103715e-06	-1.0957216e-06	0.0
-2.3434393e-06	-1.7695384e-06	0.0
-1.1825365e-06	2.7713816e-07	0.0
-1.3066515e-06	-1.5154708e-06	0.0
-2.2239497e-06	-9.5781354e-07	0.0
-1.521906e-06	1.3939959e-07	0.0
-7.1858381e-07	1.3540322e-06	0.0
-1.0641548e-06	-9.8103305e-07	0.0
-9.4841067e-07	-7.0410158e-09	0.0
-1.7569314e-06	5.2268746e-07	0.0
-1.981668e-06	-7.1549806e-07	0.0
-1.8600242e-06	-7.0984953e-07	0.0
-1.2856906e-06	-1.6012218e-07	0.0
-1.8638235e-06	5.1001319e-07	0.0
-1.9776326e-06	-7.2671168e-07	0.0
-2.5494551e-06	-3.2484742e-08	0.0
-1.9663069e-06	3.6743612e-07	0.0
-1.9707511e-06	-5.5795784e-08	0.0
-1.9636429e-06	-1.0127492e-06	0.0
-1.0273221e-06	-7.374673e-07	0.0
3.4776212e-07	-5.966142e-07	0.0
-2.3611794e-07	3.4694801e-07	0.0
-4.6590762e-07	-8.8752131e-07	0.0
-1.5058738e-06	2.1455125e-07	0.0
-1.6021955e-06	-2.1320264e-07	0.0
-9.1926091e-07	-2.0641998e-07	0.0
-1.8403312e-06	2.0146804e-07	0.0
-1.1349383e-06	3.2972645e-07	0.0
-1.0290307e-06	5.1610812e-08	0.0
-1.1357649e-06	-8.9588589e-08	0.0
-6.7630765e-07	-2.2130924e-07	0.0
-1.1400462e-06	3.1417724e-07	0.0
-7.7562794e-07	-6.493263e-07	0.0
1.7141378e-08	-2.3273989e-07	0.0
-1.0197807e-06	-3.7826211e-07	0.0
-4.303576e-07	-9.985159e-08	0.0
-3.1312092e-07	3.0393824e-07	0.0
1.3524232e-07	1.5657611e-07	0.0
-1.1273781e-06	2.7513918e-08	0.0
-3.0692109e-07	5.6187355e-07	0.0
-5.4429142e-07	-5.4703912e-07	0.0
-1.9176618e-07	-6.6732741e-07	0.0
-3.108517e-07	1.7278895e-08	0.0
-3.0590579e-07	1.3129008e-07	0.0
-6.5519437e-08	-6.8177491e-07	0.0
5.0407806e-07	-5.4176774e-09	0.0
-7.8555971e-08	-8.2289006e-07	0.0
-4.2450313e-07	5.5043387e-07	0.0
-1.2287578e-06	-2.3012893e-08	0.0
-9.7418661e-07	-1.4964128e-07	0.0
-1.7862008e-07	1.2694572e-07	0.0
-7.5980893e-07	5.2389618e-07	0.0
-3.9407468e-07	1.14394e-07	0.0
-6.7886127e-08	5.1448853e-07	0.0
-9.8155215e-07	-1.6234866e-07	0.0
-2.7764045e-07	4.9503376e-07	0.0
-4.0079232e-07	-1.8350484e-06	0.0
-3.9876099e-08	-4.1760939e-07	0.0
1.6786349e-07	4.9713276e-07	0.0
-9.7501515e-07	-6.1361072e-07	0.0
-5.0999955e-07	-7.2205103e-07	0.0
-9.5278426e-07	3.6623177e-07	0.0
5.3477896e-07	-7.6287769e-08	0.0
-8.5847722e-07	-1.0249247e-06	0.0
2.1832774e-07	-4.5914209e-07	0.0
8.7789886e-07	2.0640033e-07	0.0
-2.8231392e-07	-2.1122179e-07	0.0
-1.2445057e-07	6.9730781e-08	0.0
1.3554152e-06	3.3706641e-07	0.0
1.8402609e-07	4.6794233e-07	0.0
-2.9769202e-08	3.2209633e-07	0.0
-1.3392992e-07	-9.4734531e-08	0.0
5.5352899e-07	-7.5986556e-08	0.0
-2.8552511e-08	7.1834575e-07	0.0
-2.4687989e-08	-7.9097379e-07	0.0
-6.0218656e-07	1.9312643e-07	0.0
-3.5048248e-07	2.9064029e-07	0.0
3.3023073e-07	-6.4751475e-07	0.0
-2.5035831e-07	5.7561067e-07	0.0
-2.4567115e-07	-6.7389533e-07	0.0
-7.0684763e-07	1.861425e-07	0.0
-5.8062062e-07	1.2397491e-06	0.0
-3.498117e-07	1.9652434e-08	0.0
-2.3480783e-07	1.5200401e-06	0.0
-1.1251754e-07	-1.5282575e-07	0.0
3.4984237e-07	-1.2275001e-07	0.0
3.4432864e-07	1.3168896e-07	0.0
4.7532731e-07	-2.7144947e-07	0.0
1.0347476e-06	2.5921398e-07	0.0
2.3852376e-09	-1.1194903e-06	0.0
4.6399299e-07	-8.2703355e-07	0.0
-4.5155386e-07	-5.5472026e-07	0.0
6.0005493e-07	2.6630573e-07	0.0
1.1022662e-07	3.8318547e-07	0.0
-9.2685963e-07	-1.7489265e-07	0.0
