#Bx [T], By [T], Bz [T] on 3D mesh: inmost loop vs X (horizontal transverse position), outmost loop vs Z (longitudinal position)
#0.0 #initial X position [m]
#0.0 #step of X [m]
#1 #number of points vs X
#0.0 #initial Y position [m]
#0.0 #step of Y [m]
#1 #number of points vs Y
#-1.1855 #initial Z position [m]
#0.001 #step of Z [m]
#2371 #number of points vs Z
1.939613e-07	-5.86648e-07	0.0
7.999193e-08	9.607616e-08	0.0
-4.958807e-07	-1.003278e-06	0.0
8.902664e-07	-1.838442e-07	0.0
5.455806e-07	7.732322e-07	0.0
4.314351e-07	-5.202311e-08	0.0
8.667872e-08	9.046932e-07	0.0
-3.738827e-07	3.540587e-07	0.0
4.356255e-07	-4.714914e-07	0.0
-8.327377e-07	7.404268e-08	0.0
6.683211e-07	-3.398526e-07	0.0
-2.149956e-08	2.053974e-07	0.0
-2.130912e-08	6.624651e-08	0.0
3.260843e-07	-7.377021e-08	0.0
6.739126e-07	-2.134114e-07	0.0
5.606601e-07	-3.535889e-07	0.0
-1.29372e-07	-2.192627e-07	0.0
-7.081005e-07	-2.22197e-07	0.0
6.7988e-07	1.856181e-07	0.0
-8.184596e-07	1.859057e-07	0.0
2.193444e-07	-9.161515e-07	0.0
-3.539427e-07	1.788047e-07	0.0
-3.529062e-07	-9.222005e-07	0.0
-1.044184e-06	1.129225e-06	0.0
-2.403873e-07	5.834448e-07	0.0
1.264385e-06	3.066237e-07	0.0
5.784308e-07	-9.297638e-07	0.0
-3.460552e-07	-9.34715e-07	0.0
-3.455476e-07	-8.035987e-07	0.0
-3.466263e-07	7.03183e-07	0.0
3.513077e-07	1.545993e-07	0.0
-9.188067e-07	4.263734e-07	0.0
2.356601e-07	-5.354939e-07	0.0
-9.126555e-07	-4.012082e-07	0.0
-5.723607e-07	-1.363489e-06	0.0
3.516951e-07	-8.223291e-07	0.0
8.225089e-07	-6.837702e-07	0.0
-9.061239e-07	-1.234078e-06	0.0
-6.830207e-07	-1.377695e-06	0.0
1.635907e-08	-6.954796e-07	0.0
-1.018726e-06	-8.296692e-07	0.0
-5.672912e-07	-1.25206e-06	0.0
1.172499e-06	8.008831e-07	0.0
-2.049584e-07	6.680953e-07	0.0
-4.397626e-07	6.647903e-07	0.0
-6.692664e-07	-2.910646e-07	0.0
-2.102284e-07	-1.670385e-06	0.0
3.724061e-07	-8.585878e-07	0.0
-2.022089e-07	2.384462e-07	0.0
-8.750643e-08	2.423363e-07	0.0
-3.146599e-07	-5.868568e-07	0.0
-5.468904e-07	2.317834e-07	0.0
-1.983568e-07	-4.430299e-08	0.0
-6.566147e-07	3.679048e-07	0.0
-6.593272e-07	-1.005878e-06	0.0
-1.953886e-07	-3.297461e-07	0.0
-1.942111e-07	-4.607206e-07	0.0
1.544868e-07	-1.42756e-06	0.0
-4.170375e-07	-8.8278e-07	0.0
-8.825347e-07	-1.16254e-06	0.0
-4.188425e-07	-6.463503e-08	0.0
-5.363021e-07	-1.569522e-06	0.0
5.073778e-07	-1.581484e-06	0.0
-5.269899e-07	-1.037694e-06	0.0
4.348118e-08	-7.540098e-07	0.0
2.824499e-07	-2.816226e-06	0.0
-1.792747e-07	-1.73537e-06	0.0
-2.884021e-07	-1.0446e-06	0.0
-1.561443e-06	-1.587096e-06	0.0
-7.245328e-08	-3.102676e-06	0.0
8.683255e-07	-2.42923e-06	0.0
-7.421876e-07	-1.744545e-06	0.0
-8.686141e-07	-1.195157e-06	0.0
-3.986112e-07	-1.875351e-06	0.0
-9.81488e-07	-2.441319e-06	0.0
5.228613e-07	-6.560668e-07	0.0
-7.369933e-07	-2.02388e-06	0.0
-2.902128e-07	-1.483693e-06	0.0
8.762177e-07	-2.168908e-06	0.0
-7.2735e-07	-1.494759e-06	0.0
-1.437161e-06	-1.076131e-06	0.0
6.915114e-08	-2.173408e-06	0.0
-1.187965e-06	-1.917439e-06	0.0
-1.429668e-06	-8.094665e-07	0.0
-8.527446e-07	-2.457561e-06	0.0
-4.998046e-07	-1.375209e-06	0.0
-1.070929e-06	-1.501594e-06	0.0
-1.537131e-06	-2.059001e-06	0.0
-9.647915e-07	-1.784351e-06	0.0
-3.79924e-07	-2.475969e-06	0.0
-6.115904e-07	-1.657539e-06	0.0
8.151361e-08	-2.203478e-06	0.0
-4.813609e-07	-2.204997e-06	0.0
-1.750899e-06	-2.499416e-06	0.0
-1.882826e-06	-4.295204e-07	0.0
-7.184403e-07	-3.290987e-06	0.0
-1.749071e-06	-3.597587e-06	0.0
-1.077638e-06	-3.049995e-06	0.0
2.08264e-07	-2.506517e-06	0.0
-4.811454e-07	-1.822313e-06	0.0
-2.389916e-07	-2.078926e-06	0.0
-2.203301e-06	-3.605597e-06	0.0
-1.069047e-06	-2.24328e-06	0.0
-9.309819e-07	-3.052048e-06	0.0
-1.627372e-06	-2.937294e-06	0.0
-1.286712e-06	-1.975344e-06	0.0
-1.274993e-06	-1.843414e-06	0.0
-1.74297e-06	-1.015336e-06	0.0
-1.163603e-06	-2.237114e-06	0.0
-1.621085e-06	-2.806437e-06	0.0
-1.054363e-06	-2.396678e-06	0.0
-4.699302e-07	-2.670327e-06	0.0
-3.49563e-07	-2.936564e-06	0.0
-4.593721e-07	-4.052803e-06	0.0
-8.084065e-07	-2.420895e-06	0.0
-5.759717e-07	-2.406787e-06	0.0
-1.029623e-06	-2.010314e-06	0.0
-1.490983e-06	-1.717782e-06	0.0
-1.730782e-06	-2.966625e-06	0.0
-9.268556e-07	-1.61011e-06	0.0
-7.931735e-07	-2.262362e-06	0.0
-1.599093e-06	-3.52763e-06	0.0
-1.833345e-06	-1.896968e-06	0.0
-1.956445e-06	-2.139726e-06	0.0
-1.147572e-06	-3.121962e-06	0.0
-1.252445e-06	-2.167476e-06	0.0
-1.14383e-06	-2.444483e-06	0.0
-1.013474e-06	-1.61524e-06	0.0
-2.273034e-06	-3.247721e-06	0.0
-2.978685e-06	-3.6816e-06	0.0
-2.867297e-06	-3.686647e-06	0.0
-2.304793e-06	-3.545189e-06	0.0
-9.019116e-07	-3.968226e-06	0.0
-1.814904e-06	-2.883209e-06	0.0
-1.25327e-06	-2.728795e-06	0.0
-1.233995e-06	-3.019215e-06	0.0
-2.148644e-06	-1.930213e-06	0.0
-2.857832e-06	-1.912693e-06	0.0
-2.164669e-06	-2.866648e-06	0.0
-2.504701e-06	-3.97335e-06	0.0
-1.828485e-06	-3.862648e-06	0.0
-1.334109e-06	-2.888797e-06	0.0
-3.072484e-06	-3.851792e-06	0.0
-2.161332e-06	-3.170752e-06	0.0
-2.505301e-06	-4.258379e-06	0.0
-1.348543e-06	-4.012146e-06	0.0
-2.033251e-06	-3.449612e-06	0.0
-1.454554e-06	-4.139376e-06	0.0
-2.265491e-06	-3.864906e-06	0.0
-1.226289e-06	-4.565029e-06	0.0
-2.248376e-06	-3.198037e-06	0.0
-2.25915e-06	-4.004202e-06	0.0
-2.492027e-06	-4.150585e-06	0.0
-1.912753e-06	-4.445347e-06	0.0
-2.474723e-06	-2.933338e-06	0.0
-2.94384e-06	-3.878168e-06	0.0
-2.946294e-06	-3.757722e-06	0.0
-2.941826e-06	-3.897106e-06	0.0
-3.059508e-06	-3.750373e-06	0.0
-2.936427e-06	-4.858227e-06	0.0
-3.182924e-06	-3.782812e-06	0.0
-1.789561e-06	-3.753428e-06	0.0
-2.805808e-06	-4.996858e-06	0.0
-3.05341e-06	-4.477939e-06	0.0
-2.93631e-06	-3.767371e-06	0.0
-2.818446e-06	-5.012054e-06	0.0
-2.486024e-06	-4.059358e-06	0.0
-1.869004e-06	-4.88014e-06	0.0
-4.420105e-06	-4.06576e-06	0.0
-2.718486e-06	-5.139929e-06	0.0
-2.807646e-06	-5.853877e-06	0.0
-2.245331e-06	-5.040362e-06	0.0
-1.549395e-06	-5.024026e-06	0.0
-1.18482e-06	-5.71346e-06	0.0
-1.994006e-06	-5.598066e-06	0.0
-1.65122e-06	-5.032159e-06	0.0
-2.547783e-06	-6.26949e-06	0.0
-3.947957e-06	-5.87031e-06	0.0
-3.505548e-06	-6.286909e-06	0.0
-3.030069e-06	-5.333934e-06	0.0
-3.367503e-06	-5.600783e-06	0.0
-3.386222e-06	-5.59411e-06	0.0
-2.4479e-06	-6.703481e-06	0.0
-3.473418e-06	-5.758247e-06	0.0
-3.157097e-06	-6.151392e-06	0.0
-2.324026e-06	-6.57016e-06	0.0
-3.360944e-06	-7.246691e-06	0.0
-3.014326e-06	-7.833272e-06	0.0
-3.830528e-06	-6.039276e-06	0.0
-2.671478e-06	-7.271059e-06	0.0
-3.925822e-06	-5.781505e-06	0.0
-3.704986e-06	-6.573281e-06	0.0
-3.844704e-06	-7.010345e-06	0.0
-1.739766e-06	-6.471969e-06	0.0
-3.91513e-06	-6.31223e-06	0.0
-2.4694e-06	-7.55808e-06	0.0
-1.492942e-06	-7.016942e-06	0.0
-2.888956e-06	-7.836903e-06	0.0
-1.522987e-06	-7.697839e-06	0.0
-1.608822e-06	-8.939737e-06	0.0
-2.071687e-06	-8.264014e-06	0.0
-2.532824e-06	-8.94828e-06	0.0
-2.547229e-06	-8.272367e-06	0.0
-1.734313e-06	-8.416541e-06	0.0
-2.28399e-06	-7.315881e-06	0.0
-3.452073e-06	-8.395934e-06	0.0
-3.000486e-06	-8.8228e-06	0.0
-2.883304e-06	-9.105653e-06	0.0
-2.410492e-06	-8.828681e-06	0.0
-3.435976e-06	-9.122133e-06	0.0
-3.799982e-06	-7.742356e-06	0.0
-3.229511e-06	-9.36237e-06	0.0
-2.753009e-06	-9.946553e-06	0.0
-3.213805e-06	-9.393675e-06	0.0
-2.871395e-06	-9.811425e-06	0.0
-2.980346e-06	-9.256566e-06	0.0
-3.089662e-06	-1.049286e-05	0.0
-3.559307e-06	-1.008626e-05	0.0
-2.645417e-06	-1.118631e-05	0.0
-2.392028e-06	-1.037679e-05	0.0
-3.310838e-06	-1.117414e-05	0.0
-3.664103e-06	-1.190025e-05	0.0
-4.113958e-06	-1.010388e-05	0.0
-4.935625e-06	-1.161544e-05	0.0
-3.904884e-06	-9.583237e-06	0.0
-4.107523e-06	-1.008982e-05	0.0
-5.048039e-06	-1.161298e-05	0.0
-3.787227e-06	-1.163188e-05	0.0
-3.65378e-06	-1.148441e-05	0.0
-3.771545e-06	-1.244687e-05	0.0
-3.545468e-06	-1.245582e-05	0.0
-3.298802e-06	-1.299811e-05	0.0
-4.340679e-06	-1.329316e-05	0.0
-3.547965e-06	-1.219788e-05	0.0
-3.072415e-06	-1.246272e-05	0.0
-3.408075e-06	-1.260419e-05	0.0
-3.771553e-06	-1.301911e-05	0.0
-2.383679e-06	-1.302158e-05	0.0
-2.940924e-06	-1.356742e-05	0.0
-3.297174e-06	-1.39877e-05	0.0
-2.955456e-06	-1.399054e-05	0.0
-2.820882e-06	-1.466271e-05	0.0
-4.209281e-06	-1.591937e-05	0.0
-3.755284e-06	-1.429454e-05	0.0
-4.097478e-06	-1.385594e-05	0.0
-3.635726e-06	-1.522476e-05	0.0
-3.979319e-06	-1.565621e-05	0.0
-3.630844e-06	-1.538006e-05	0.0
-4.092639e-06	-1.619273e-05	0.0
-3.293966e-06	-1.690092e-05	0.0
-3.155113e-06	-1.580667e-05	0.0
-4.427272e-06	-1.634558e-05	0.0
-4.092466e-06	-1.675483e-05	0.0
-3.971229e-06	-1.773375e-05	0.0
-3.962788e-06	-1.676271e-05	0.0
-4.324374e-06	-1.908912e-05	0.0
-2.81651e-06	-1.856666e-05	0.0
-4.061452e-06	-1.870101e-05	0.0
-4.435694e-06	-1.841849e-05	0.0
-3.38622e-06	-1.993007e-05	0.0
-4.07469e-06	-1.96643e-05	0.0
-3.60974e-06	-2.075718e-05	0.0
-4.423828e-06	-2.09021e-05	0.0
-3.151534e-06	-2.145931e-05	0.0
-4.181095e-06	-2.037736e-05	0.0
-3.831963e-06	-2.034745e-05	0.0
-4.996073e-06	-2.254716e-05	0.0
-3.155168e-06	-2.243406e-05	0.0
-3.826127e-06	-2.216031e-05	0.0
-3.71971e-06	-2.201417e-05	0.0
-3.61153e-06	-2.324635e-05	0.0
-2.448789e-06	-2.366791e-05	0.0
-3.24432e-06	-2.39528e-05	0.0
-3.362637e-06	-2.340243e-05	0.0
-3.829757e-06	-2.422027e-05	0.0
-3.021823e-06	-2.476481e-05	0.0
-3.360421e-06	-2.601899e-05	0.0
-3.130231e-06	-2.452348e-05	0.0
-3.807841e-06	-2.517767e-05	0.0
-4.405678e-06	-2.670537e-05	0.0
-2.90784e-06	-2.616936e-05	0.0
-3.00384e-06	-2.696365e-05	0.0
-3.348044e-06	-2.877446e-05	0.0
-4.038511e-06	-2.741421e-05	0.0
-4.275466e-06	-2.822145e-05	0.0
-4.159459e-06	-2.850083e-05	0.0
-4.156471e-06	-2.95985e-05	0.0
-4.045636e-06	-2.9879e-05	0.0
-3.466703e-06	-3.096593e-05	0.0
-3.569049e-06	-3.168424e-05	0.0
-4.038613e-06	-3.016545e-05	0.0
-3.793004e-06	-3.20697e-05	0.0
-5.633093e-06	-3.249542e-05	0.0
-5.432801e-06	-3.359905e-05	0.0
-4.487614e-06	-3.345536e-05	0.0
-5.530761e-06	-3.538132e-05	0.0
-4.155979e-06	-3.471044e-05	0.0
-4.587136e-06	-3.578887e-05	0.0
-5.86832e-06	-3.676663e-05	0.0
-5.189484e-06	-3.636998e-05	0.0
-4.602548e-06	-3.607793e-05	0.0
-4.708785e-06	-3.79913e-05	0.0
-5.173764e-06	-3.883342e-05	0.0
-4.83025e-06	-3.910725e-05	0.0
-4.489214e-06	-4.00602e-05	0.0
-3.553817e-06	-4.117132e-05	0.0
-4.694447e-06	-4.103485e-05	0.0
-5.055433e-06	-4.253113e-05	0.0
-4.593234e-06	-4.391442e-05	0.0
-4.584594e-06	-4.433951e-05	0.0
-4.708294e-06	-4.446564e-05	0.0
-4.005329e-06	-4.598513e-05	0.0
-5.152905e-06	-4.51728e-05	0.0
-5.158073e-06	-4.638278e-05	0.0
-5.508341e-06	-4.818446e-05	0.0
-4.472089e-06	-4.831723e-05	0.0
-4.797442e-06	-5.024682e-05	0.0
-5.733387e-06	-4.956429e-05	0.0
-4.58623e-06	-5.161384e-05	0.0
-4.566872e-06	-5.176444e-05	0.0
-5.266964e-06	-5.29926e-05	0.0
-4.462861e-06	-5.395306e-05	0.0
-4.229557e-06	-5.533723e-05	0.0
-3.755653e-06	-5.479443e-05	0.0
-5.024698e-06	-5.627994e-05	0.0
-4.791909e-06	-5.849243e-05	0.0
-6.062847e-06	-5.849968e-05	0.0
-5.034821e-06	-6.013282e-05	0.0
-5.020281e-06	-6.151968e-05	0.0
-5.478093e-06	-6.166271e-05	0.0
-5.835999e-06	-6.301059e-05	0.0
-4.67823e-06	-6.591043e-05	0.0
-5.020448e-06	-6.49717e-05	0.0
-4.101411e-06	-6.590089e-05	0.0
-4.427728e-06	-6.838243e-05	0.0
-5.698806e-06	-6.866646e-05	0.0
-5.713446e-06	-7.016835e-05	0.0
-5.347966e-06	-7.140385e-05	0.0
-6.858387e-06	-7.332619e-05	0.0
-5.361865e-06	-7.443018e-05	0.0
-6.382906e-06	-7.593289e-05	0.0
-6.507264e-06	-7.79898e-05	0.0
-6.512961e-06	-7.964775e-05	0.0
-5.581912e-06	-8.047063e-05	0.0
-6.159277e-06	-8.211687e-05	0.0
-5.121638e-06	-8.334815e-05	0.0
-5.79953e-06	-8.581419e-05	0.0
-5.927649e-06	-8.73391e-05	0.0
-5.233217e-06	-8.842822e-05	0.0
-5.672542e-06	-9.076365e-05	0.0
-7.41436e-06	-9.173303e-05	0.0
-6.614289e-06	-9.350811e-05	0.0
-6.952605e-06	-9.543235e-05	0.0
-6.608056e-06	-9.748281e-05	0.0
-7.060109e-06	-0.000100235	0.0
-7.414501e-06	-0.0001014744	0.0
-6.836015e-06	-0.0001039356	0.0
-6.948316e-06	-0.000105736	0.0
-6.825328e-06	-0.0001068202	0.0
-7.751013e-06	-0.0001103815	0.0
-6.839943e-06	-0.000112184	0.0
-6.583862e-06	-0.0001139541	0.0
-8.096011e-06	-0.0001171118	0.0
-6.488313e-06	-0.0001191707	0.0
-6.817321e-06	-0.0001221888	0.0
-7.04753e-06	-0.000124115	0.0
-7.293393e-06	-0.0001265861	0.0
-5.3256e-06	-0.0001283666	0.0
-6.343303e-06	-0.0001320506	0.0
-7.153747e-06	-0.0001360505	0.0
-7.633735e-06	-0.0001372879	0.0
-5.667047e-06	-0.0001405748	0.0
-6.683586e-06	-0.0001423645	0.0
-7.273514e-06	-0.0001459153	0.0
-7.152031e-06	-0.0001496277	0.0
-7.620536e-06	-0.0001523766	0.0
-6.464847e-06	-0.0001555221	0.0
-7.255981e-06	-0.0001595008	0.0
-7.508989e-06	-0.0001626644	0.0
-5.991325e-06	-0.0001660764	0.0
-7.94683e-06	-0.0001708945	0.0
-7.153305e-06	-0.0001725395	0.0
-7.485521e-06	-0.0001776013	0.0
-7.834049e-06	-0.0001811713	0.0
-7.95219e-06	-0.0001862507	0.0
-7.490319e-06	-0.0001890003	0.0
-7.708928e-06	-0.0001936524	0.0
-8.751087e-06	-0.0001977741	0.0
-8.521283e-06	-0.0002022907	0.0
-8.98222e-06	-0.0002077794	0.0
-8.407083e-06	-0.000212578	0.0
-8.741591e-06	-0.0002179361	0.0
-9.215126e-06	-0.0002213624	0.0
-7.827333e-06	-0.0002273865	0.0
-8.394168e-06	-0.0002323323	0.0
-8.396762e-06	-0.0002376753	0.0
-8.852985e-06	-0.0002428934	0.0
-9.314615e-06	-0.0002479588	0.0
-9.322674e-06	-0.0002546771	0.0
-8.504162e-06	-0.0002604363	0.0
-9.771407e-06	-0.0002672945	0.0
-9.312522e-06	-0.000273053	0.0
-1.000212e-05	-0.0002801847	0.0
-9.202597e-06	-0.000285808	0.0
-8.842746e-06	-0.000292927	0.0
-9.875631e-06	-0.0003003284	0.0
-1.057139e-05	-0.0003085584	0.0
-1.058092e-05	-0.0003156902	0.0
-9.872681e-06	-0.0003236385	0.0
-1.149448e-05	-0.0003313172	0.0
-9.771441e-06	-0.0003398139	0.0
-1.032939e-05	-0.0003483125	0.0
-1.057106e-05	-0.0003573657	0.0
-9.990592e-06	-0.0003654509	0.0
-1.044145e-05	-0.000375179	0.0
-1.113915e-05	-0.0003846323	0.0
-1.079539e-05	-0.0003957353	0.0
-1.079101e-05	-0.000405472	0.0
-1.067634e-05	-0.000416302	0.0
-1.08944e-05	-0.0004261792	0.0
-1.205621e-05	-0.0004368612	0.0
-1.147419e-05	-0.0004485159	0.0
-1.297046e-05	-0.0004602972	0.0
-1.229317e-05	-0.0004738762	0.0
-1.148239e-05	-0.0004852548	0.0
-1.077915e-05	-0.000498953	0.0
-1.169472e-05	-0.0005122431	0.0
-1.215791e-05	-0.0005274688	0.0
-1.307474e-05	-0.0005402188	0.0
-1.366447e-05	-0.0005561054	0.0
-1.329987e-05	-0.0005707876	0.0
-1.550175e-05	-0.000585993	0.0
-1.366811e-05	-0.0006027099	0.0
-1.422267e-05	-0.0006195786	0.0
-1.468991e-05	-0.0006366989	0.0
-1.514607e-05	-0.0006558854	0.0
-1.527881e-05	-0.0006739869	0.0
-1.364928e-05	-0.0006930241	0.0
-1.558991e-05	-0.0007131717	0.0
-1.619243e-05	-0.0007333207	0.0
-1.548903e-05	-0.0007545576	0.0
-1.686162e-05	-0.000777309	0.0
-1.790076e-05	-0.0007999332	0.0
-1.883877e-05	-0.0008225333	0.0
-1.768143e-05	-0.0008481374	0.0
-1.881992e-05	-0.0008746061	0.0
-1.906451e-05	-0.0008999642	0.0
-1.905254e-05	-0.0009274905	0.0
-2.009235e-05	-0.0009561537	0.0
-1.997877e-05	-0.0009834217	0.0
-2.044239e-05	-0.001014376	0.0
-2.019659e-05	-0.001046031	0.0
-2.216151e-05	-0.001079064	0.0
-2.158857e-05	-0.001112503	0.0
-2.296581e-05	-0.001147458	0.0
-2.296441e-05	-0.001182791	0.0
-2.45783e-05	-0.001222392	0.0
-2.446553e-05	-0.001260661	0.0
-2.584253e-05	-0.001299853	0.0
-2.630699e-05	-0.001342331	0.0
-2.712158e-05	-0.001386197	0.0
-2.676149e-05	-0.001430474	0.0
-2.906687e-05	-0.001476517	0.0
-2.896009e-05	-0.001526515	0.0
-2.999678e-05	-0.001578078	0.0
-2.987197e-05	-0.001629196	0.0
-3.251233e-05	-0.001684405	0.0
-3.368485e-05	-0.001741438	0.0
-3.414132e-05	-0.001798859	0.0
-3.573936e-05	-0.00186068	0.0
-3.840088e-05	-0.001922898	0.0
-3.864868e-05	-0.001989632	0.0
-3.897568e-05	-0.002057489	0.0
-4.139153e-05	-0.002128188	0.0
-4.267535e-05	-0.002202866	0.0
-4.324357e-05	-0.002279608	0.0
-4.542274e-05	-0.002359105	0.0
-4.773661e-05	-0.002441456	0.0
-4.92358e-05	-0.002527104	0.0
-5.164428e-05	-0.002615753	0.0
-5.498791e-05	-0.002708266	0.0
-5.754105e-05	-0.002803546	0.0
-5.914579e-05	-0.002903711	0.0
-6.237785e-05	-0.003006215	0.0
-6.399045e-05	-0.003115162	0.0
-6.778437e-05	-0.003224817	0.0
-7.124415e-05	-0.003340898	0.0
-7.506662e-05	-0.003459038	0.0
-7.666735e-05	-0.003581257	0.0
-8.219323e-05	-0.003710795	0.0
-8.554903e-05	-0.00384349	0.0
-9.027092e-05	-0.003979954	0.0
-9.441296e-05	-0.004121108	0.0
-0.0001005333	-0.004266818	0.0
-0.0001039999	-0.004417453	0.0
-0.0001097494	-0.004572082	0.0
-0.0001152898	-0.004731025	0.0
-0.0001210564	-0.004895655	0.0
-0.0001269311	-0.005064294	0.0
-0.0001344138	-0.005235374	0.0
-0.0001421557	-0.00541086	0.0
-0.0001488392	-0.00559087	0.0
-0.0001575956	-0.005773695	0.0
-0.0001661337	-0.005959318	0.0
-0.000174904	-0.006147463	0.0
-0.0001830913	-0.006335894	0.0
-0.0001928801	-0.006526053	0.0
-0.0002033932	-0.006715284	0.0
-0.0002127285	-0.006905679	0.0
-0.00022426	-0.007091369	0.0
-0.0002346458	-0.007274705	0.0
-0.0002465183	-0.007451016	0.0
-0.0002582992	-0.007621581	0.0
-0.0002697062	-0.007781036	0.0
-0.0002832006	-0.007929064	0.0
-0.000295217	-0.008061064	0.0
-0.0003068588	-0.008174057	0.0
-0.0003196632	-0.008262997	0.0
-0.000331111	-0.008325937	0.0
-0.0003413687	-0.008355214	0.0
-0.0003535966	-0.008343225	0.0
-0.000363548	-0.008283421	0.0
-0.0003719775	-0.008167678	0.0
-0.0003792691	-0.007984533	0.0
-0.0003848101	-0.007721708	0.0
-0.000390715	-0.007366909	0.0
-0.0003931601	-0.006903331	0.0
-0.0003953692	-0.006311105	0.0
-0.0003940252	-0.005570102	0.0
-0.0003902402	-0.004656753	0.0
-0.0003844855	-0.003542999	0.0
-0.0003774705	-0.002199893	0.0
-0.0003673452	-0.0005932761	0.0
-0.0003545648	0.001313672	0.0
-0.0003387653	0.003559653	0.0
-0.0003221562	0.006188392	0.0
-0.0003020825	0.009251025	0.0
-0.0002801589	0.01275762	0.0
-0.0002540417	0.01680638	0.0
-0.0002290798	0.02138328	0.0
-0.000197879	0.02653513	0.0
-0.0001659205	0.03232628	0.0
-0.0001305855	0.03869639	0.0
-9.509397e-05	0.04567898	0.0
-5.471473e-05	0.05323664	0.0
-1.332019e-05	0.06130224	0.0
2.970453e-05	0.06981393	0.0
7.858574e-05	0.07864202	0.0
0.000127334	0.08765523	0.0
0.0001774746	0.09669787	0.0
0.0002324048	0.1055564	0.0
0.0002872561	0.1140635	0.0
0.0003440597	0.1219704	0.0
0.0004012265	0.1290711	0.0
0.000456921	0.1351237	0.0
0.0005146143	0.139913	0.0
0.0005680272	0.1432274	0.0
0.0006210738	0.1448663	0.0
0.0006678327	0.1446638	0.0
0.0007120841	0.1424652	0.0
0.0007499412	0.1381668	0.0
0.0007804742	0.1316795	0.0
0.0008023281	0.1229983	0.0
0.0008141334	0.1120819	0.0
0.0008170013	0.09898961	0.0
0.000807874	0.08381353	0.0
0.0007874022	0.06667564	0.0
0.0007524044	0.04775466	0.0
0.0007066691	0.02724428	0.0
0.0006458659	0.005367751	0.0
0.00057462	-0.01763226	0.0
0.0004925717	-0.04141754	0.0
0.0004000858	-0.06574566	0.0
0.0002980339	-0.09022923	0.0
0.000191164	-0.1146108	0.0
7.85356e-05	-0.138545	0.0
-3.98191e-05	-0.1617237	0.0
-0.0001567935	-0.1837888	0.0
-0.0002774071	-0.204452	0.0
-0.0003903493	-0.2234203	0.0
-0.0005057768	-0.2404285	0.0
-0.0006131812	-0.2552496	0.0
-0.0007148879	-0.2676415	0.0
-0.0008128005	-0.2774187	0.0
-0.0008969601	-0.2844333	0.0
-0.0009787625	-0.2885383	0.0
-0.001046083	-0.2896404	0.0
-0.0011055	-0.2876502	0.0
-0.001155204	-0.2825301	0.0
-0.001190634	-0.2742806	0.0
-0.001221741	-0.2629205	0.0
-0.001236451	-0.2485134	0.0
-0.001243023	-0.2311963	0.0
-0.001234914	-0.2110955	0.0
-0.001218873	-0.1884156	0.0
-0.001189741	-0.1633945	0.0
-0.001149968	-0.1363306	0.0
-0.001099699	-0.107503	0.0
-0.001037486	-0.07722227	0.0
-0.0009684861	-0.04588493	0.0
-0.0008871859	-0.01386222	0.0
-0.0007992593	0.01850696	0.0
-0.0007018929	0.05084713	0.0
-0.0005963406	0.08273621	0.0
-0.0004842475	0.1138086	0.0
-0.0003699272	0.1437327	0.0
-0.0002462708	0.1720354	0.0
-0.0001250578	0.1985061	0.0
2.069065e-06	0.2226362	0.0
0.0001287262	0.2443213	0.0
0.0002506562	0.2631557	0.0
0.0003766737	0.2789865	0.0
0.0004925196	0.2916229	0.0
0.0006038698	0.3008752	0.0
0.0007136196	0.306675	0.0
0.0008105702	0.3089413	0.0
0.0008998887	0.3076398	0.0
0.000980153	0.3027681	0.0
0.001047361	0.294401	0.0
0.00110674	0.2826041	0.0
0.001148924	0.2675139	0.0
0.001180838	0.249301	0.0
0.001201887	0.2281617	0.0
0.001205301	0.2043362	0.0
0.001198296	0.1781427	0.0
0.001176058	0.1498588	0.0
0.001145686	0.1198858	0.0
0.001099469	0.08863541	0.0
0.001044589	0.05633559	0.0
0.0009783194	0.02347831	0.0
0.0009022301	-0.009587679	0.0
0.000818052	-0.0424234	0.0
0.0007278772	-0.07470656	0.0
0.0006314975	-0.1059105	0.0
0.0005321597	-0.1358232	0.0
0.0004308216	-0.1639059	0.0
0.0003265866	-0.1900082	0.0
0.0002246397	-0.2136175	0.0
0.000122063	-0.2345864	0.0
2.259794e-05	-0.2526444	0.0
-7.132282e-05	-0.2675486	0.0
-0.0001619264	-0.2791592	0.0
-0.0002459912	-0.2873351	0.0
-0.0003239708	-0.2919821	0.0
-0.0003964744	-0.2930571	0.0
-0.0004568303	-0.2905487	0.0
-0.0005143916	-0.284493	0.0
-0.0005596026	-0.2749442	0.0
-0.0005977564	-0.2620274	0.0
-0.0006291337	-0.2458843	0.0
-0.0006478574	-0.2266957	0.0
-0.0006607939	-0.2046901	0.0
-0.0006646546	-0.1801297	0.0
-0.0006587342	-0.1533704	0.0
-0.0006459016	-0.1246645	0.0
-0.0006248032	-0.09440716	0.0
-0.0005942459	-0.06297945	0.0
-0.0005565641	-0.03075759	0.0
-0.0005112757	0.001847644	0.0
-0.0004584456	0.03447877	0.0
-0.000399257	0.06661667	0.0
-0.0003351616	0.09805144	0.0
-0.0002652414	0.1283029	0.0
-0.000189049	0.1570396	0.0
-0.0001108916	0.1838808	0.0
-3.032481e-05	0.208501	0.0
5.492991e-05	0.2305804	0.0
0.0001379049	0.2498685	0.0
0.0002211558	0.2661339	0.0
0.0003020211	0.2791598	0.0
0.0003788077	0.2888577	0.0
0.0004503824	0.2950339	0.0
0.0005158098	0.297686	0.0
0.0005754273	0.2967597	0.0
0.0006217287	0.2922644	0.0
0.000664031	0.2842547	0.0
0.0006924427	0.2727931	0.0
0.0007116409	0.2580332	0.0
0.0007205128	0.2401522	0.0
0.0007168819	0.2193462	0.0
0.0007067176	0.1958523	0.0
0.0006848163	0.169959	0.0
0.0006534207	0.1419786	0.0
0.0006142053	0.1123485	0.0
0.0005688132	0.0813128	0.0
0.0005158371	0.04928359	0.0
0.0004581844	0.01669388	0.0
0.0003978644	-0.01610987	0.0
0.0003357104	-0.0486885	0.0
0.0002716936	-0.08074218	0.0
0.0002071108	-0.1117418	0.0
0.0001440229	-0.141467	0.0
8.35894e-05	-0.1693383	0.0
2.080321e-05	-0.1952231	0.0
-3.486023e-05	-0.2186313	0.0
-9.207525e-05	-0.2393852	0.0
-0.000142206	-0.2572317	0.0
-0.0001892596	-0.2718959	0.0
-0.000234199	-0.2832721	0.0
-0.0002728231	-0.2912143	0.0
-0.0003066941	-0.2956308	0.0
-0.0003329322	-0.2964686	0.0
-0.0003559468	-0.293722	0.0
-0.0003703566	-0.2874143	0.0
-0.0003762774	-0.2776248	0.0
-0.0003727663	-0.2644507	0.0
-0.0003623903	-0.2480558	0.0
-0.0003355324	-0.2285981	0.0
-0.0003030093	-0.2063762	0.0
-0.0002555031	-0.1815916	0.0
-0.0001997266	-0.1545802	0.0
-0.0001282078	-0.1256622	0.0
-4.57852e-05	-0.0951905	0.0
4.85188e-05	-0.0635195	0.0
0.0001524703	-0.03110884	0.0
0.0002664948	0.001695256	0.0
0.0003876213	0.03441817	0.0
0.0005152387	0.06680799	0.0
0.0006456529	0.09838288	0.0
0.0007781705	0.1288117	0.0
0.0009128455	0.1575957	0.0
0.001042065	0.1845242	0.0
0.001166158	0.2091694	0.0
0.001286474	0.2312754	0.0
0.001392055	0.2505878	0.0
0.001493462	0.2668493	0.0
0.001575595	0.2798863	0.0
0.001648204	0.289545	0.0
0.001705679	0.2957078	0.0
0.001743504	0.2983261	0.0
0.001767425	0.297353	0.0
0.001773545	0.2928135	0.0
0.001760908	0.284746	0.0
0.001736051	0.2732515	0.0
0.001691271	0.2584397	0.0
0.001630781	0.2405006	0.0
0.001558363	0.219659	0.0
0.001469769	0.196114	0.0
0.001373342	0.1701698	0.0
0.001259463	0.1421441	0.0
0.001141185	0.1124035	0.0
0.001011709	0.08126398	0.0
0.0008755939	0.04917591	0.0
0.0007368191	0.01648683	0.0
0.0005918771	-0.01640796	0.0
0.000443835	-0.04903365	0.0
0.0002973171	-0.08106603	0.0
0.0001493005	-0.1121648	0.0
5.662944e-06	-0.1418848	0.0
-0.0001354615	-0.169888	0.0
-0.000274063	-0.1958109	0.0
-0.0004014322	-0.219356	0.0
-0.0005282394	-0.2401678	0.0
-0.0006438858	-0.2580805	0.0
-0.0007494611	-0.2728408	0.0
-0.0008509851	-0.2842894	0.0
-0.0009334818	-0.2922896	0.0
-0.00101556	-0.2967474	0.0
-0.001074581	-0.2976246	0.0
-0.001132599	-0.2948991	0.0
-0.00117074	-0.2886202	0.0
-0.001197258	-0.2788367	0.0
-0.001216766	-0.2656664	0.0
-0.001215067	-0.2492464	0.0
-0.001207723	-0.2297837	0.0
-0.001182251	-0.2074797	0.0
-0.001147082	-0.1827177	0.0
-0.001097966	-0.1556625	0.0
-0.001036745	-0.1266851	0.0
-0.0009687789	-0.0961972	0.0
-0.0008857988	-0.0645211	0.0
-0.0007964537	-0.03209413	0.0
-0.0006977807	0.0007085301	0.0
-0.0005937323	0.0335184	0.0
-0.0004820309	0.06588191	0.0
-0.0003677993	0.09751388	0.0
-0.0002504373	0.1278898	0.0
-0.0001351379	0.1567883	0.0
-1.760469e-05	0.1836793	0.0
9.695248e-05	0.208373	0.0
0.0002074615	0.2305105	0.0
0.0003119801	0.249843	0.0
0.0004098624	0.2661133	0.0
0.0005004045	0.279176	0.0
0.0005822135	0.28883	0.0
0.0006532657	0.2950221	0.0
0.0007117288	0.2976506	0.0
0.0007612603	0.2967026	0.0
0.000792685	0.2921786	0.0
0.0008208275	0.2841345	0.0
0.000826912	0.2726443	0.0
0.0008225494	0.2578958	0.0
0.0008061989	0.2399844	0.0
0.0007717651	0.2191418	0.0
0.0007312631	0.1956309	0.0
0.0006728248	0.1697025	0.0
0.0006026247	0.1417151	0.0
0.0005232915	0.1119779	0.0
0.0004310668	0.0809374	0.0
0.0003323867	0.04889924	0.0
0.0002226907	0.01624424	0.0
0.0001082707	-0.01660373	0.0
-1.290492e-05	-0.04922599	0.0
-0.0001369135	-0.08129841	0.0
-0.0002637834	-0.112382	0.0
-0.0003905086	-0.1421378	0.0
-0.0005175215	-0.1701382	0.0
-0.0006422675	-0.1960792	0.0
-0.0007637753	-0.2197264	0.0
-0.0008821948	-0.2405158	0.0
-0.0009915584	-0.2584697	0.0
-0.001096934	-0.2733153	0.0
-0.001189342	-0.2848215	0.0
-0.001274326	-0.292897	0.0
-0.001348527	-0.2974418	0.0
-0.001406822	-0.2984112	0.0
-0.001459547	-0.2957863	0.0
-0.001490879	-0.2895991	0.0
-0.001512668	-0.2799132	0.0
-0.001521076	-0.2668396	0.0
-0.001507808	-0.2504998	0.0
-0.001486094	-0.2311446	0.0
-0.001449049	-0.2089478	0.0
-0.001395764	-0.1841964	0.0
-0.001332158	-0.1571971	0.0
-0.001253354	-0.1282528	0.0
-0.00116398	-0.09776141	0.0
-0.001067028	-0.06605984	0.0
-0.0009599461	-0.0336049	0.0
-0.0008478746	-0.0007485855	0.0
-0.0007267219	0.03213628	0.0
-0.0006047262	0.0645974	0.0
-0.0004800041	0.09629278	0.0
-0.0003551635	0.126814	0.0
-0.0002298195	0.1557823	0.0
-0.0001095375	0.1828339	0.0
7.262941e-06	0.2076638	0.0
0.0001220935	0.2298923	0.0
0.0002234806	0.2493621	0.0
0.0003258444	0.2657423	0.0
0.000414233	0.2789232	0.0
0.0004956261	0.2887086	0.0
0.0005697111	0.2950093	0.0
0.000628013	0.2977529	0.0
0.0006853114	0.2969039	0.0
0.0007214897	0.2924807	0.0
0.000755447	0.2845275	0.0
0.0007728551	0.2731414	0.0
0.0007812537	0.2584378	0.0
0.0007814062	0.2406025	0.0
0.0007649159	0.2198377	0.0
0.0007433691	0.1963943	0.0
0.0007092383	0.1705011	0.0
0.0006673806	0.1425597	0.0
0.0006142872	0.1129242	0.0
0.0005505825	0.0818793	0.0
0.0004803393	0.04986913	0.0
0.0003983054	0.0171967	0.0
0.0003089938	-0.01563809	0.0
0.0002123397	-0.04822791	0.0
0.0001067794	-0.08026039	0.0
-4.789971e-06	-0.1113423	0.0
-0.0001225263	-0.1410529	0.0
-0.0002460007	-0.1690969	0.0
-0.0003738004	-0.1950082	0.0
-0.0005067236	-0.2185702	0.0
-0.0006384412	-0.239475	0.0
-0.0007716416	-0.2574363	0.0
-0.000903055	-0.2722881	0.0
-0.001030419	-0.2838339	0.0
-0.001155404	-0.2919497	0.0
-0.001268545	-0.296541	0.0
-0.001381481	-0.2975605	0.0
-0.001471518	-0.2950018	0.0
-0.001558514	-0.2888841	0.0
-0.001625631	-0.2792621	0.0
-0.001681377	-0.2662515	0.0
-0.001717377	-0.2500045	0.0
-0.001736222	-0.2307511	0.0
-0.001738489	-0.2086592	0.0
-0.001721009	-0.1839918	0.0
-0.001686053	-0.1570795	0.0
-0.00163103	-0.1282769	0.0
-0.001562861	-0.09790877	0.0
-0.001475667	-0.06635379	0.0
-0.00137315	-0.03397385	0.0
-0.001256872	-0.001254333	0.0
-0.00112867	0.03151696	0.0
-0.0009906967	0.0638905	0.0
-0.0008443321	0.09548325	0.0
-0.0006917326	0.1259077	0.0
-0.0005331115	0.154804	0.0
-0.0003744245	0.1817822	0.0
-0.0002142941	0.2065733	0.0
-5.6187e-05	0.2287432	0.0
9.383629e-05	0.2481558	0.0
0.0002408123	0.2645325	0.0
0.0003774547	0.2777043	0.0
0.0005067541	0.2875072	0.0
0.0006228487	0.2938174	0.0
0.0007239468	0.2965848	0.0
0.0008151011	0.2957663	0.0
0.0008895262	0.2913812	0.0
0.0009506947	0.2834658	0.0
0.0009992825	0.2721131	0.0
0.001034582	0.2574491	0.0
0.001054854	0.2396528	0.0
0.001065218	0.2189195	0.0
0.001060279	0.1954912	0.0
0.001047343	0.1696602	0.0
0.001024046	0.1417633	0.0
0.0009921402	0.1121807	0.0
0.0009493067	0.0811663	0.0
0.0009022403	0.04917356	0.0
0.000845936	0.01656711	0.0
0.0007842123	-0.01621839	0.0
0.0007166201	-0.0487434	0.0
0.0006444016	-0.08073312	0.0
0.0005650437	-0.1117763	0.0
0.0004831986	-0.141385	0.0
0.000395403	-0.1693062	0.0
0.000305311	-0.1951558	0.0
0.0002134545	-0.2185788	0.0
0.0001199192	-0.2393289	0.0
2.594803e-05	-0.2571769	0.0
-6.749904e-05	-0.2718841	0.0
-0.0001593478	-0.2832825	0.0
-0.0002463434	-0.2912567	0.0
-0.0003322678	-0.2956955	0.0
-0.0004087551	-0.2965638	0.0
-0.0004803933	-0.2938476	0.0
-0.0005430227	-0.2875791	0.0
-0.0005970431	-0.2778182	0.0
-0.000643752	-0.2646874	0.0
-0.0006787836	-0.2482931	0.0
-0.0007020688	-0.2289903	0.0
-0.0007170782	-0.2068134	0.0
-0.0007203097	-0.1820846	0.0
-0.0007098592	-0.1551129	0.0
-0.000690078	-0.1262556	0.0
-0.000658542	-0.0958439	0.0
-0.000616973	-0.06417216	0.0
-0.0005671566	-0.031806	0.0
-0.0005064607	0.0008521947	0.0
-0.0004390607	0.03359754	0.0
-0.0003617044	0.06603774	0.0
-0.0002828882	0.09759974	0.0
-0.0001977531	0.1279891	0.0
-0.0001098487	0.1568635	0.0
-1.770589e-05	0.1837925	0.0
7.13819e-05	0.2085331	0.0
0.0001637299	0.2306782	0.0
0.0002519051	0.2500705	0.0
0.0003372442	0.2664097	0.0
0.0004190302	0.2795364	0.0
0.0004937159	0.2892856	0.0
0.0005639639	0.2955524	0.0
0.0006248942	0.2982671	0.0
0.0006814055	0.2973909	0.0
0.0007254376	0.2929442	0.0
0.0007640725	0.28497	0.0
0.0007894248	0.2735577	0.0
0.0008104828	0.2588411	0.0
0.0008152587	0.2409672	0.0
0.0008135742	0.2201553	0.0
0.0007998347	0.1966508	0.0
0.0007757919	0.1707384	0.0
0.0007443936	0.1428083	0.0
0.0007003511	0.1130947	0.0
0.0006457251	0.08198518	0.0
0.0005851648	0.04991953	0.0
0.0005141947	0.01724071	0.0
0.0004397936	-0.01562543	0.0
0.0003571072	-0.04825364	0.0
0.0002676889	-0.08028819	0.0
0.0001772652	-0.1114437	0.0
8.147987e-05	-0.1411697	0.0
-1.576895e-05	-0.169218	0.0
-0.0001111756	-0.1952173	0.0
-0.0002045123	-0.2187568	0.0
-0.0002969971	-0.239673	0.0
-0.0003869278	-0.2576175	0.0
-0.0004699451	-0.2724566	0.0
-0.0005501017	-0.2839906	0.0
-0.0006202477	-0.2920963	0.0
-0.0006830864	-0.2966722	0.0
-0.000738898	-0.2976779	0.0
-0.0007845855	-0.2950913	0.0
-0.000820439	-0.2889487	0.0
-0.0008476974	-0.2793047	0.0
-0.0008638509	-0.266268	0.0
-0.0008703917	-0.2499965	0.0
-0.0008655802	-0.230731	0.0
-0.0008472973	-0.2086139	0.0
-0.0008206826	-0.18393	0.0
-0.0007841164	-0.1569931	0.0
-0.0007356794	-0.1281249	0.0
-0.0006768575	-0.09770003	0.0
-0.0006066384	-0.06607164	0.0
-0.0005266253	-0.03367566	0.0
-0.0004421073	-0.000864481	0.0
-0.0003471869	0.03198425	0.0
-0.0002462296	0.0644403	0.0
-0.0001385103	0.09612916	0.0
-2.662539e-05	0.1266396	0.0
8.973258e-05	0.1556416	0.0
0.0002070357	0.1826792	0.0
0.0003218389	0.2075651	0.0
0.0004430529	0.2298243	0.0
0.0005565303	0.2493629	0.0
0.0006716428	0.265787	0.0
0.0007772759	0.279029	0.0
0.0008754849	0.2888869	0.0
0.0009723624	0.2952433	0.0
0.001048115	0.2980465	0.0
0.001125209	0.2972468	0.0
0.001181787	0.2928634	0.0
0.001232572	0.284947	0.0
0.001266912	0.2735733	0.0
0.001287656	0.258877	0.0
0.001300696	0.2410264	0.0
0.001294464	0.2202426	0.0
0.001280993	0.1967614	0.0
0.00125149	0.1708301	0.0
0.001212264	0.1428582	0.0
0.00116526	0.113105	0.0
0.001105475	0.08196314	0.0
0.001041448	0.04987409	0.0
0.0009691074	0.0171522	0.0
0.0008945642	-0.01577463	0.0
0.000817175	-0.04846625	0.0
0.0007380312	-0.08060359	0.0
0.0006583285	-0.1117715	0.0
0.0005802847	-0.1415471	0.0
0.0005045884	-0.1696556	0.0
0.0004350208	-0.1956193	0.0
0.0003688142	-0.2192317	0.0
0.0003059638	-0.2401764	0.0
0.0002531583	-0.2581871	0.0
0.0002044123	-0.273052	0.0
0.00016365	-0.2846021	0.0
0.00013483	-0.292723	0.0
0.0001069319	-0.2973106	0.0
9.49246e-05	-0.298322	0.0
8.685877e-05	-0.2957408	0.0
8.996703e-05	-0.2895977	0.0
9.845878e-05	-0.2799646	0.0
0.0001184802	-0.2669269	0.0
0.0001472444	-0.2506607	0.0
0.0001798354	-0.2313906	0.0
0.000224167	-0.2092591	0.0
0.0002720071	-0.1845682	0.0
0.0003278388	-0.1576101	0.0
0.0003893261	-0.1287621	0.0
0.0004558801	-0.09834506	0.0
0.0005279658	-0.06676676	0.0
0.0006022081	-0.0344153	0.0
0.0006797081	-0.001616638	0.0
0.0007564222	0.03108612	0.0
0.0008351053	0.06346126	0.0
0.0009107798	0.09504731	0.0
0.0009842468	0.1254526	0.0
0.001051601	0.1543652	0.0
0.001116321	0.1813212	0.0
0.001169838	0.2061335	0.0
0.001216497	0.2283119	0.0
0.001255122	0.2477553	0.0
0.001279937	0.2641054	0.0
0.001296938	0.2772728	0.0
0.001301107	0.2870764	0.0
0.00129274	0.2933904	0.0
0.001274566	0.2961723	0.0
0.001245692	0.2953764	0.0
0.00120202	0.2910112	0.0
0.001151768	0.2831209	0.0
0.001090797	0.2718015	0.0
0.001021582	0.2571692	0.0
0.0009424269	0.2393949	0.0
0.0008594646	0.2186928	0.0
0.0007694287	0.1952713	0.0
0.0006743593	0.1694923	0.0
0.0005772437	0.1416562	0.0
0.0004732249	0.1120701	0.0
0.000368979	0.08112942	0.0
0.0002624857	0.04919244	0.0
0.0001535676	0.01665417	0.0
4.290631e-05	-0.01600608	0.0
-6.728739e-05	-0.04857	0.0
-0.0001760168	-0.0804605	0.0
-0.0002842385	-0.1114343	0.0
-0.0003904672	-0.1410321	0.0
-0.0004914791	-0.1689097	0.0
-0.0005878698	-0.1947349	0.0
-0.0006805041	-0.2181777	0.0
-0.000766041	-0.2389795	0.0
-0.0008447708	-0.2568181	0.0
-0.0009129205	-0.2715599	0.0
-0.0009706747	-0.2830209	0.0
-0.001019089	-0.2910386	0.0
-0.001055312	-0.2955601	0.0
-0.001075067	-0.2965146	0.0
-0.001089938	-0.293896	0.0
-0.001081717	-0.2877281	0.0
-0.001067613	-0.2780772	0.0
-0.001033782	-0.2650501	0.0
-0.000992435	-0.2488028	0.0
-0.0009383024	-0.2295162	0.0
-0.0008704402	-0.2073958	0.0
-0.0007936375	-0.1828063	0.0
-0.0007068761	-0.1559461	0.0
-0.0006108696	-0.1271683	0.0
-0.0005082192	-0.09681784	0.0
-0.0003981322	-0.06529852	0.0
-0.0002876357	-0.03299285	0.0
-0.0001700787	-0.000248853	0.0
-5.454824e-05	0.03241061	0.0
6.132179e-05	0.06477042	0.0
0.000175673	0.09631103	0.0
0.0002891211	0.1266947	0.0
0.0003940191	0.1555774	0.0
0.0004971451	0.1825399	0.0
0.0005898299	0.2073039	0.0
0.0006735483	0.2295501	0.0
0.0007539759	0.248979	0.0
0.000816074	0.2654311	0.0
0.0008788931	0.2786055	0.0
0.0009227176	0.2884705	0.0
0.0009590828	0.2948262	0.0
0.0009856693	0.2976515	0.0
0.0009955246	0.2968885	0.0
0.001001728	0.2925559	0.0
0.0009869738	0.2846896	0.0
0.0009678503	0.2733952	0.0
0.0009346338	0.2587758	0.0
0.0008873094	0.2410101	0.0
0.0008347776	0.2203279	0.0
0.0007632123	0.1969312	0.0
0.0006904463	0.1711394	0.0
0.0006011431	0.143222	0.0
0.0005055331	0.1135571	0.0
0.0004024024	0.08250169	0.0
0.0002927028	0.05043736	0.0
0.0001779244	0.01788203	0.0
5.817455e-05	-0.01498734	0.0
-6.490804e-05	-0.04764779	0.0
-0.0001886461	-0.07974033	0.0
-0.0003124249	-0.1108765	0.0
-0.0004357036	-0.1406641	0.0
-0.0005569989	-0.1687384	0.0
-0.0006739069	-0.1947722	0.0
-0.0007855109	-0.2183736	0.0
-0.0008930487	-0.2393247	0.0
-0.0009906754	-0.2573642	0.0
-0.001082407	-0.2722694	0.0
-0.001166042	-0.2838709	0.0
-0.00123753	-0.2920262	0.0
-0.001302412	-0.2966573	0.0
-0.001354529	-0.2977218	0.0
-0.001397165	-0.2951964	0.0
-0.001427833	-0.2891108	0.0
-0.00144722	-0.2795326	0.0
-0.001455518	-0.2665708	0.0
-0.001451318	-0.2503715	0.0
-0.001436898	-0.2311179	0.0
-0.001411335	-0.2090556	0.0
-0.001373967	-0.1844273	0.0
-0.001326057	-0.1575544	0.0
-0.001265447	-0.1287521	0.0
-0.001197695	-0.09839722	0.0
-0.00111901	-0.0668539	0.0
-0.001031918	-0.03452226	0.0
-0.0009366306	-0.001844579	0.0
-0.0008326491	0.03090866	0.0
-0.0007217087	0.0632687	0.0
-0.0006067952	0.09484977	0.0
-0.0004864639	0.1252728	0.0
-0.0003625927	0.1541832	0.0
-0.0002386069	0.1811907	0.0
-0.00011258	0.205971	0.0
1.057642e-05	0.228238	0.0
0.0001321012	0.2476806	0.0
0.0002473464	0.2641453	0.0
0.0003587483	0.2773488	0.0
0.0004601126	0.2872218	0.0
0.0005527137	0.2936276	0.0
0.0006372384	0.2964833	0.0
0.0007041601	0.2957641	0.0
0.000765649	0.2914903	0.0
0.0008082416	0.2836859	0.0
0.0008382738	0.272441	0.0
0.0008542513	0.2578802	0.0
0.0008548248	0.2401758	0.0
0.0008432088	0.2195971	0.0
0.0008154736	0.196294	0.0
0.0007772983	0.1705682	0.0
0.0007252662	0.1427361	0.0
0.0006658356	0.1131345	0.0
0.0005948862	0.0821673	0.0
0.0005139271	0.0501653	0.0
0.0004305349	0.01755798	0.0
0.0003404469	-0.01522406	0.0
0.0002489524	-0.0478878	0.0
0.0001552626	-0.07998478	0.0
6.170389e-05	-0.1111303	0.0
-3.203284e-05	-0.1408958	0.0
-0.000121985	-0.1690011	0.0
-0.0002072504	-0.1949903	0.0
-0.0002905251	-0.2186098	0.0
-0.0003645052	-0.2395739	0.0
-0.0004370164	-0.2575976	0.0
-0.0005012395	-0.2725104	0.0
-0.0005567093	-0.2841036	0.0
-0.000610435	-0.2922622	0.0
-0.0006499339	-0.2968957	0.0
-0.0006879639	-0.2979348	0.0
-0.0007169429	-0.2953924	0.0
-0.0007350162	-0.2892594	0.0
-0.0007536134	-0.2796382	0.0
-0.0007539375	-0.2666117	0.0
-0.000755504	-0.2503859	0.0
-0.0007445005	-0.2310789	0.0
-0.0007250677	-0.2089784	0.0
-0.0007012992	-0.1843131	0.0
-0.0006667533	-0.1573078	0.0
-0.0006272173	-0.1285305	0.0
-0.0005786341	-0.09807064	0.0
-0.0005236521	-0.0665327	0.0
-0.0004641095	-0.03410406	0.0
-0.0003988543	-0.001326394	0.0
-0.0003317502	0.0314974	0.0
-0.0002587342	0.06392401	0.0
-0.0001873129	0.09563047	0.0
-0.0001137507	0.1260889	0.0
-4.264162e-05	0.1550596	0.0
2.401136e-05	0.1821403	0.0
9.020825e-05	0.2069993	0.0
0.0001480305	0.2293373	0.0
0.0002029024	0.2488681	0.0
0.0002504985	0.2653785	0.0
0.0002911982	0.2786845	0.0
0.0003237983	0.2885935	0.0
0.0003464515	0.2950224	0.0
0.0003676616	0.2978976	0.0
0.0003736797	0.2971869	0.0
0.0003741219	0.292898	0.0
0.0003688538	0.2850847	0.0
0.0003489352	0.2738208	0.0
0.0003292198	0.2592401	0.0
0.0002955481	0.2414708	0.0
0.0002596311	0.2208177	0.0
0.0002145622	0.1974345	0.0
0.0001666584	0.1716623	0.0
0.0001127849	0.1437749	0.0
5.499081e-05	0.1141047	0.0
-7.347526e-06	0.08312447	0.0
-7.268148e-05	0.05109584	0.0
-0.0001397923	0.01848593	0.0
-0.0002056036	-0.0143753	0.0
-0.0002739686	-0.04697942	0.0
-0.0003380768	-0.07904002	0.0
-0.0004024952	-0.1102032	0.0
-0.000462159	-0.1399413	0.0
-0.0005179505	-0.1679717	0.0
-0.0005688771	-0.1939569	0.0
-0.0006141763	-0.2175893	0.0
-0.0006529362	-0.2385339	0.0
-0.0006869681	-0.2565688	0.0
-0.0007106235	-0.2714834	0.0
-0.0007291911	-0.2831011	0.0
-0.0007402631	-0.2912976	0.0
-0.0007454262	-0.2959836	0.0
-0.0007398583	-0.2971061	0.0
-0.0007289578	-0.294643	0.0
-0.0007119556	-0.2886249	0.0
-0.000686584	-0.2791223	0.0
-0.0006540028	-0.2662323	0.0
-0.0006153996	-0.2501006	0.0
-0.0005685564	-0.2309143	0.0
-0.0005160842	-0.2088978	0.0
-0.0004564433	-0.1843227	0.0
-0.0003917835	-0.1574626	0.0
-0.0003190807	-0.1287272	0.0
-0.0002413214	-0.09837216	0.0
-0.0001566587	-0.06688824	0.0
-6.751112e-05	-0.03454916	0.0
2.82104e-05	-0.001791575	0.0
0.0001291653	0.03097837	0.0
0.0002333391	0.06337629	0.0
0.0003420773	0.094999	0.0
0.0004534811	0.1254672	0.0
0.0005668725	0.1544037	0.0
0.0006772105	0.181448	0.0
0.0007920381	0.2062605	0.0
0.0009005686	0.2285604	0.0
0.001006392	0.2480702	0.0
0.001104324	0.2645115	0.0
0.001198726	0.2777373	0.0
0.001280975	0.2876215	0.0
0.001352561	0.2940311	0.0
0.001411931	0.296884	0.0
0.001458349	0.296164	0.0
0.001492562	0.2918689	0.0
0.00150914	0.284052	0.0
0.001515204	0.272783	0.0
0.001502236	0.2582289	0.0
0.001474206	0.2405181	0.0
0.001433518	0.2198898	0.0
0.001374151	0.1965584	0.0
0.001306105	0.1707976	0.0
0.001220771	0.1429844	0.0
0.001125063	0.1134103	0.0
0.001017863	0.08244444	0.0
0.0008988965	0.05044757	0.0
0.0007747026	0.01791574	0.0
0.0006428002	-0.01487494	0.0
0.0005060171	-0.04747413	0.0
0.0003664702	-0.07955578	0.0
0.0002255821	-0.1105592	0.0
8.517536e-05	-0.1402411	0.0
-5.483372e-05	-0.1682337	0.0
-0.000189768	-0.1941617	0.0
-0.0003194163	-0.2177135	0.0
-0.0004432325	-0.2385949	0.0
-0.0005574488	-0.2565591	0.0
-0.0006625509	-0.2714031	0.0
-0.0007560154	-0.2829582	0.0
-0.0008394583	-0.2910864	0.0
-0.00090926	-0.295699	0.0
-0.0009639279	-0.2967398	0.0
-0.001007874	-0.2942009	0.0
-0.001036464	-0.2881125	0.0
-0.001051823	-0.2785528	0.0
-0.001053422	-0.2656128	0.0
-0.001040889	-0.2494515	0.0
-0.001018048	-0.2302186	0.0
-0.0009787184	-0.2082095	0.0
-0.0009314302	-0.1836487	0.0
-0.0008695554	-0.1567869	0.0
-0.000799824	-0.128086	0.0
-0.0007205394	-0.09775305	0.0
-0.0006332902	-0.0662723	0.0
-0.0005394025	-0.03398017	0.0
-0.0004396233	-0.00127821	0.0
-0.000336226	0.03155598	0.0
-0.0002306478	0.06378133	0.0
-0.0001255628	0.0953757	0.0
-1.852379e-05	0.1258189	0.0
8.612558e-05	0.1547666	0.0
0.0001873821	0.1818178	0.0
0.0002864097	0.2066513	0.0
0.0003797918	0.2289859	0.0
0.0004695933	0.2485358	0.0
0.0005511522	0.2651155	0.0
0.000628477	0.278407	0.0
0.0006942104	0.2883527	0.0
0.0007533074	0.2948173	0.0
0.000805952	0.2977367	0.0
0.0008440285	0.2970766	0.0
0.0008775969	0.2928446	0.0
0.0008970142	0.2850762	0.0
0.0009078657	0.2738621	0.0
0.0009072629	0.2593237	0.0
0.0008967089	0.2416077	0.0
0.0008735918	0.2209743	0.0
0.0008377014	0.1976269	0.0
0.0007930066	0.1718558	0.0
0.000734356	0.1439662	0.0
0.0006662665	0.1142796	0.0
0.0005877403	0.08331217	0.0
0.000500943	0.05125996	0.0
0.0004054829	0.01863676	0.0
0.0003033087	-0.01425455	0.0
0.0001973287	-0.04697444	0.0
8.860669e-05	-0.07911183	0.0
-2.203286e-05	-0.1102695	0.0
-0.0001312544	-0.1401263	0.0
-0.0002385489	-0.1682936	0.0
-0.0003429764	-0.194325	0.0
-0.0004396877	-0.2180041	0.0
-0.0005294047	-0.239003	0.0
-0.0006131069	-0.2570975	0.0
-0.0006808855	-0.272033	0.0
-0.0007480981	-0.2836772	0.0
-0.0007989471	-0.2918992	0.0
-0.0008394808	-0.2965835	0.0
-0.0008680185	-0.2976916	0.0
-0.0008845647	-0.2952129	0.0
-0.000893175	-0.2891544	0.0
-0.0008837036	-0.2796232	0.0
-0.0008702773	-0.2666816	0.0
-0.0008391797	-0.2505152	0.0
-0.0008035005	-0.231295	0.0
-0.0007586598	-0.2092443	0.0
-0.0007005177	-0.1846445	0.0
-0.0006392249	-0.1578002	0.0
-0.0005634282	-0.1289808	0.0
-0.0004837932	-0.09864254	0.0
-0.0003987893	-0.06710697	0.0
-0.0003050519	-0.03471806	0.0
-0.0002099057	-0.002030721	0.0
-0.000108269	0.03077238	0.0
-5.110679e-06	0.06312393	0.0
9.901971e-05	0.09479017	0.0
0.0002046551	0.1252091	0.0
0.0003085606	0.1541316	0.0
0.000410256	0.1811634	0.0
0.000509828	0.2059655	0.0
0.0006022704	0.2282463	0.0
0.0006914741	0.2477402	0.0
0.0007682064	0.2642273	0.0
0.0008366294	0.2774887	0.0
0.0008964693	0.2874071	0.0
0.0009394095	0.2938291	0.0
0.0009758008	0.2967094	0.0
0.0009911819	0.2960145	0.0
0.0009973027	0.2917479	0.0
0.0009861711	0.2839617	0.0
0.0009587304	0.2727404	0.0
0.000921119	0.2582152	0.0
0.0008647878	0.2405455	0.0
0.0007984068	0.2199366	0.0
0.0007179719	0.1966074	0.0
0.0006250379	0.1708958	0.0
0.0005244096	0.1430779	0.0
0.0004129619	0.1134405	0.0
0.0002976197	0.08253768	0.0
0.0001744477	0.0505336	0.0
4.848817e-05	0.01797422	0.0
-7.8483e-05	-0.01483955	0.0
-0.0002062053	-0.04744791	0.0
-0.000330854	-0.0795152	0.0
-0.0004525837	-0.1106219	0.0
-0.0005702272	-0.140399	0.0
-0.0006782657	-0.1685441	0.0
-0.0007833802	-0.1945531	0.0
-0.0008761605	-0.2182113	0.0
-0.0009626127	-0.2392101	0.0
-0.00103706	-0.2573158	0.0
-0.001098835	-0.2722998	0.0
-0.001151865	-0.2839781	0.0
-0.001188168	-0.2922224	0.0
-0.001216349	-0.2969451	0.0
-0.001229681	-0.2980949	0.0
-0.001230088	-0.2956534	0.0
-0.001220241	-0.2896377	0.0
-0.001194504	-0.2801437	0.0
-0.001162071	-0.2672381	0.0
-0.001108962	-0.2511097	0.0
-0.001049215	-0.2319112	0.0
-0.0009790311	-0.2098942	0.0
-0.0008964787	-0.1852899	0.0
-0.0008028008	-0.1584323	0.0
-0.0007007134	-0.1296026	0.0
-0.0005910361	-0.09925467	0.0
-0.0004724817	-0.06767632	0.0
-0.0003488807	-0.03526167	0.0
-0.0002207574	-0.002522635	0.0
-8.984394e-05	0.03034446	0.0
4.157562e-05	0.06277438	0.0
0.0001738579	0.09445028	0.0
0.0003032969	0.1250294	0.0
0.0004282346	0.1540538	0.0
0.000548408	0.1811824	0.0
0.0006663802	0.2061084	0.0
0.0007717024	0.2285229	0.0
0.0008709667	0.2481349	0.0
0.0009602128	0.2647504	0.0
0.001038043	0.2781363	0.0
0.001107195	0.2881607	0.0
0.00115918	0.2947105	0.0
0.001207615	0.2977064	0.0
0.001236334	0.2971206	0.0
0.001257497	0.2929571	0.0
0.001263403	0.2852574	0.0
0.001256769	0.2740982	0.0
0.001240822	0.2596481	0.0
0.001206482	0.2420271	0.0
0.001165285	0.2214392	0.0
0.001109669	0.1981431	0.0
0.001040792	0.172437	0.0
0.000966983	0.1445041	0.0
0.0008759461	0.1150384	0.0
0.0007793643	0.08408684	0.0
0.0006724129	0.05194706	0.0
0.0005606006	0.01949461	0.0
0.000439693	-0.01334889	0.0
0.0003142456	-0.04601661	0.0
0.0001861213	-0.07822078	0.0
5.581992e-05	-0.1093733	0.0
-7.392278e-05	-0.1391729	0.0
-0.0002063009	-0.1673114	0.0
-0.0003327908	-0.1933137	0.0
-0.000460076	-0.216929	0.0
-0.0005787226	-0.2378967	0.0
-0.0006920114	-0.2559476	0.0
-0.0007995772	-0.270881	0.0
-0.0008954108	-0.2825002	0.0
-0.0009838258	-0.290684	0.0
-0.001063959	-0.2953438	0.0
-0.001127679	-0.2964246	0.0
-0.001183938	-0.2939124	0.0
-0.00122091	-0.2878513	0.0
-0.001251561	-0.2782969	0.0
-0.001264019	-0.2653683	0.0
-0.001264027	-0.2491956	0.0
-0.001250531	-0.2299914	0.0
-0.001220337	-0.2079607	0.0
-0.001176471	-0.1833414	0.0
-0.001121271	-0.1565579	0.0
-0.001048796	-0.1277954	0.0
-0.0009649679	-0.09751153	0.0
-0.0008687192	-0.06603884	0.0
-0.0007614282	-0.03377421	0.0
-0.0006447847	-0.001067491	0.0
-0.0005185487	0.03156241	0.0
-0.0003846053	0.06390618	0.0
-0.0002484413	0.09538417	0.0
-0.0001046643	0.125733	0.0
3.923728e-05	0.1546071	0.0
0.0001852096	0.1815353	0.0
0.0003290429	0.2062734	0.0
0.0004681068	0.2284985	0.0
0.0006053731	0.2479301	0.0
0.0007310788	0.2643611	0.0
0.0008501748	0.277584	0.0
0.0009609984	0.2874654	0.0
0.001056307	0.2938867	0.0
0.001141535	0.2967641	0.0
0.001204624	0.2960902	0.0
0.00125599	0.2918466	0.0
0.001288806	0.2841052	0.0
0.00130283	0.2729233	0.0
0.00130249	0.258447	0.0
0.00127717	0.2408167	0.0
0.001239343	0.2202664	0.0
0.00117972	0.1969947	0.0
0.001103492	0.1713536	0.0
0.001010896	0.143582	0.0
0.0009026606	0.1140141	0.0
0.0007853033	0.08318178	0.0
0.0006512108	0.05125076	0.0
0.0005100751	0.01872963	0.0
0.0003611222	-0.01404571	0.0
0.0002052193	-0.04664896	0.0
4.721218e-05	-0.07869032	0.0
-0.0001134078	-0.1097488	0.0
-0.0002730816	-0.1395392	0.0
-0.0004292515	-0.167558	0.0
-0.0005831288	-0.1935457	0.0
-0.0007288731	-0.2172065	0.0
-0.0008652123	-0.2381757	0.0
-0.0009928008	-0.2562502	0.0
-0.00110757	-0.2712114	0.0
-0.001211963	-0.282878	0.0
-0.001300468	-0.2911267	0.0
-0.001376223	-0.295862	0.0
-0.00143474	-0.2970301	0.0
-0.001475857	-0.2946166	0.0
-0.001506316	-0.2886336	0.0
-0.001513401	-0.2791759	0.0
-0.001510335	-0.2663246	0.0
-0.001489557	-0.2502286	0.0
-0.001452275	-0.2310659	0.0
-0.001401784	-0.209087	0.0
-0.001333466	-0.1845225	0.0
-0.00125722	-0.1577239	0.0
-0.001165721	-0.1289829	0.0
-0.001063522	-0.09861196	0.0
-0.0009556171	-0.06713918	0.0
-0.0008328527	-0.03480259	0.0
-0.0007057285	-0.002058285	0.0
-0.0005720762	0.03071159	0.0
-0.000432599	0.06313492	0.0
-0.0002891892	0.09473801	0.0
-0.0001440915	0.1252241	0.0
3.456313e-06	0.1541599	0.0
0.0001499902	0.1812236	0.0
0.0002987565	0.2060485	0.0
0.0004451535	0.2283342	0.0
0.0005848975	0.2478284	0.0
0.0007234474	0.2643237	0.0
0.0008547141	0.2775594	0.0
0.0009772251	0.2874353	0.0
0.001095236	0.2938439	0.0
0.001198952	0.2967059	0.0
0.00129422	0.2959903	0.0
0.001372778	0.2917002	0.0
0.001441779	0.2838875	0.0
0.001495456	0.2726293	0.0
0.001532579	0.2580637	0.0
0.001554006	0.2403604	0.0
0.00155593	0.2196837	0.0
0.001542421	0.1963958	0.0
0.001511724	0.1706501	0.0
0.001460915	0.1428244	0.0
0.001396182	0.1132439	0.0
0.001311761	0.08226404	0.0
0.001213407	0.05031047	0.0
0.001099073	0.01771326	0.0
0.0009737901	-0.01508822	0.0
0.0008347691	-0.04770763	0.0
0.0006865053	-0.07973686	0.0
0.000530643	-0.1108564	0.0
0.0003701395	-0.1405751	0.0
0.0002024781	-0.1685946	0.0
3.657378e-05	-0.1945949	0.0
-0.0001323526	-0.2182344	0.0
-0.0002973589	-0.2391984	0.0
-0.0004561667	-0.257257	0.0
-0.0006119186	-0.2721954	0.0
-0.0007513553	-0.2838598	0.0
-0.0008831415	-0.2920911	0.0
-0.0009996918	-0.2968071	0.0
-0.001101548	-0.2979559	0.0
-0.001188466	-0.2955215	0.0
-0.001256916	-0.2895219	0.0
-0.001306004	-0.2800386	0.0
-0.001342056	-0.2671796	0.0
-0.0013498	-0.2510615	0.0
-0.001346959	-0.2318956	0.0
-0.00132102	-0.2098891	0.0
-0.001276439	-0.1852639	0.0
-0.001218806	-0.1584431	0.0
-0.001138204	-0.1296589	0.0
-0.001048379	-0.09928861	0.0
-0.0009404939	-0.06778093	0.0
-0.0008226848	-0.03544594	0.0
-0.0006943557	-0.002657454	0.0
-0.000556866	0.03015356	0.0
-0.0004128118	0.06256869	0.0
-0.0002665726	0.09422745	0.0
-0.0001174872	0.1247196	0.0
3.165997e-05	0.1537471	0.0
0.0001781263	0.1808769	0.0
0.0003233126	0.205786	0.0
0.0004586136	0.2282077	0.0
0.0005899603	0.2478071	0.0
0.0007073817	0.2644233	0.0
0.0008152066	0.27781	0.0
0.0009141742	0.2878572	0.0
0.0009893723	0.2944084	0.0
0.001061703	0.2974125	0.0
0.001106393	0.2968459	0.0
0.00114002	0.2927029	0.0
0.00115828	0.2850311	0.0
0.001157111	0.2739114	0.0
0.001142295	0.2594717	0.0
0.001108636	0.2418591	0.0
0.001062265	0.2213033	0.0
0.001000593	0.1980383	0.0
0.0009274204	0.1723118	0.0
0.0008441136	0.1445494	0.0
0.000749049	0.1149648	0.0
0.0006497682	0.08401216	0.0
0.0005403635	0.05201507	0.0
0.0004279983	0.01939278	0.0
0.0003147242	-0.01350242	0.0
0.0001983652	-0.04619655	0.0
8.301355e-05	-0.07838676	0.0
-3.217711e-05	-0.1095492	0.0
-0.0001443218	-0.1393819	0.0
-0.0002516779	-0.1675716	0.0
-0.0003579517	-0.193659	0.0
-0.0004585966	-0.2173781	0.0
-0.0005539738	-0.2384463	0.0
-0.0006447317	-0.2565919	0.0
-0.0007276197	-0.2716087	0.0
-0.0008065942	-0.2833246	0.0
-0.0008791419	-0.2916176	0.0
-0.0009405566	-0.296378	0.0
-0.001000495	-0.2975612	0.0
-0.001048228	-0.2951456	0.0
-0.001090398	-0.2891665	0.0
-0.001121446	-0.2796883	0.0
-0.001143818	-0.2668004	0.0
-0.00115336	-0.2506737	0.0
-0.001153488	-0.2314822	0.0
-0.001143878	-0.2094172	0.0
-0.001118906	-0.1848613	0.0
-0.001083021	-0.1579773	0.0
-0.001034507	-0.129184	0.0
-0.0009717945	-0.09878596	0.0
-0.0008987077	-0.06718747	0.0
-0.0008129565	-0.03472707	0.0
-0.0007183243	-0.001916086	0.0
-0.0006130782	0.03093615	0.0
-0.000499476	0.0634458	0.0
-0.0003798993	0.09519635	0.0
-0.0002540571	0.1257955	0.0
-0.0001251064	0.1548688	0.0
7.512601e-06	0.1820363	0.0
0.0001379219	0.2070128	0.0
0.00027007	0.2294484	0.0
0.0003975267	0.2491172	0.0
0.0005201528	0.2657075	0.0
0.0006397745	0.2791016	0.0
0.0007468446	0.2891346	0.0
0.0008492533	0.2956564	0.0
0.0009352036	0.2986324	0.0
0.00101372	0.2980112	0.0
0.001080608	0.2937983	0.0
0.001134836	0.2860605	0.0
0.00117322	0.2748607	0.0
0.001201283	0.2603128	0.0
0.001214602	0.2426428	0.0
0.001212747	0.2219743	0.0
0.001202185	0.1986509	0.0
0.001174759	0.1728769	0.0
0.001135888	0.1450029	0.0
0.001085407	0.1153381	0.0
0.001024461	0.08435784	0.0
0.0009538473	0.05230649	0.0
0.000872466	0.01959917	0.0
0.0007837276	-0.01321074	0.0
0.0006850945	-0.04590764	0.0
0.0005802059	-0.0780201	0.0
0.0004703679	-0.1092138	0.0
0.0003563242	-0.139043	0.0
0.0002370241	-0.1671208	0.0
0.0001171584	-0.1931893	0.0
-4.434682e-06	-0.21687	0.0
-0.0001254343	-0.2378884	0.0
-0.0002443362	-0.2560029	0.0
-0.0003619016	-0.2709877	0.0
-0.0004713847	-0.282682	0.0
-0.000577641	-0.2909471	0.0
-0.0006749987	-0.2956747	0.0
-0.0007652184	-0.2968302	0.0
-0.0008432216	-0.2944036	0.0
-0.0009087717	-0.2884085	0.0
-0.0009630643	-0.2788984	0.0
-0.001005102	-0.2660349	0.0
-0.001030868	-0.249892	0.0
-0.001040737	-0.2307082	0.0
-0.001038662	-0.2086812	0.0
-0.001017898	-0.1840755	0.0
-0.0009828474	-0.1572024	0.0
-0.0009345902	-0.1283983	0.0
-0.0008697013	-0.0979869	0.0
-0.0007939682	-0.06642873	0.0
-0.0007036331	-0.03402162	0.0
-0.0006054263	-0.001129295	0.0
-0.0004960923	0.03169163	0.0
-0.0003828049	0.06417687	0.0
-0.0002602099	0.09591193	0.0
-0.0001364253	0.1265197	0.0
-8.498019e-06	0.1555879	0.0
0.000117164	0.1828157	0.0
0.0002398911	0.2077644	0.0
0.0003613795	0.2301924	0.0
0.0004767609	0.2499186	0.0
0.0005861715	0.2664812	0.0
0.0006867555	0.2798931	0.0
0.0007786019	0.2899477	0.0
0.0008623988	0.2965275	0.0
0.0009300023	0.2995574	0.0
0.0009951774	0.2990034	0.0
0.001039477	0.2948699	0.0
0.001078087	0.2871706	0.0
0.001101271	0.276066	0.0
0.001113527	0.2616251	0.0
0.001114352	0.2440412	0.0
0.001103145	0.2235063	0.0
0.001082427	0.2002898	0.0
0.001047236	0.1746565	0.0
0.001005795	0.1469089	0.0
0.0009514771	0.1173554	0.0
0.0008884946	0.08647367	0.0
0.0008178619	0.05455747	0.0
0.0007364436	0.02200552	0.0
0.0006490357	-0.01074929	0.0
0.0005533227	-0.04342084	0.0
0.000452972	-0.07540089	0.0
0.0003465338	-0.1064752	0.0
0.0002356505	-0.136254	0.0
0.0001195179	-0.1642728	0.0
3.201088e-06	-0.1902846	0.0
-0.0001156591	-0.2139218	0.0
-0.0002345156	-0.2349137	0.0
-0.0003494179	-0.2529749	0.0
-0.0004615564	-0.2679042	0.0
-0.0005651424	-0.2795538	0.0
-0.0006674045	-0.2877619	0.0
-0.0007553612	-0.2924519	0.0
-0.0008376077	-0.2935568	0.0
-0.0009061283	-0.2910718	0.0
-0.0009598794	-0.2850123	0.0
-0.001006719	-0.2754524	0.0
-0.001031221	-0.2624898	0.0
-0.001049801	-0.2462611	0.0
-0.001046215	-0.2269364	0.0
-0.001033806	-0.2048314	0.0
-0.001004395	-0.1801231	0.0
-0.0009597373	-0.1530706	0.0
-0.0009045249	-0.1241727	0.0
-0.0008303528	-0.09359162	0.0
-0.0007492093	-0.06186555	0.0
-0.0006542103	-0.02927325	0.0
-0.0005486245	0.003740384	0.0
-0.0004367657	0.03682503	0.0
-0.0003174029	0.06950564	0.0
-0.0001915557	0.1014662	0.0
-6.219704e-05	0.1323181	0.0
6.909567e-05	0.1616267	0.0
0.00020429	0.1890798	0.0
0.0003354784	0.2143604	0.0
0.0004639017	0.2371275	0.0
0.0005918104	0.2571459	0.0
0.0007065865	0.2741307	0.0
0.0008256965	0.2879108	0.0
0.0009257395	0.2983764	0.0
0.001021723	0.305353	0.0
0.00110453	0.3088117	0.0
0.00117314	0.3087005	0.0
0.001234171	0.3050304	0.0
0.001272564	0.297847	0.0
0.00130312	0.2872402	0.0
0.001315356	0.273302	0.0
0.00131187	0.2562548	0.0
0.001297206	0.2362372	0.0
0.001261627	0.2135178	0.0
0.001216148	0.1883799	0.0
0.001151713	0.1611179	0.0
0.001076961	0.1320828	0.0
0.0009878143	0.1016556	0.0
0.0008883469	0.07015251	0.0
0.0007758313	0.03797293	0.0
0.0006556404	0.005616753	0.0
0.0005287917	-0.02671139	0.0
0.0003941554	-0.05852458	0.0
0.0002551735	-0.08953152	0.0
0.0001121942	-0.1192937	0.0
-3.174053e-05	-0.1474971	0.0
-0.0001736635	-0.1738339	0.0
-0.0003157798	-0.1979724	0.0
-0.0004497843	-0.2196733	0.0
-0.000581433	-0.2386995	0.0
-0.0007049863	-0.2549148	0.0
-0.0008169179	-0.2681431	0.0
-0.0009178745	-0.2783187	0.0
-0.001008374	-0.2853582	0.0
-0.001086344	-0.2892618	0.0
-0.001149799	-0.2900555	0.0
-0.001198285	-0.2877783	0.0
-0.001230776	-0.2825327	0.0
-0.001252969	-0.2744117	0.0
-0.001256564	-0.2635928	0.0
-0.001248804	-0.2502207	0.0
-0.001227025	-0.2345181	0.0
-0.001192293	-0.2167003	0.0
-0.001149184	-0.1970253	0.0
-0.001092155	-0.1757389	0.0
-0.001028542	-0.153206	0.0
-0.0009583695	-0.1296716	0.0
-0.0008813529	-0.1054603	0.0
-0.0008030707	-0.0809715	0.0
-0.000717547	-0.05646024	0.0
-0.0006344595	-0.0322872	0.0
-0.0005493955	-0.008754847	0.0
-0.0004670129	0.01383745	0.0
-0.0003868871	0.03520298	0.0
-0.0003112245	0.05511528	0.0
-0.0002392035	0.07335669	0.0
-0.0001729214	0.0896896	0.0
-0.0001145988	0.1040158	0.0
-5.85962e-05	0.1162302	0.0
-1.27138e-05	0.1262302	0.0
3.013688e-05	0.1340021	0.0
6.22208e-05	0.1395672	0.0
9.130283e-05	0.1429665	0.0
0.0001134353	0.1443007	0.0
0.0001299023	0.1436993	0.0
0.0001440511	0.1413184	0.0
0.00014868	0.1373451	0.0
0.0001545673	0.1319803	0.0
0.0001528978	0.1254495	0.0
0.0001510331	0.1179745	0.0
0.0001451275	0.1097633	0.0
0.0001388671	0.1010862	0.0
0.0001305766	0.09211196	0.0
0.0001216179	0.0830659	0.0
0.0001132025	0.07412455	0.0
0.0001020707	0.06543018	0.0
9.249508e-05	0.05711308	0.0
8.183252e-05	0.04928076	0.0
7.191949e-05	0.04199666	0.0
6.055838e-05	0.03528655	0.0
5.015019e-05	0.02922909	0.0
3.977734e-05	0.02376579	0.0
3.070343e-05	0.01888848	0.0
2.073893e-05	0.01457825	0.0
1.076532e-05	0.01079524	0.0
3.824173e-06	0.007490169	0.0
-5.760199e-06	0.00463391	0.0
-1.281764e-05	0.00217926	0.0
-2.008789e-05	7.544633e-05	0.0
-2.633309e-05	-0.001715738	0.0
-3.048903e-05	-0.003230844	0.0
-3.487302e-05	-0.00450145	0.0
-3.82159e-05	-0.005562115	0.0
-4.202555e-05	-0.006436702	0.0
-4.330113e-05	-0.007147257	0.0
-4.456041e-05	-0.007718309	0.0
-4.709135e-05	-0.008163871	0.0
-4.951997e-05	-0.00849742	0.0
-4.998145e-05	-0.008738393	0.0
-5.136072e-05	-0.008894504	0.0
-5.194541e-05	-0.008979797	0.0
-5.044507e-05	-0.009002781	0.0
-4.986451e-05	-0.008974284	0.0
-4.882655e-05	-0.008900524	0.0
-4.68726e-05	-0.008791772	0.0
-4.179507e-05	-0.008654316	0.0
-3.810172e-05	-0.008491633	0.0
-3.17613e-05	-0.008313185	0.0
-2.471991e-05	-0.008121131	0.0
-1.756551e-05	-0.007917693	0.0
-9.832478e-06	-0.007706751	0.0
-3.024581e-06	-0.007492359	0.0
5.057459e-06	-0.007272574	0.0
1.071555e-05	-0.007054706	0.0
1.787118e-05	-0.00683518	0.0
2.387676e-05	-0.006616242	0.0
2.849214e-05	-0.006399941	0.0
3.40344e-05	-0.006188161	0.0
3.599953e-05	-0.005977446	0.0
3.92293e-05	-0.00577304	0.0
4.223361e-05	-0.005570988	0.0
4.223474e-05	-0.005376716	0.0
4.350572e-05	-0.005185357	0.0
4.235193e-05	-0.004999827	0.0
4.419904e-05	-0.004819415	0.0
4.25851e-05	-0.004644035	0.0
4.166215e-05	-0.004476088	0.0
4.131699e-05	-0.004313923	0.0
3.889444e-05	-0.004155592	0.0
3.82032e-05	-0.004004833	0.0
3.612666e-05	-0.003859915	0.0
3.624291e-05	-0.003718344	0.0
3.462964e-05	-0.003583743	0.0
3.128379e-05	-0.003452414	0.0
2.966887e-05	-0.003327259	0.0
2.759255e-05	-0.003207298	0.0
2.632414e-05	-0.003092847	0.0
2.517092e-05	-0.002980834	0.0
2.436436e-05	-0.002873907	0.0
2.205743e-05	-0.002771225	0.0
2.021214e-05	-0.002674587	0.0
1.871306e-05	-0.002577951	0.0
1.802176e-05	-0.0024868	0.0
1.698474e-05	-0.002400305	0.0
1.444702e-05	-0.002315726	0.0
1.39861e-05	-0.002236784	0.0
1.387228e-05	-0.002157956	0.0
1.225762e-05	-0.002084597	0.0
1.075852e-05	-0.002014273	0.0
9.259686e-06	-0.001944911	0.0
1.053055e-05	-0.001880754	0.0
9.953795e-06	-0.001816179	0.0
8.108662e-06	-0.001755857	0.0
7.417633e-06	-0.001697329	0.0
5.918679e-06	-0.001640584	0.0
5.343218e-06	-0.001586434	0.0
4.767773e-06	-0.001534621	0.0
4.999982e-06	-0.001485695	0.0
4.307893e-06	-0.001437032	0.0
2.809146e-06	-0.001391107	0.0
2.46449e-06	-0.001346273	0.0
1.657462e-06	-0.001302676	0.0
1.081685e-06	-0.001262379	0.0
1.596575e-07	-0.001223311	0.0
-5.321335e-07	-0.00118437	0.0
-1.220302e-06	-0.001148043	0.0
5.101151e-08	-0.001111172	0.0
-4.131705e-07	-0.001077327	0.0
-1.334013e-06	-0.001045254	0.0
-1.446441e-06	-0.001013724	0.0
-1.330901e-06	-0.0009823403	0.0
-2.371492e-06	-0.0009538301	0.0
-4.099745e-06	-0.0009238062	0.0
-3.861779e-06	-0.0008980318	0.0
-2.824015e-06	-0.0008699255	0.0
-3.055025e-06	-0.0008448554	0.0
-2.938644e-06	-0.0008207277	0.0
-3.515e-06	-0.00079619	0.0
-3.862037e-06	-0.0007730273	0.0
-4.89551e-06	-0.0007508289	0.0
-3.970196e-06	-0.0007287664	0.0
-4.431438e-06	-0.0007086256	0.0
-3.853595e-06	-0.0006890181	0.0
-4.894283e-06	-0.0006687366	0.0
-5.001526e-06	-0.0006505083	0.0
-4.312509e-06	-0.0006322779	0.0
-5.465861e-06	-0.0006150097	0.0
-5.114773e-06	-0.0005970561	0.0
-5.580265e-06	-0.0005811693	0.0
-6.266248e-06	-0.0005662325	0.0
-5.457603e-06	-0.0005504622	0.0
-5.918229e-06	-0.0005347087	0.0
-5.340606e-06	-0.0005212838	0.0
-6.031313e-06	-0.0005068958	0.0
-5.453666e-06	-0.0004930529	0.0
-6.375734e-06	-0.0004794887	0.0
-5.912576e-06	-0.0004677032	0.0
-6.835372e-06	-0.0004550945	0.0
-6.368793e-06	-0.0004431757	0.0
-6.487608e-06	-0.0004323516	0.0
-7.29252e-06	-0.0004213923	0.0
-7.058101e-06	-0.000411251	0.0
-6.826269e-06	-0.0003998769	0.0
-6.595412e-06	-0.0003894669	0.0
-6.823825e-06	-0.0003802842	0.0
-6.361617e-06	-0.0003702802	0.0
-6.93869e-06	-0.0003609654	0.0
-6.702344e-06	-0.0003521951	0.0
-5.779783e-06	-0.0003432874	0.0
-6.359136e-06	-0.0003349285	0.0
-7.048418e-06	-0.0003264357	0.0
-7.04501e-06	-0.0003186269	0.0
-6.814821e-06	-0.0003105447	0.0
-7.621506e-06	-0.0003027342	0.0
-7.270306e-06	-0.0002938296	0.0
-6.465206e-06	-0.0002880784	0.0
-7.963829e-06	-0.000282048	0.0
-7.151489e-06	-0.000275468	0.0
-7.152746e-06	-0.0002682079	0.0
-7.150077e-06	-0.0002620418	0.0
-6.570852e-06	-0.0002546436	0.0
-6.109829e-06	-0.0002493017	0.0
-6.569945e-06	-0.0002427267	0.0
-6.221953e-06	-0.0002377955	0.0
-6.915347e-06	-0.0002310842	0.0
-8.412124e-06	-0.0002268394	0.0
-7.024897e-06	-0.0002212211	0.0
-7.140982e-06	-0.0002168369	0.0
-7.716667e-06	-0.0002117669	0.0
-8.060226e-06	-0.0002069715	0.0
-7.134608e-06	-0.000202041	0.0
-6.558366e-06	-0.0001982043	0.0
-7.364581e-06	-0.0001925869	0.0
-6.669479e-06	-0.0001886169	0.0
-6.207704e-06	-0.0001846424	0.0
-6.552812e-06	-0.0001798494	0.0
-6.666559e-06	-0.0001765626	0.0
-7.244395e-06	-0.000172452	0.0
-8.855849e-06	-0.0001687538	0.0
-6.776153e-06	-0.0001645057	0.0
-7.238971e-06	-0.0001612188	0.0
-7.122283e-06	-0.0001572449	0.0
-7.927897e-06	-0.0001539608	0.0
-6.886603e-06	-0.0001513575	0.0
-6.539715e-06	-0.0001477975	0.0
-5.84673e-06	-0.0001456059	0.0
-6.422966e-06	-0.0001412218	0.0
-6.537382e-06	-0.0001387599	0.0
-7.458731e-06	-0.0001364306	0.0
-6.995404e-06	-0.0001332804	0.0
-7.455742e-06	-0.0001306795	0.0
-6.992932e-06	-0.0001275271	0.0
-7.80032e-06	-0.0001236948	0.0
-7.797109e-06	-0.0001224647	0.0
-6.987884e-06	-0.0001194491	0.0
-6.409692e-06	-0.0001163001	0.0
-5.947964e-06	-0.0001136989	0.0
-6.754341e-06	-0.0001117837	0.0
-6.406512e-06	-0.0001101397	0.0
-6.750976e-06	-0.0001069893	0.0
-6.057836e-06	-0.0001049369	0.0
-6.864343e-06	-0.0001032948	0.0
-6.169877e-06	-0.000101514	0.0
-6.631283e-06	-9.863761e-05	0.0
-6.629448e-06	-9.658779e-05	0.0
-6.858741e-06	-9.63151e-05	0.0
-6.742757e-06	-9.343675e-05	0.0
-7.433295e-06	-9.124785e-05	0.0
-6.970026e-06	-8.892005e-05	0.0
-7.199072e-06	-8.727921e-05	0.0
-6.390151e-06	-8.577181e-05	0.0
-6.851124e-06	-8.344618e-05	0.0
-6.850922e-06	-8.262571e-05	0.0
-7.885889e-06	-7.974995e-05	0.0
-6.385265e-06	-7.865756e-05	0.0
-7.884592e-06	-7.701474e-05	0.0
-6.612346e-06	-7.537424e-05	0.0
-7.075141e-06	-7.565032e-05	0.0
-7.994984e-06	-7.318527e-05	0.0
-6.839954e-06	-7.236571e-05	0.0
-7.762783e-06	-6.990096e-05	0.0
-7.64479e-06	-6.867063e-05	0.0
-6.604059e-06	-6.71654e-05	0.0
-5.335058e-06	-6.661963e-05	0.0
-7.756932e-06	-6.511573e-05	0.0
-6.832137e-06	-6.374739e-05	0.0
-6.253827e-06	-6.196796e-05	0.0
-7.290981e-06	-6.183419e-05	0.0
-7.751777e-06	-5.950727e-05	0.0
-5.788428e-06	-5.868605e-05	0.0
-6.70974e-06	-5.841539e-05	0.0
-6.824414e-06	-5.704738e-05	0.0
-6.361369e-06	-5.66387e-05	0.0
-6.475185e-06	-5.499734e-05	0.0
-6.589519e-06	-5.362877e-05	0.0
-6.472372e-06	-5.294631e-05	0.0
-6.703134e-06	-5.157936e-05	0.0
-5.661464e-06	-5.021004e-05	0.0
-7.736488e-06	-4.980181e-05	0.0
-7.506944e-06	-4.925644e-05	0.0
-7.042595e-06	-4.830005e-05	0.0
-7.619102e-06	-4.693169e-05	0.0
-6.233577e-06	-4.652221e-05	0.0
-6.115738e-06	-4.570296e-05	0.0
-5.999214e-06	-4.474576e-05	0.0
-6.112925e-06	-4.406345e-05	0.0
-6.342839e-06	-4.255829e-05	0.0
-5.649854e-06	-4.214951e-05	0.0
-5.070945e-06	-4.132872e-05	0.0
-5.298815e-06	-4.174367e-05	0.0
-6.567107e-06	-3.969273e-05	0.0
-6.682123e-06	-3.845968e-05	0.0
-6.796714e-06	-3.818779e-05	0.0
-6.447981e-06	-3.805319e-05	0.0
-7.371162e-06	-3.764684e-05	0.0
-5.870551e-06	-3.627704e-05	0.0
-6.213074e-06	-3.669022e-05	0.0
-5.982849e-06	-3.587286e-05	0.0
-5.749063e-06	-3.491506e-05	0.0
-6.21007e-06	-3.436932e-05	0.0
-5.747248e-06	-3.368795e-05	0.0
-6.206117e-06	-3.259409e-05	0.0
-6.092073e-06	-3.218378e-05	0.0
-5.742188e-06	-3.191273e-05	0.0
-6.204242e-06	-3.136814e-05	0.0
-5.27967e-06	-3.054888e-05	0.0
-5.624003e-06	-2.986341e-05	0.0
-4.816222e-06	-3.054929e-05	0.0
-5.041965e-06	-3.042103e-05	0.0
-5.618461e-06	-2.905006e-05	0.0
-5.734169e-06	-2.946535e-05	0.0
-5.273169e-06	-2.727955e-05	0.0
-4.577092e-06	-2.604176e-05	0.0
-5.036759e-06	-2.645454e-05	0.0
-4.919248e-06	-2.618654e-05	0.0
-5.497484e-06	-2.536744e-05	0.0
-4.22934e-06	-2.495493e-05	0.0
-4.221157e-06	-2.536975e-05	0.0
-5.030578e-06	-2.441945e-05	0.0
-4.339237e-06	-2.318097e-05	0.0
-4.562595e-06	-2.414463e-05	0.0
-5.602216e-06	-2.278043e-05	0.0
-5.372026e-06	-2.291434e-05	0.0
-5.372623e-06	-2.278572e-05	0.0
-4.218826e-06	-2.155393e-05	0.0
-4.209774e-06	-2.141622e-05	0.0
-4.906506e-06	-2.101207e-05	0.0
-3.866233e-06	-2.059454e-05	0.0
-4.894197e-06	-2.197321e-05	0.0
-6.16639e-06	-2.047366e-05	0.0
-6.059081e-06	-2.047142e-05	0.0
-4.556553e-06	-1.992592e-05	0.0
-4.54843e-06	-1.966131e-05	0.0
-4.779861e-06	-1.746747e-05	0.0
-4.663666e-06	-1.828334e-05	0.0
-4.548082e-06	-1.856347e-05	0.0
-4.085472e-06	-1.870972e-05	0.0
-3.852943e-06	-1.73376e-05	0.0
-3.50502e-06	-1.81617e-05	0.0
-3.956004e-06	-1.720618e-05	0.0
-5.348458e-06	-1.762391e-05	0.0
-4.306446e-06	-1.557299e-05	0.0
-5.689827e-06	-1.597274e-05	0.0
-4.311154e-06	-1.667151e-05	0.0
-4.643665e-06	-1.516766e-05	0.0
-5.343933e-06	-1.530068e-05	0.0
-3.959091e-06	-1.517144e-05	0.0
-4.522341e-06	-1.435058e-05	0.0
-5.7998e-06	-1.435163e-05	0.0
-4.531068e-06	-1.408157e-05	0.0
-5.100137e-06	-1.353961e-05	0.0
-4.762569e-06	-1.257762e-05	0.0
-3.486503e-06	-1.326353e-05	0.0
-4.287204e-06	-1.272415e-05	0.0
-4.522819e-06	-1.217457e-05	0.0
-4.173228e-06	-1.258499e-05	0.0
-4.746421e-06	-1.300332e-05	0.0
-4.980085e-06	-1.20517e-05	0.0
-4.402692e-06	-1.1088e-05	0.0
-4.055428e-06	-1.204652e-05	0.0
-3.58942e-06	-1.192183e-05	0.0
-4.050146e-06	-1.068773e-05	0.0
-3.702048e-06	-1.109693e-05	0.0
-4.391622e-06	-1.096849e-05	0.0
-4.277825e-06	-1.001346e-05	0.0
-4.504108e-06	-9.325141e-06	0.0
-4.852778e-06	-9.741114e-06	0.0
-4.273269e-06	-8.920952e-06	0.0
-4.61913e-06	-9.739759e-06	0.0
-3.924181e-06	-1.056787e-05	0.0
-4.72822e-06	-1.044152e-05	0.0
-4.386539e-06	-8.934653e-06	0.0
-3.920355e-06	-8.934059e-06	0.0
-4.149142e-06	-8.253834e-06	0.0
-4.147765e-06	-8.250096e-06	0.0
-4.264049e-06	-9.35246e-06	0.0
-3.454752e-06	-8.535738e-06	0.0
-3.681412e-06	-8.263043e-06	0.0
-4.025616e-06	-7.852534e-06	0.0
-4.717552e-06	-8.133764e-06	0.0
-4.146082e-06	-6.761039e-06	0.0
-2.868113e-06	-8.407953e-06	0.0
-4.252763e-06	-7.31772e-06	0.0
-3.09832e-06	-7.731159e-06	0.0
-4.020079e-06	-6.22729e-06	0.0
-2.635237e-06	-6.908796e-06	0.0
-3.208618e-06	-7.602586e-06	0.0
-2.746078e-06	-6.098486e-06	0.0
-3.551386e-06	-6.096697e-06	0.0
-3.321572e-06	-6.377351e-06	0.0
-3.547703e-06	-5.145363e-06	0.0
-4.701589e-06	-5.831309e-06	0.0
-4.815241e-06	-5.972491e-06	0.0
-5.510092e-06	-5.977113e-06	0.0
-2.969916e-06	-4.881536e-06	0.0
-3.312592e-06	-5.431931e-06	0.0
-2.618724e-06	-5.023829e-06	0.0
-3.770999e-06	-5.027051e-06	0.0
-3.539576e-06	-4.343506e-06	0.0
-3.653768e-06	-5.580098e-06	0.0
-3.075047e-06	-4.760865e-06	0.0
-3.996454e-06	-5.037596e-06	0.0
-3.880717e-06	-4.492097e-06	0.0
-3.186767e-06	-5.042477e-06	0.0
-3.185073e-06	-5.730941e-06	0.0
-3.760863e-06	-5.048631e-06	0.0
-3.759592e-06	-3.817464e-06	0.0
-2.950436e-06	-4.094271e-06	0.0
-2.718307e-06	-5.056394e-06	0.0
-2.371007e-06	-3.688403e-06	0.0
-3.292896e-06	-5.336663e-06	0.0
-2.945162e-06	-4.515857e-06	0.0
-3.752315e-06	-5.205724e-06	0.0
-4.211678e-06	-5.754381e-06	0.0
-3.748926e-06	-3.152894e-06	0.0
-3.746491e-06	-4.117001e-06	0.0
-2.245479e-06	-3.569896e-06	0.0
-3.053607e-06	-3.847497e-06	0.0
-3.282125e-06	-3.713738e-06	0.0
-3.511911e-06	-4.400604e-06	0.0
-3.393624e-06	-3.307392e-06	0.0
-2.353351e-06	-4.269467e-06	0.0
-2.123421e-06	-2.898857e-06	0.0
-2.815579e-06	-2.768427e-06	0.0
-3.389994e-06	-3.318857e-06	0.0
-3.271849e-06	-3.1833e-06	0.0
-2.808885e-06	-2.773728e-06	0.0
-2.577438e-06	-1.954312e-06	0.0
-2.344063e-06	-2.235676e-06	0.0
-1.999878e-06	-3.606695e-06	0.0
-3.267407e-06	-2.507401e-06	0.0
-2.453057e-06	-1.694885e-06	0.0
-1.763326e-06	-3.204448e-06	0.0
-2.458094e-06	-2.38041e-06	0.0
-3.26091e-06	-2.387072e-06	0.0
-2.913587e-06	-2.664946e-06	0.0
-3.023115e-06	-3.075337e-06	0.0
-1.409953e-06	-1.84077e-06	0.0
-2.563816e-06	-1.301926e-06	0.0
-1.288127e-06	-2.127073e-06	0.0
-1.642649e-06	-1.712717e-06	0.0
-3.023715e-06	-8.973342e-07	0.0
-2.90115e-06	-1.727194e-06	0.0
-2.674921e-06	-2.272903e-06	0.0
-3.709935e-06	-1.864815e-06	0.0
-2.779086e-06	-1.864646e-06	0.0
-2.089637e-06	-9.107368e-07	0.0
-2.09014e-06	-1.320752e-06	0.0
-2.203675e-06	1.800771e-07	0.0
-2.319676e-06	-1.472847e-06	0.0
-2.894951e-06	-1.611338e-06	0.0
-2.539965e-06	-2.842468e-06	0.0
-1.270986e-06	-1.195253e-06	0.0
-1.392747e-06	-1.203457e-06	0.0
-2.200335e-06	-6.582357e-07	0.0
-2.889709e-06	-1.351582e-06	0.0
-2.762514e-06	-1.761867e-06	0.0
-1.381679e-06	-1.761656e-06	0.0
-1.959843e-06	-1.352262e-06	0.0
-1.145517e-06	-1.221696e-06	0.0
-1.032107e-06	-1.49833e-06	0.0
-9.225637e-07	-1.36074e-06	0.0
-1.836367e-06	-8.090107e-07	0.0
-7.989154e-07	-5.281793e-10	0.0
-1.601521e-06	-1.101609e-06	0.0
1.368239e-07	-8.252086e-07	0.0
-4.615889e-07	-1.381146e-06	0.0
-1.607096e-06	-1.094889e-06	0.0
-1.595283e-06	-1.507985e-07	0.0
-1.136351e-06	-1.394818e-06	0.0
-1.367218e-06	-1.380757e-06	0.0
-1.369766e-06	-7.011863e-07	0.0
-1.820443e-06	-4.262263e-07	0.0
-5.435085e-07	3.874256e-07	0.0
-4.434139e-07	-1.689763e-07	0.0
-8.990979e-07	-1.700495e-07	0.0
-9.029386e-07	-8.648446e-07	0.0
-1.705591e-06	-1.267566e-06	0.0
-1.355835e-06	-7.186766e-07	0.0
-1.818018e-06	-7.324875e-07	0.0
-1.584045e-06	-1.139004e-06	0.0
-1.811292e-06	-7.340128e-07	0.0
-1.111066e-06	-9.9991e-07	0.0
-1.010584e-06	7.946923e-08	0.0
-1.334632e-06	-1.573645e-06	0.0
3.933113e-07	-5.829079e-07	0.0
-5.564298e-07	3.422384e-07	0.0
-1.224579e-06	-8.87904e-07	0.0
-5.299359e-07	-2.073538e-07	0.0
-7.688414e-07	-1.301324e-06	0.0
-7.582389e-07	-6.500888e-08	0.0
-5.345712e-07	-7.652299e-07	0.0
-1.110561e-06	-4.892398e-07	0.0
-6.267264e-07	-1.185162e-06	0.0
1.586078e-07	-1.029207e-06	0.0
-1.112576e-06	-7.897516e-08	0.0
-7.468607e-07	-3.706669e-07	0.0
-5.177639e-07	-6.363359e-07	0.0
-5.524705e-08	-3.691782e-07	0.0
-3.020501e-07	-7.848412e-07	0.0
-7.359695e-07	-3.576479e-07	0.0
2.773787e-07	1.604572e-08	0.0
-1.677952e-06	-1.466779e-06	0.0
-2.237681e-08	5.929354e-07	0.0
5.142484e-07	-2.570693e-07	0.0
-6.446796e-07	1.685199e-07	0.0
-8.447679e-07	-1.267059e-07	0.0
3.151868e-07	-6.69887e-07	0.0
2.777003e-07	-2.384465e-07	0.0
-1.205279e-06	6.947207e-07	0.0
-2.554867e-07	-5.560863e-07	0.0
4.304603e-07	-5.236305e-07	0.0
9.966541e-07	5.61378e-07	0.0
4.127313e-07	4.132095e-07	0.0
6.819801e-08	5.433247e-07	0.0
-5.010228e-07	-5.796941e-07	0.0
-2.655326e-07	-1.496462e-06	0.0
-6.200081e-07	5.582492e-07	0.0
-7.158087e-07	-2.745707e-08	0.0
3.306215e-07	-4.254573e-07	0.0
7.763678e-07	-5.737491e-07	0.0
3.038663e-07	-9.700694e-07	0.0
-3.771518e-07	5.548913e-07	0.0
-3.803109e-07	1.1912e-06	0.0
-9.432329e-07	-3.002285e-07	0.0
-1.401881e-07	9.303803e-07	0.0
-7.063416e-07	-3.145706e-07	0.0
3.149506e-07	2.355436e-07	0.0
-1.287982e-06	-8.695768e-07	0.0
6.980137e-07	-4.469736e-07	0.0
5.492819e-07	-7.362785e-07	0.0
2.102956e-07	-8.662656e-07	0.0
-1.343077e-07	-4.51285e-07	0.0
-1.229648e-07	2.352699e-07	0.0
2.177534e-07	7.653995e-07	0.0
-1.275789e-07	3.55394e-07	0.0
3.509205e-07	7.582338e-07	0.0
6.696626e-07	-7.039164e-08	0.0
-4.648796e-07	2.153286e-07	0.0
6.911028e-07	1.99237e-07	0.0
-3.653938e-07	-6.689756e-08	0.0
-1.017812e-07	4.784952e-07	0.0
5.750817e-07	3.344757e-07	0.0
-2.523323e-07	7.542239e-07	0.0
