#Bx [T], By [T], Bz [T] on 3D mesh: inmost loop vs X (horizontal transverse position), outmost loop vs Z (longitudinal position)
#0.0 #initial X position [m]
#0.0 #step of X [m]
#1 #number of points vs X
#0.0 #initial Y position [m]
#0.0 #step of Y [m]
#1 #number of points vs Y
#-1.1855 #initial Z position [m]
#0.001 #step of Z [m]
#2371 #number of points vs Z
-1.4863225e-06	-2.4686983e-07	0.0
5.9222816e-07	-6.6094572e-07	0.0
3.6322521e-07	-3.8969009e-07	0.0
1.8205739e-08	-5.2948781e-07	0.0
1.4046656e-06	-8.0674118e-07	0.0
-3.2459471e-07	6.9837682e-07	0.0
2.2617948e-08	-1.2687435e-07	0.0
4.8611724e-07	9.6672818e-07	0.0
-7.8187452e-07	1.4228468e-07	0.0
-8.8340151e-08	-1.2317902e-06	0.0
-4.327955e-07	-4.135826e-07	0.0
1.4523962e-07	1.0918192e-06	0.0
1.4736452e-07	1.3636314e-06	0.0
1.4827887e-07	1.3624098e-06	0.0
2.6626748e-07	-2.843189e-07	0.0
-4.2505027e-07	-9.7467932e-07	0.0
3.6850789e-08	-8.416668e-07	0.0
3.850507e-07	-2.1958586e-08	0.0
1.5813957e-07	1.1283466e-07	0.0
-9.9675015e-07	3.8417579e-07	0.0
2.7278838e-07	2.4490009e-07	0.0
1.6036581e-07	-1.6732227e-07	0.0
6.2394741e-07	-7.2387962e-07	0.0
-1.808953e-07	1.058718e-06	0.0
-6.7642659e-08	-8.6043161e-07	0.0
6.2699627e-07	8.8539466e-08	0.0
5.1576063e-07	7.7704397e-07	0.0
-4.0330031e-07	-4.898753e-08	0.0
-1.4454524e-06	3.5865048e-07	0.0
-1.7664246e-07	-1.9122935e-07	0.0
-1.7154443e-07	2.1261427e-07	0.0
-1.7021853e-07	8.9976362e-07	0.0
-5.1439196e-07	-6.213547e-08	0.0
-8.569553e-07	6.1356337e-07	0.0
-1.4389432e-06	1.3041379e-06	0.0
-1.6343472e-07	-2.0568811e-07	0.0
-1.8909204e-06	1.9449386e-07	0.0
-9.7452016e-07	7.469107e-07	0.0
-5.0683695e-07	-6.2503045e-07	0.0
-7.3222031e-07	-7.7012874e-07	0.0
-1.6571572e-06	-5.0008094e-07	0.0
-9.65715e-07	3.1738631e-07	0.0
-1.0772208e-06	1.274743e-06	0.0
-1.0737207e-06	1.4177871e-06	0.0
-1.7674477e-06	-9.647723e-08	0.0
-7.3203381e-07	5.8448393e-07	0.0
-2.6364557e-07	-5.1075438e-07	0.0
-6.0552725e-07	-3.8397741e-07	0.0
-1.1831083e-06	2.9933753e-07	0.0
-7.2541462e-07	3.0251053e-07	0.0
8.9354216e-08	-6.6294291e-07	0.0
-1.0586137e-06	1.7234303e-08	0.0
-1.4112017e-06	-1.2135747e-07	0.0
-7.1592785e-07	1.5279218e-07	0.0
-9.4457835e-07	-9.4589132e-07	0.0
-7.0958623e-07	-6.8059103e-07	0.0
-1.6329134e-06	-1.3551562e-07	0.0
-1.0553716e-06	4.1325049e-07	0.0
-1.6307786e-06	2.7044231e-07	0.0
-8.2427181e-07	8.2405239e-07	0.0
-1.0480334e-06	-1.3703575e-06	0.0
-9.3995186e-07	-1.1091046e-06	0.0
3.3701403e-07	-1.1077633e-06	0.0
-8.1093032e-07	-1.1127685e-06	0.0
-6.9938181e-07	-8.4161832e-07	0.0
-8.1388441e-07	-7.0709245e-07	0.0
-4.6217068e-07	-4.3679358e-07	0.0
-1.8396209e-06	-4.3365154e-07	0.0
-2.3135372e-06	-1.2634301e-06	0.0
-5.8472801e-07	-3.1100302e-07	0.0
-4.4992217e-07	-1.7247538e-07	0.0
-1.9582201e-06	9.8176358e-08	0.0
-3.4836532e-07	-3.8520028e-08	0.0
-3.3705021e-07	-1.8298168e-07	0.0
-3.3708787e-07	6.3369794e-07	0.0
-7.9229466e-07	9.134701e-07	0.0
-1.3751172e-06	-4.6791932e-08	0.0
-5.6486124e-07	-4.6503513e-07	0.0
-1.3636987e-06	-3.3664475e-07	0.0
-1.7171561e-06	3.5273837e-07	0.0
-1.0243034e-06	-7.4499741e-07	0.0
-9.0369406e-07	-4.7913323e-07	0.0
-1.1285131e-06	-8.864298e-07	0.0
-1.8242615e-06	-1.1732255e-06	0.0
-1.3607388e-06	-2.1322047e-07	0.0
-1.935899e-06	-6.2826405e-07	0.0
-1.13555e-06	6.1011711e-08	0.0
-6.5991077e-07	-1.5864954e-06	0.0
-1.5854587e-06	-3.7510785e-07	0.0
-8.9327602e-07	4.6705401e-07	0.0
-1.466356e-06	-1.4531524e-06	0.0
-7.8016683e-07	-1.1981222e-06	0.0
-5.3940437e-07	-5.1523284e-07	0.0
-1.1095933e-06	-9.5362118e-08	0.0
-1.5816411e-06	-1.0627946e-06	0.0
-6.5391134e-07	-3.7813359e-07	0.0
-1.5633709e-06	-1.4776519e-06	0.0
-1.9237268e-06	-3.9660409e-07	0.0
-7.7814917e-07	-2.4805382e-07	0.0
-1.7270848e-07	-5.2885781e-07	0.0
-2.1368576e-06	-3.9384813e-07	0.0
-1.4568614e-06	-5.3755673e-07	0.0
-1.6812692e-06	-2.5582187e-07	0.0
-8.804974e-07	-1.4960627e-06	0.0
-8.5785337e-07	-5.5562089e-07	0.0
-1.9128036e-06	-2.641199e-07	0.0
-2.9629686e-07	-1.4944636e-06	0.0
-1.2035002e-06	-1.9293598e-06	0.0
-7.5733499e-07	-8.3764525e-07	0.0
-7.352433e-07	-4.2965982e-07	0.0
-1.8969965e-06	4.0343434e-07	0.0
-1.0983632e-06	-6.9747557e-07	0.0
-8.6449933e-07	-1.6419802e-08	0.0
-3.8425327e-07	-9.7778593e-07	0.0
-1.7808242e-06	-1.6422227e-07	0.0
-2.7852434e-07	-8.4050913e-07	0.0
-1.6533892e-06	-8.5466746e-07	0.0
-1.0734976e-06	-9.8106477e-07	0.0
-3.0276101e-06	-2.0824148e-06	0.0
-2.3612347e-06	-1.6996224e-06	0.0
-1.7782284e-06	-5.8655303e-07	0.0
-1.1857503e-06	-1.679956e-06	0.0
-2.3312969e-06	-1.1547585e-06	0.0
-2.125415e-06	-7.3232485e-07	0.0
-1.2965201e-06	-1.2758636e-06	0.0
-2.2250886e-06	-1.7010282e-06	0.0
-1.0736701e-06	-1.2940632e-06	0.0
-1.8637171e-06	-1.560639e-06	0.0
-1.8751421e-06	-1.718181e-06	0.0
-1.871043e-06	-7.5020148e-07	0.0
-1.8670847e-06	-1.840292e-06	0.0
-1.988815e-06	-2.2454276e-06	0.0
-1.2941407e-06	-3.9170454e-06	0.0
-1.4044596e-06	-1.7450586e-06	0.0
-1.1675284e-06	-1.5910897e-06	0.0
-1.6358857e-06	-9.0457326e-07	0.0
-8.212815e-07	-1.9897107e-06	0.0
-1.849249e-06	-2.2872985e-06	0.0
-1.6331188e-06	-1.8729121e-06	0.0
-1.3986555e-06	-2.2854128e-06	0.0
-1.1588922e-06	-2.2828947e-06	0.0
-1.8440986e-06	-3.1150362e-06	0.0
-2.1941244e-06	-2.1748017e-06	0.0
-2.4271469e-06	-1.8781019e-06	0.0
-1.9779964e-06	-2.9751648e-06	0.0
-1.0442382e-06	-2.8686168e-06	0.0
-1.5977979e-06	-1.5002213e-06	0.0
-2.5345105e-06	-1.4731777e-06	0.0
-2.078051e-06	-2.5839465e-06	0.0
-2.1872536e-06	-1.9143722e-06	0.0
-2.0667967e-06	-1.9037195e-06	0.0
-2.6414164e-06	-2.3103485e-06	0.0
-2.5306906e-06	-3.0113808e-06	0.0
-2.3107411e-06	-2.201597e-06	0.0
-1.0347154e-06	-2.4462158e-06	0.0
-1.1433891e-06	-3.7112877e-06	0.0
-6.6934808e-07	-1.9394349e-06	0.0
-1.9363056e-06	-2.4668304e-06	0.0
-1.5958269e-06	-2.3447319e-06	0.0
-2.3969444e-06	-2.4790127e-06	0.0
-2.0614366e-06	-2.748417e-06	0.0
-2.0529301e-06	-3.7111183e-06	0.0
-2.2727199e-06	-3.9935612e-06	0.0
-2.9783394e-06	-4.0166669e-06	0.0
-1.8329149e-06	-2.5026034e-06	0.0
-2.1399044e-06	-3.4413977e-06	0.0
-3.7731975e-06	-3.7417722e-06	0.0
-2.9730954e-06	-3.4550151e-06	0.0
-3.6513802e-06	-4.4263165e-06	0.0
-3.4332168e-06	-3.3467384e-06	0.0
-3.1986594e-06	-3.3285878e-06	0.0
-2.6304724e-06	-3.7448538e-06	0.0
-1.9186405e-06	-4.1523122e-06	0.0
-2.8352924e-06	-4.7213443e-06	0.0
-2.7285034e-06	-3.7611117e-06	0.0
-2.9550617e-06	-4.4413696e-06	0.0
-2.6181913e-06	-3.9103256e-06	0.0
-2.036466e-06	-3.8963426e-06	0.0
-2.0216253e-06	-4.5811348e-06	0.0
-2.3804535e-06	-4.8750139e-06	0.0
-1.8950484e-06	-4.3224422e-06	0.0
-3.6371068e-06	-4.8736465e-06	0.0
-2.2622694e-06	-4.4642347e-06	0.0
-3.277662e-06	-5.0208087e-06	0.0
-2.8432023e-06	-4.3289897e-06	0.0
-2.2503712e-06	-5.6973295e-06	0.0
-2.4757076e-06	-5.172607e-06	0.0
-2.5860381e-06	-5.295979e-06	0.0
-3.0538904e-06	-5.5790661e-06	0.0
-2.3699577e-06	-5.3190188e-06	0.0
-2.1244707e-06	-4.7619983e-06	0.0
-2.5720153e-06	-5.5706455e-06	0.0
-3.3909957e-06	-6.1453784e-06	0.0
-2.9334665e-06	-5.3273088e-06	0.0
-3.0475694e-06	-5.7203065e-06	0.0
-2.4674428e-06	-6.2866934e-06	0.0
-2.8085485e-06	-5.7472607e-06	0.0
-2.5742618e-06	-5.8692995e-06	0.0
-3.1512432e-06	-6.6934576e-06	0.0
-2.5840791e-06	-6.8548065e-06	0.0
-2.3451853e-06	-6.0300163e-06	0.0
-2.2209913e-06	-6.4319393e-06	0.0
-2.9040709e-06	-6.1863389e-06	0.0
-3.2648502e-06	-4.9424661e-06	0.0
-2.7994702e-06	-5.7448597e-06	0.0
-2.8081222e-06	-6.4463197e-06	0.0
-1.9755487e-06	-6.1956075e-06	0.0
-3.8203912e-06	-5.6121335e-06	0.0
-3.0306539e-06	-7.8272542e-06	0.0
-3.3693036e-06	-6.3244702e-06	0.0
-2.6732782e-06	-8.367726e-06	0.0
-3.6956044e-06	-7.3121255e-06	0.0
-3.8328594e-06	-7.0106598e-06	0.0
-3.5792398e-06	-7.701904e-06	0.0
-4.638503e-06	-7.578456e-06	0.0
-2.5696945e-06	-7.8286357e-06	0.0
-2.7751348e-06	-9.6288086e-06	0.0
-2.7688495e-06	-8.4249605e-06	0.0
-3.8152798e-06	-7.9897218e-06	0.0
-3.227796e-06	-8.5451711e-06	0.0
-4.7363055e-06	-8.2764727e-06	0.0
-3.2398934e-06	-8.8141524e-06	0.0
-4.2683191e-06	-9.5139376e-06	0.0
-3.2362661e-06	-9.2430982e-06	0.0
-4.0305554e-06	-9.392711e-06	0.0
-3.4715354e-06	-8.6870541e-06	0.0
-3.2164003e-06	-1.1017173e-05	0.0
-4.3730765e-06	-1.0367222e-05	0.0
-4.145782e-06	-9.9395747e-06	0.0
-4.6093683e-06	-1.0225205e-05	0.0
-3.5800651e-06	-9.6690719e-06	0.0
-3.2175394e-06	-1.0904403e-05	0.0
-3.780407e-06	-1.0240882e-05	0.0
-4.6080959e-06	-9.9528252e-06	0.0
-2.999757e-06	-1.0637486e-05	0.0
-2.7524368e-06	-1.1188028e-05	0.0
-2.6294651e-06	-1.1882874e-05	0.0
-3.6591132e-06	-1.1484075e-05	0.0
-3.9107981e-06	-1.1335987e-05	0.0
-2.9754412e-06	-1.2030439e-05	0.0
-4.0053947e-06	-1.1355489e-05	0.0
-3.4524153e-06	-1.1743788e-05	0.0
-2.1686096e-06	-1.36693e-05	0.0
-2.8418876e-06	-1.3696482e-05	0.0
-3.5458504e-06	-1.2741698e-05	0.0
-3.3111639e-06	-1.2317221e-05	0.0
-3.776466e-06	-1.3404994e-05	0.0
-2.857762e-06	-1.4512107e-05	0.0
-3.1788072e-06	-1.4667641e-05	0.0
-4.456318e-06	-1.3979495e-05	0.0
-4.0064042e-06	-1.4655856e-05	0.0
-3.7663469e-06	-1.5083059e-05	0.0
-3.8774765e-06	-1.467319e-05	0.0
-4.2203924e-06	-1.5080806e-05	0.0
-4.5668457e-06	-1.5624819e-05	0.0
-4.6835462e-06	-1.6602513e-05	0.0
-4.6815503e-06	-1.5512818e-05	0.0
-4.5723168e-06	-1.591677e-05	0.0
-3.7623781e-06	-1.6046955e-05	0.0
-3.8636481e-06	-1.7699373e-05	0.0
-4.2170941e-06	-1.7036749e-05	0.0
-3.6401755e-06	-1.7015347e-05	0.0
-3.8593416e-06	-1.8394767e-05	0.0
-4.3218465e-06	-1.7868149e-05	0.0
-4.3287241e-06	-1.7441924e-05	0.0
-4.0850941e-06	-1.8536555e-05	0.0
-4.9005603e-06	-1.8825955e-05	0.0
-3.8623498e-06	-1.8690385e-05	0.0
-4.430764e-06	-1.9092653e-05	0.0
-3.7498753e-06	-2.0196259e-05	0.0
-3.6139177e-06	-2.0472851e-05	0.0
-4.8745405e-06	-2.1306081e-05	0.0
-5.5835103e-06	-2.0626059e-05	0.0
-5.1178481e-06	-2.1170297e-05	0.0
-5.4683323e-06	-2.1436963e-05	0.0
-4.0944474e-06	-2.3093255e-05	0.0
-4.05233e-06	-2.2288146e-05	0.0
-5.9291965e-06	-2.2682649e-05	0.0
-3.1680618e-06	-2.3512031e-05	0.0
-4.2776355e-06	-2.379676e-05	0.0
-5.1142092e-06	-2.3794428e-05	0.0
-4.5201091e-06	-2.4744577e-05	0.0
-5.9148347e-06	-2.5460395e-05	0.0
-4.0820905e-06	-2.4081262e-05	0.0
-4.1734647e-06	-2.5712859e-05	0.0
-4.1777448e-06	-2.5738822e-05	0.0
-4.5135389e-06	-2.5726849e-05	0.0
-5.2087821e-06	-2.6558297e-05	0.0
-5.2109226e-06	-2.6418445e-05	0.0
-5.3277518e-06	-2.7921829e-05	0.0
-4.9772257e-06	-2.8217704e-05	0.0
-5.2112464e-06	-2.8075499e-05	0.0
-4.5134698e-06	-2.8894361e-05	0.0
-5.4217662e-06	-2.9718183e-05	0.0
-5.4513598e-06	-3.0820425e-05	0.0
-3.7038058e-06	-3.1107484e-05	0.0
-5.0687522e-06	-3.1239771e-05	0.0
-5.4271691e-06	-3.2199674e-05	0.0
-5.4376542e-06	-3.2754077e-05	0.0
-4.1606299e-06	-3.3573862e-05	0.0
-4.8414881e-06	-3.4276261e-05	0.0
-4.6188825e-06	-3.3726217e-05	0.0
-4.6123973e-06	-3.5082852e-05	0.0
-4.8367347e-06	-3.6465372e-05	0.0
-5.3062445e-06	-3.675888e-05	0.0
-4.8332613e-06	-3.6334961e-05	0.0
-5.9939093e-06	-3.785134e-05	0.0
-4.2790143e-06	-3.7169222e-05	0.0
-3.7923162e-06	-3.8806946e-05	0.0
-4.480496e-06	-3.8958831e-05	0.0
-4.7211106e-06	-3.9641283e-05	0.0
-3.8055909e-06	-4.0190331e-05	0.0
-3.3170829e-06	-4.1291361e-05	0.0
-5.1668376e-06	-4.1971125e-05	0.0
-4.4851254e-06	-4.4166736e-05	0.0
-4.7125181e-06	-4.4599361e-05	0.0
-3.9015804e-06	-4.4862732e-05	0.0
-4.6995838e-06	-4.6509314e-05	0.0
-4.8194456e-06	-4.706996e-05	0.0
-5.1632305e-06	-4.775187e-05	0.0
-5.3870986e-06	-4.8718623e-05	0.0
-6.3145735e-06	-4.8996204e-05	0.0
-5.5176442e-06	-4.9952218e-05	0.0
-5.0408885e-06	-5.1185169e-05	0.0
-5.8418536e-06	-5.2699863e-05	0.0
-6.1970036e-06	-5.3258595e-05	0.0
-5.5109786e-06	-5.3804841e-05	0.0
-4.6935884e-06	-5.463498e-05	0.0
-5.1449992e-06	-5.503853e-05	0.0
-5.6107956e-06	-5.749816e-05	0.0
-5.6086706e-06	-5.9028487e-05	0.0
-5.9537606e-06	-5.9567938e-05	0.0
-6.0632215e-06	-6.1905062e-05	0.0
-6.8736813e-06	-6.2317835e-05	0.0
-6.3028383e-06	-6.4918648e-05	0.0
-6.0672705e-06	-6.5624256e-05	0.0
-5.8300575e-06	-6.6041328e-05	0.0
-6.1805417e-06	-6.6168424e-05	0.0
-5.4818006e-06	-6.8493107e-05	0.0
-6.4006508e-06	-7.0141985e-05	0.0
-5.9461177e-06	-7.2213639e-05	0.0
-6.2771878e-06	-7.2079631e-05	0.0
-6.8666272e-06	-7.425779e-05	0.0
-5.7150905e-06	-7.591991e-05	0.0
-5.8142564e-06	-7.6881843e-05	0.0
-6.1671026e-06	-7.8384604e-05	0.0
-5.9276567e-06	-8.0308819e-05	0.0
-6.9645203e-06	-8.1819155e-05	0.0
-6.963312e-06	-8.3740837e-05	0.0
-8.0005757e-06	-8.5120875e-05	0.0
-7.1017557e-06	-8.6487686e-05	0.0
-5.5713449e-06	-8.8415822e-05	0.0
-7.8735302e-06	-8.9371424e-05	0.0
-6.9756275e-06	-9.197968e-05	0.0
-6.2684253e-06	-9.2944894e-05	0.0
-6.2664531e-06	-9.5542491e-05	0.0
-5.9233771e-06	-9.787314e-05	0.0
-5.567656e-06	-0.00010050034	0.0
-6.03237e-06	-0.00010022535	0.0
-5.6738877e-06	-0.00010362786	0.0
-7.5183175e-06	-0.00010626395	0.0
-7.0702727e-06	-0.0001069435	0.0
-7.0627416e-06	-0.00011022404	0.0
-6.7205829e-06	-0.00011270021	0.0
-6.5909708e-06	-0.0001154486	0.0
-7.4095633e-06	-0.00011696393	0.0
-6.1345713e-06	-0.00011942125	0.0
-7.3949359e-06	-0.00012217816	0.0
-7.0545161e-06	-0.00012327975	0.0
-7.8527191e-06	-0.0001262693	0.0
-8.2018987e-06	-0.00013094183	0.0
-8.4380708e-06	-0.00013288576	0.0
-7.8541598e-06	-0.00013492659	0.0
-8.6597647e-06	-0.00013890232	0.0
-8.2009428e-06	-0.00014178884	0.0
-8.542519e-06	-0.00014535012	0.0
-7.8626999e-06	-0.00014878315	0.0
-6.919563e-06	-0.0001514094	0.0
-8.5312795e-06	-0.00015275984	0.0
-8.082352e-06	-0.00015864249	0.0
-7.8465364e-06	-0.00016209729	0.0
-7.4956697e-06	-0.00016537582	0.0
-7.9535666e-06	-0.00016990483	0.0
-8.179245e-06	-0.00017293532	0.0
-9.3307726e-06	-0.00017608079	0.0
-9.2305409e-06	-0.00018033588	0.0
-8.0679474e-06	-0.00018362665	0.0
-8.863587e-06	-0.00018841958	0.0
-9.5575951e-06	-0.00019281311	0.0
-9.9122517e-06	-0.00019760875	0.0
-8.8713969e-06	-0.00020282186	0.0
-9.3225244e-06	-0.00020762355	0.0
-9.4452062e-06	-0.0002124272	0.0
-8.9781588e-06	-0.00021681338	0.0
-9.2119199e-06	-0.00022216229	0.0
-8.2837905e-06	-0.00022668843	0.0
-9.0864478e-06	-0.00023230405	0.0
-8.7427006e-06	-0.00023833495	0.0
-9.4246634e-06	-0.00024478373	0.0
-1.0010342e-05	-0.0002504077	0.0
-9.3166882e-06	-0.00025671363	0.0
-9.6560325e-06	-0.00026288268	0.0
-9.7724023e-06	-0.00026974041	0.0
-9.9998078e-06	-0.00027617597	0.0
-1.0118752e-05	-0.00028440199	0.0
-9.7665443e-06	-0.00029112305	0.0
-1.0456709e-05	-0.00029907902	0.0
-1.022878e-05	-0.00030525011	0.0
-1.0565361e-05	-0.00031333082	0.0
-1.1261225e-05	-0.00032114019	0.0
-1.0918854e-05	-0.00033060357	0.0
-1.1021263e-05	-0.00033828497	0.0
-1.2177116e-05	-0.00034760137	0.0
-1.1838481e-05	-0.0003559714	0.0
-1.182693e-05	-0.00036527516	0.0
-1.2184971e-05	-0.0003762455	0.0
-1.0791505e-05	-0.00038557607	0.0
-1.2275569e-05	-0.00039557455	0.0
-1.2188548e-05	-0.00040626296	0.0
-1.0214859e-05	-0.00041764582	0.0
-1.1346044e-05	-0.00042833522	0.0
-1.2171497e-05	-0.00044053467	0.0
-1.1472591e-05	-0.00045218869	0.0
-1.2730392e-05	-0.00046520933	0.0
-1.3092487e-05	-0.00047768463	0.0
-1.2278691e-05	-0.00049151439	0.0
-1.2624473e-05	-0.00050632574	0.0
-1.1702665e-05	-0.00051990262	0.0
-1.2372286e-05	-0.00053496152	0.0
-1.3999812e-05	-0.00055155472	0.0
-1.3422323e-05	-0.00056623464	0.0
-1.4795293e-05	-0.00058211217	0.0
-1.481738e-05	-0.00060007779	0.0
-1.342289e-05	-0.00061652286	0.0
-1.3992654e-05	-0.00063597824	0.0
-1.3534928e-05	-0.00065420853	0.0
-1.4207251e-05	-0.0006743538	0.0
-1.6055827e-05	-0.00069367577	0.0
-1.6076845e-05	-0.00071518752	0.0
-1.5138375e-05	-0.00073615054	0.0
-1.6514388e-05	-0.00075959321	0.0
-1.664021e-05	-0.00078179484	0.0
-1.6750906e-05	-0.0008069991	0.0
-1.6753607e-05	-0.00083140063	0.0
-1.6965711e-05	-0.00085755519	0.0
-1.881905e-05	-0.00088484987	0.0
-1.8135599e-05	-0.00091086765	0.0
-1.8701108e-05	-0.00094236905	0.0
-1.893071e-05	-0.00097213738	0.0
-2.007424e-05	-0.0010028104	0.0
-2.1121241e-05	-0.0010367959	0.0
-2.0789688e-05	-0.0010703725	0.0
-2.0523454e-05	-0.0011059941	0.0
-2.3424876e-05	-0.0011424655	0.0
-2.1587819e-05	-0.001179042	0.0
-2.3295133e-05	-0.0012195833	0.0
-2.3310735e-05	-0.0012611136	0.0
-2.4101497e-05	-0.0013041456	0.0
-2.515081e-05	-0.0013488326	0.0
-2.5365583e-05	-0.0013951584	0.0
-2.7457341e-05	-0.0014435244	0.0
-2.6068572e-05	-0.0014949093	0.0
-2.8476712e-05	-0.0015481061	0.0
-2.8490744e-05	-0.0016015437	0.0
-2.9745128e-05	-0.0016588268	0.0
-3.0902986e-05	-0.0017182953	0.0
-3.2050957e-05	-0.0017815989	0.0
-3.3215823e-05	-0.001846015	0.0
-3.297802e-05	-0.001913307	0.0
-3.5039113e-05	-0.0019834712	0.0
-3.6441579e-05	-0.0020580173	0.0
-3.6434878e-05	-0.0021340675	0.0
-3.8381975e-05	-0.0022160162	0.0
-4.0234492e-05	-0.0022994776	0.0
-4.1727526e-05	-0.0023864754	0.0
-4.4147408e-05	-0.0024778531	0.0
-4.5770576e-05	-0.0025744701	0.0
-4.7260775e-05	-0.0026738078	0.0
-4.9796115e-05	-0.0027783283	0.0
-5.1869931e-05	-0.0028897091	0.0
-5.4526681e-05	-0.0030034641	0.0
-5.6363657e-05	-0.0031217432	0.0
-6.0056806e-05	-0.0032479132	0.0
-6.1562954e-05	-0.0033785012	0.0
-6.4885797e-05	-0.0035157877	0.0
-6.9155074e-05	-0.0036585603	0.0
-7.2854011e-05	-0.0038099708	0.0
-7.5856828e-05	-0.0039668404	0.0
-7.9072881e-05	-0.004130167	0.0
-8.4138686e-05	-0.0043015992	0.0
-8.8993293e-05	-0.0044811056	0.0
-9.3368304e-05	-0.0046691541	0.0
-9.9126468e-05	-0.0048664338	0.0
-0.00010467317	-0.0050719711	0.0
-0.00010985429	-0.0052865404	0.0
-0.00011643138	-0.0055120657	0.0
-0.00012218431	-0.00574737	0.0
-0.00013071284	-0.0059938808	0.0
-0.00013798401	-0.0062495642	0.0
-0.00014696759	-0.0065183453	0.0
-0.00015596666	-0.0067977207	0.0
-0.00016576353	-0.0070913434	0.0
-0.00017603315	-0.0073946435	0.0
-0.00018618512	-0.007710929	0.0
-0.00019722954	-0.0080412524	0.0
-0.00021141335	-0.0083838021	0.0
-0.00022422789	-0.0087402714	0.0
-0.00023852696	-0.0091106351	0.0
-0.00025339081	-0.0094944118	0.0
-0.00027091693	-0.009890859	0.0
-0.0002878815	-0.010300705	0.0
-0.00030586633	-0.010722719	0.0
-0.00032536234	-0.011159793	0.0
-0.00034485973	-0.011608147	0.0
-0.00036548631	-0.01206889	0.0
-0.00038901085	-0.012540966	0.0
-0.00041186038	-0.013022256	0.0
-0.00043538286	-0.013510364	0.0
-0.0004599542	-0.014008252	0.0
-0.00048488402	-0.014508134	0.0
-0.00050865521	-0.015013307	0.0
-0.00053265539	-0.01551563	0.0
-0.00055551284	-0.01600836	0.0
-0.00057686621	-0.016487999	0.0
-0.00059777708	-0.016943956	0.0
-0.00061454467	-0.017366895	0.0
-0.00062899769	-0.017738407	0.0
-0.00063963654	-0.018043129	0.0
-0.00064845092	-0.018255642	0.0
-0.00065047748	-0.018348541	0.0
-0.00064787723	-0.01828664	0.0
-0.00063949375	-0.018027192	0.0
-0.00062812638	-0.017514646	0.0
-0.00060936541	-0.016688457	0.0
-0.00058885833	-0.015472732	0.0
-0.00056237687	-0.013775439	0.0
-0.00053205201	-0.011488772	0.0
-0.00049953372	-0.0084893154	0.0
-0.00046356142	-0.0046341433	0.0
-0.00042503965	0.00024523478	0.0
-0.00038499458	0.0063177766	0.0
-0.00034403152	0.013789884	0.0
-0.00029864974	0.022790045	0.0
-0.00025449286	0.033525448	0.0
-0.0002069639	0.046094608	0.0
-0.00015786315	0.060523525	0.0
-0.00010456978	0.076793998	0.0
-4.4683758e-05	0.094699353	0.0
1.8197845e-05	0.11401124	0.0
8.8321663e-05	0.13424633	0.0
0.00016618123	0.15504989	0.0
0.00025210602	0.17582648	0.0
0.00034378195	0.19608396	0.0
0.00044300343	0.21525754	0.0
0.0005495142	0.23283181	0.0
0.00066183065	0.24828252	0.0
0.00078301382	0.2611143	0.0
0.00090908626	0.27081972	0.0
0.0010358138	0.27694312	0.0
0.0011673928	0.27905223	0.0
0.0012939874	0.27681017	0.0
0.0014152376	0.26999599	0.0
0.0015274658	0.25846672	0.0
0.0016242595	0.24222371	0.0
0.0017015283	0.22135943	0.0
0.001755527	0.19606811	0.0
0.0017813863	0.16658202	0.0
0.0017765573	0.13325487	0.0
0.001735711	0.096437193	0.0
0.0016613064	0.056631975	0.0
0.0015548657	0.014289559	0.0
0.0014139914	-0.030015718	0.0
0.0012471928	-0.075611249	0.0
0.0010518892	-0.12189269	0.0
0.00083929562	-0.16812231	0.0
0.00060985732	-0.21360509	0.0
0.00037807866	-0.2576282	0.0
0.0001395545	-0.2995525	0.0
-9.4981035e-05	-0.33887973	0.0
-0.00032530847	-0.37508169	0.0
-0.00054886093	-0.40771323	0.0
-0.00075574638	-0.43643591	0.0
-0.00095478538	-0.46077934	0.0
-0.0011365023	-0.48059186	0.0
-0.0013054167	-0.49552476	0.0
-0.0014586929	-0.50541818	0.0
-0.001593293	-0.51003271	0.0
-0.0017169806	-0.50920504	0.0
-0.0018252857	-0.5028007	0.0
-0.0019136905	-0.49068946	0.0
-0.0019901285	-0.47282019	0.0
-0.002048231	-0.44919556	0.0
-0.0020915049	-0.41993934	0.0
-0.0021187253	-0.38518491	0.0
-0.0021284551	-0.34528717	0.0
-0.0021183956	-0.30068409	0.0
-0.0020924043	-0.25198519	0.0
-0.0020490414	-0.1999274	0.0
-0.0019893113	-0.14500132	0.0
-0.001912617	-0.087990806	0.0
-0.00182177	-0.02969153	0.0
-0.0017135505	0.029275328	0.0
-0.0015923865	0.088238373	0.0
-0.0014524118	0.14657396	0.0
-0.0012990957	0.20343968	0.0
-0.0011294457	0.25834715	0.0
-0.00094414724	0.31026763	0.0
-0.00074553501	0.35875815	0.0
-0.00053607853	0.40303156	0.0
-0.00031772195	0.44256318	0.0
-9.5057003e-05	0.47685063	0.0
0.00013649212	0.50548285	0.0
0.00036051514	0.52818662	0.0
0.00058269926	0.54476392	0.0
0.00079581817	0.5551374	0.0
0.0010053369	0.55917734	0.0
0.0011991074	0.55692333	0.0
0.0013829061	0.5483433	0.0
0.0015537607	0.53348476	0.0
0.0017070452	0.51236367	0.0
0.0018442364	0.48525184	0.0
0.0019548559	0.45223644	0.0
0.002047746	0.41367698	0.0
0.0021136315	0.36999369	0.0
0.0021525715	0.32182801	0.0
0.0021665813	0.26974413	0.0
0.0021502296	0.21434744	0.0
0.0021119276	0.15670575	0.0
0.0020433643	0.097200967	0.0
0.0019533464	0.036866784	0.0
0.001838917	-0.023846408	0.0
0.0017071917	-0.084118046	0.0
0.0015558877	-0.14339137	0.0
0.0013919115	-0.20089516	0.0
0.0012154191	-0.25583786	0.0
0.0010309872	-0.30768567	0.0
0.00083985162	-0.35543132	0.0
0.00064844964	-0.39851728	0.0
0.00045648703	-0.43673769	0.0
0.00026852367	-0.46923631	0.0
9.2538859e-05	-0.49585721	0.0
-8.3715575e-05	-0.51641238	0.0
-0.00023709447	-0.53075331	0.0
-0.00038756058	-0.53876436	0.0
-0.00052912621	-0.54045188	0.0
-0.00064394163	-0.53577214	0.0
-0.00076595409	-0.52476352	0.0
-0.00085951667	-0.5074569	0.0
-0.00095401442	-0.48397973	0.0
-0.0010306805	-0.45453432	0.0
-0.0010950223	-0.41931999	0.0
-0.0011564936	-0.37880421	0.0
-0.0011950788	-0.33344349	0.0
-0.0012321693	-0.2839238	0.0
-0.0012562091	-0.23077764	0.0
-0.0012711507	-0.17478678	0.0
-0.0012782041	-0.11670841	0.0
-0.0012713799	-0.057149131	0.0
-0.0012590652	0.0028268427	0.0
-0.0012330286	0.062968008	0.0
-0.0011936679	0.12229793	0.0
-0.0011389878	0.18028665	0.0
-0.0010685986	0.23612197	0.0
-0.00097534125	0.28911597	0.0
-0.00086727733	0.33855775	0.0
-0.00073637842	0.38375458	0.0
-0.00058914407	0.42413491	0.0
-0.0004306864	0.45920742	0.0
-0.00025278848	0.48860249	0.0
-8.6308792e-05	0.51202697	0.0
9.9601893e-05	0.52929795	0.0
0.00026999568	0.54029852	0.0
0.00043729405	0.54497719	0.0
0.00059942098	0.54331255	0.0
0.00074042263	0.53530318	0.0
0.00087739492	0.52097589	0.0
0.0009870393	0.50039327	0.0
0.0010879099	0.47367021	0.0
0.001155574	0.4411791	0.0
0.0012071296	0.40308613	0.0
0.001238676	0.35989901	0.0
0.0012383529	0.3121627	0.0
0.0012244219	0.26049885	0.0
0.0011862131	0.2055953	0.0
0.0011348048	0.14821908	0.0
0.0010676672	0.089078851	0.0
0.00099269161	0.029005108	0.0
0.00091486878	-0.031440638	0.0
0.0008344333	-0.091509156	0.0
0.00075457012	-0.15057875	0.0
0.00067638385	-0.20784405	0.0
0.00060120254	-0.26257816	0.0
0.00052923633	-0.31402493	0.0
0.00045577274	-0.3615512	0.0
0.00038777597	-0.40450552	0.0
0.00031379057	-0.44240943	0.0
0.0002442853	-0.47466812	0.0
0.00016953755	-0.50107229	0.0
8.9161214e-05	-0.52139592	0.0
1.3654255e-05	-0.5354659	0.0
-7.0785638e-05	-0.54320681	0.0
-0.00015285352	-0.54459119	0.0
-0.00023448133	-0.53961116	0.0
-0.0003164768	-0.52829242	0.0
-0.00038816821	-0.51067752	0.0
-0.00045706177	-0.48687643	0.0
-0.00051004917	-0.45706984	0.0
-0.00054489757	-0.42149144	0.0
-0.00056285202	-0.38064885	0.0
-0.00055154908	-0.3349483	0.0
-0.00051486929	-0.28493354	0.0
-0.00044602127	-0.23148601	0.0
-0.0003453558	-0.17509995	0.0
-0.00021801952	-0.11665981	0.0
-5.8765447e-05	-0.056828313	0.0
0.00012627752	0.0035458053	0.0
0.00033406392	0.063904367	0.0
0.00056165585	0.12357169	0.0
0.00080657279	0.18181512	0.0
0.0010607109	0.23788205	0.0
0.0013220416	0.29101133	0.0
0.0015855049	0.34061682	0.0
0.0018392911	0.38590237	0.0
0.0020886292	0.42632991	0.0
0.002311598	0.46142042	0.0
0.0025206204	0.4907648	0.0
0.0026946524	0.51414907	0.0
0.0028421856	0.53129834	0.0
0.0029585038	0.54216111	0.0
0.0030398299	0.54671621	0.0
0.0030913993	0.54490513	0.0
0.0031104488	0.53675085	0.0
0.0030929367	0.52229023	0.0
0.003057146	0.50157994	0.0
0.0029804197	0.47472647	0.0
0.0028836161	0.44211319	0.0
0.00276177	0.40389156	0.0
0.0026132895	0.36055586	0.0
0.0024459607	0.31266043	0.0
0.0022567199	0.26090235	0.0
0.0020533905	0.20593147	0.0
0.0018361155	0.1483842	0.0
0.001607387	0.089303076	0.0
0.0013691649	0.029123154	0.0
0.0011244147	-0.031345386	0.0
0.00087586016	-0.0914803	0.0
0.00062507251	-0.15057014	0.0
0.00037254655	-0.20792304	0.0
0.00012238535	-0.26289991	0.0
-0.00012765963	-0.31452766	0.0
-0.0003744952	-0.36215162	0.0
-0.00060814741	-0.40530851	0.0
-0.00083754864	-0.44336411	0.0
-0.0010525853	-0.4758068	0.0
-0.0012503286	-0.50238079	0.0
-0.0014424135	-0.52284044	0.0
-0.0016003795	-0.53704584	0.0
-0.0017569168	-0.54489571	0.0
-0.0018883699	-0.54636467	0.0
-0.0020023305	-0.54143137	0.0
-0.0021008663	-0.53012049	0.0
-0.0021745004	-0.51247364	0.0
-0.0022355895	-0.48860705	0.0
-0.0022722851	-0.45865145	0.0
-0.0022820146	-0.42307454	0.0
-0.0022768404	-0.382108	0.0
-0.0022363749	-0.33628559	0.0
-0.0021790499	-0.28606352	0.0
-0.0020943279	-0.23266006	0.0
-0.0019857821	-0.17622209	0.0
-0.0018616446	-0.1177656	0.0
-0.0017144299	-0.05792331	0.0
-0.001554596	0.0027274014	0.0
-0.0013817587	0.06303063	0.0
-0.001197123	0.1226997	0.0
-0.0010050783	0.18090923	0.0
-0.0008065516	0.23695216	0.0
-0.00060374651	0.29012644	0.0
-0.00039750314	0.33963031	0.0
-0.00019682218	0.38490814	0.0
5.6827685e-06	0.42537734	0.0
0.00019704702	0.46042052	0.0
0.000379982	0.48973247	0.0
0.00055419147	0.51307428	0.0
0.00070989941	0.53026527	0.0
0.00085699651	0.54117626	0.0
0.00098177895	0.54576701	0.0
0.0010982663	0.54400074	0.0
0.0011944603	0.53588921	0.0
0.0012695164	0.52146792	0.0
0.0013329803	0.50080752	0.0
0.0013691577	0.4740417	0.0
0.0013857178	0.44146377	0.0
0.0013814935	0.40332702	0.0
0.0013473284	0.36009207	0.0
0.0012941645	0.31231403	0.0
0.001208907	0.26058251	0.0
0.001110781	0.20575708	0.0
0.0009799503	0.14838995	0.0
0.00084003404	0.089320511	0.0
0.00067848066	0.029195374	0.0
0.00050574268	-0.031195061	0.0
0.0003193997	-0.091234043	0.0
0.00012437372	-0.15025802	0.0
-8.1086764e-05	-0.20763485	0.0
-0.0002929882	-0.26239923	0.0
-0.00051257957	-0.31395245	0.0
-0.00073385576	-0.361673	0.0
-0.00095402414	-0.40489066	0.0
-0.0011787004	-0.4429372	0.0
-0.0013884157	-0.47549924	0.0
-0.00159735	-0.50218773	0.0
-0.0017876144	-0.52279598	0.0
-0.0019667977	-0.53715676	0.0
-0.0021270928	-0.54519498	0.0
-0.0022683309	-0.54687202	0.0
-0.002387132	-0.54217619	0.0
-0.0024842178	-0.53112096	0.0
-0.0025549436	-0.5137074	0.0
-0.0026018755	-0.49016821	0.0
-0.0026185932	-0.46052969	0.0
-0.0026060061	-0.42518219	0.0
-0.0025634798	-0.38441989	0.0
-0.0024928157	-0.33877662	0.0
-0.0023916482	-0.28887329	0.0
-0.002269747	-0.23541684	0.0
-0.002121595	-0.17897157	0.0
-0.0019621078	-0.1204625	0.0
-0.0017802517	-0.060590778	0.0
-0.0015919295	7.395648e-06	0.0
-0.001396364	0.060446743	0.0
-0.0011947451	0.12030309	0.0
-0.00099006598	0.17873339	0.0
-0.00078719528	0.2350325	0.0
-0.00058627978	0.28845873	0.0
-0.000388607	0.3382645	0.0
-0.00019932409	0.38389018	0.0
-1.4719986e-05	0.42449582	0.0
0.00015406808	0.45978591	0.0
0.00032081339	0.48936713	0.0
0.00046510875	0.51295137	0.0
0.0006032727	0.53028172	0.0
0.00072901527	0.54136628	0.0
0.00083276693	0.54611218	0.0
0.000938021	0.54449135	0.0
0.0010190846	0.53651029	0.0
0.0010949513	0.52221471	0.0
0.0011589086	0.50166953	0.0
0.0012075067	0.47500235	0.0
0.0012523415	0.44245678	0.0
0.0012781017	0.4044593	0.0
0.0012965493	0.3612808	0.0
0.0013006194	0.31358641	0.0
0.001290082	0.2619932	0.0
0.0012669687	0.20719105	0.0
0.0012320556	0.14983638	0.0
0.0011795532	0.090823993	0.0
0.0011136634	0.030692577	0.0
0.0010319406	-0.02966954	0.0
0.00093263743	-0.089719228	0.0
0.00081479939	-0.14875042	0.0
0.00067541358	-0.20605236	0.0
0.00051428459	-0.26089078	0.0
0.0003286055	-0.31261128	0.0
0.00011681623	-0.36026314	0.0
-0.00011357824	-0.40336782	0.0
-0.00036855199	-0.44143549	0.0
-0.00063365221	-0.4740034	0.0
-0.00091462658	-0.5007028	0.0
-0.0011970445	-0.52131683	0.0
-0.0014763656	-0.5357067	0.0
-0.0017509392	-0.54378706	0.0
-0.002012691	-0.54551196	0.0
-0.002257775	-0.54086733	0.0
-0.0024786149	-0.52986258	0.0
-0.0026773673	-0.51254708	0.0
-0.0028446014	-0.48901284	0.0
-0.0029765908	-0.45946029	0.0
-0.0030713505	-0.42427531	0.0
-0.0031262657	-0.38365152	0.0
-0.0031420453	-0.33820131	0.0
-0.0031165425	-0.28851241	0.0
-0.0030520691	-0.23525964	0.0
-0.0029564688	-0.17905495	0.0
-0.002821821	-0.12081368	0.0
-0.0026618782	-0.061178293	0.0
-0.0024696565	-0.0007236533	0.0
-0.0022551564	0.059441604	0.0
-0.0020199239	0.11899223	0.0
-0.0017620614	0.1771875	0.0
-0.0014885798	0.23325315	0.0
-0.0011986961	0.28642294	0.0
-0.00090015278	0.33603069	0.0
-0.0005951912	0.38139752	0.0
-0.00028656033	0.42197362	0.0
8.5416013e-06	0.45731008	0.0
0.00029646026	0.48683226	0.0
0.00056426885	0.51040477	0.0
0.00080959307	0.52784622	0.0
0.0010351184	0.53900212	0.0
0.0012247447	0.54383385	0.0
0.001397706	0.54230487	0.0
0.0015338615	0.53443551	0.0
0.0016474659	0.52024424	0.0
0.0017425313	0.499843	0.0
0.0018007278	0.47331408	0.0
0.0018516338	0.44092774	0.0
0.0018744748	0.40297568	0.0
0.001882146	0.35976806	0.0
0.0018831487	0.31216481	0.0
0.0018643605	0.26057684	0.0
0.0018437294	0.20578256	0.0
0.0018140518	0.14843915	0.0
0.0017802871	0.089457288	0.0
0.0017391766	0.02942647	0.0
0.0016915543	-0.030881835	0.0
0.0016339694	-0.090851039	0.0
0.0015657989	-0.14984439	0.0
0.0014841926	-0.20703919	0.0
0.0013829138	-0.26171306	0.0
0.0012656306	-0.31323594	0.0
0.0011238224	-0.36073959	0.0
0.00097043795	-0.40374905	0.0
0.00079665438	-0.44162294	0.0
0.00061090192	-0.47390875	0.0
0.00041955782	-0.50036734	0.0
0.00021570854	-0.52073222	0.0
2.5584297e-05	-0.53484273	0.0
-0.00017326778	-0.54263622	0.0
-0.00035812793	-0.54407895	0.0
-0.00053697731	-0.53916091	0.0
-0.00070141279	-0.52787411	0.0
-0.00085412891	-0.51035124	0.0
-0.00099436939	-0.48662391	0.0
-0.001108952	-0.45690155	0.0
-0.0012145411	-0.42145458	0.0
-0.0012934576	-0.38064769	0.0
-0.0013480937	-0.33515707	0.0
-0.001389389	-0.28538001	0.0
-0.0013982021	-0.23205025	0.0
-0.001392242	-0.17591606	0.0
-0.0013607786	-0.11768609	0.0
-0.0013119038	-0.058125917	0.0
-0.0012436872	0.0021495277	0.0
-0.0011588995	0.062435087	0.0
-0.0010583434	0.12189066	0.0
-0.0009453246	0.18008053	0.0
-0.00081811508	0.23611723	0.0
-0.00068329362	0.28931117	0.0
-0.00053898589	0.33893558	0.0
-0.00038788799	0.38429487	0.0
-0.00023674895	0.42487651	0.0
-8.1088991e-05	0.46012393	0.0
7.0050126e-05	0.48968536	0.0
0.00022141667	0.5132165	0.0
0.000362488	0.53062546	0.0
0.00049537583	0.54174685	0.0
0.00062912964	0.54651523	0.0
0.0007477047	0.54492712	0.0
0.00085999747	0.5369696	0.0
0.0009622568	0.52266306	0.0
0.0010541126	0.50215453	0.0
0.001135439	0.4755232	0.0
0.0011972518	0.44299969	0.0
0.0012529156	0.4049212	0.0
0.0012809029	0.36169893	0.0
0.0012976865	0.31400204	0.0
0.001287899	0.2623547	0.0
0.0012619682	0.20747572	0.0
0.0012131509	0.15007418	0.0
0.0011437588	0.090949424	0.0
0.001058818	0.03074389	0.0
0.00095506379	-0.029680707	0.0
0.00083380268	-0.089781612	0.0
0.00070069137	-0.14886166	0.0
0.00055170746	-0.20625217	0.0
0.00039365847	-0.2611261	0.0
0.00022721128	-0.31277257	0.0
5.6858997e-05	-0.36048356	0.0
-0.00011717655	-0.40363511	0.0
-0.00029102137	-0.44174388	0.0
-0.00045889651	-0.47428435	0.0
-0.00061904045	-0.50096786	0.0
-0.00077289378	-0.52157801	0.0
-0.00090943952	-0.53594589	0.0
-0.0010431312	-0.54400724	0.0
-0.0011544431	-0.5457148	0.0
-0.0012625572	-0.54106069	0.0
-0.0013488771	-0.53003228	0.0
-0.0014266924	-0.51276022	0.0
-0.0014851339	-0.48928338	0.0
-0.001529215	-0.45981911	0.0
-0.00155525	-0.4245657	0.0
-0.0015636664	-0.38402089	0.0
-0.0015597958	-0.33859834	0.0
-0.0015287157	-0.28881726	0.0
-0.0014891358	-0.23556833	0.0
-0.0014250226	-0.17933542	0.0
-0.0013487373	-0.12100486	0.0
-0.0012561168	-0.061281674	0.0
-0.0011452915	-0.00083976873	0.0
-0.0010216917	0.059619173	0.0
-0.0008815318	0.11938371	0.0
-0.00072694273	0.17771074	0.0
-0.00055940333	0.23396963	0.0
-0.00037772555	0.28740579	0.0
-0.00018430577	0.33726656	0.0
1.8208304e-05	0.38289985	0.0
0.00023086408	0.4237076	0.0
0.00044193308	0.45920655	0.0
0.00065836421	0.48896921	0.0
0.00086935237	0.51276302	0.0
0.0010723581	0.53031743	0.0
0.0012700901	0.54160047	0.0
0.0014480063	0.54652637	0.0
0.0016160519	0.54506314	0.0
0.0017612136	0.53722429	0.0
0.0018925355	0.52304214	0.0
0.0019942352	0.50258446	0.0
0.0020759918	0.4759647	0.0
0.0021347567	0.44349533	0.0
0.002161348	0.40540308	0.0
0.0021655359	0.36218441	0.0
0.0021435623	0.31432804	0.0
0.0020962162	0.26260331	0.0
0.0020341459	0.20759127	0.0
0.0019452134	0.14996834	0.0
0.001848488	0.090839788	0.0
0.0017334629	0.030546447	0.0
0.0016139538	-0.029976454	0.0
0.0014865615	-0.09025728	0.0
0.0013602123	-0.14943789	0.0
0.0012311416	-0.20688103	0.0
0.0011066196	-0.26183853	0.0
0.00098246022	-0.31359416	0.0
0.00086747535	-0.36140409	0.0
0.00075744599	-0.40468243	0.0
0.00065756234	-0.44282481	0.0
0.00056624593	-0.47545594	0.0
0.00048811935	-0.50226814	0.0
0.00041854609	-0.52287436	0.0
0.00036930776	-0.5372147	0.0
0.00032216462	-0.54528111	0.0
0.00029753463	-0.54698455	0.0
0.00028154234	-0.54229933	0.0
0.00027348922	-0.53128374	0.0
0.00028756133	-0.51387233	0.0
0.00030459848	-0.49032062	0.0
0.00033772271	-0.4607459	0.0
0.00038311194	-0.42539069	0.0
0.00043772979	-0.38474014	0.0
0.00050795014	-0.33921501	0.0
0.00058543775	-0.289451	0.0
0.00067566364	-0.23610774	0.0
0.00077144854	-0.17985626	0.0
0.0008779341	-0.12151661	0.0
0.00099092431	-0.061842468	0.0
0.0011092856	-0.0014457103	0.0
0.0012315491	0.058830742	0.0
0.0013552427	0.11838321	0.0
0.0014794616	0.17672144	0.0
0.0015985682	0.23274417	0.0
0.001714848	0.28588	0.0
0.0018177113	0.33550116	0.0
0.0019133376	0.38087574	0.0
0.0019852133	0.42148092	0.0
0.0020436007	0.45672393	0.0
0.0020755057	0.48629814	0.0
0.0020848927	0.50990403	0.0
0.0020723296	0.52733713	0.0
0.0020320446	0.53851259	0.0
0.0019685703	0.54336518	0.0
0.0018895521	0.5418666	0.0
0.0017845727	0.53402734	0.0
0.001677307	0.51986086	0.0
0.0015451876	0.49942422	0.0
0.0014153458	0.47293952	0.0
0.0012701442	0.44054142	0.0
0.0011274128	0.40259936	0.0
0.0009824055	0.35956097	0.0
0.00083264016	0.31187385	0.0
0.00069003599	0.26047677	0.0
0.00053898344	0.20566641	0.0
0.00039730655	0.14855567	0.0
0.00024954771	0.089630537	0.0
0.00010261905	0.029763224	0.0
-4.9529099e-05	-0.030424835	0.0
-0.00020471528	-0.090341963	0.0
-0.00036646725	-0.14912216	0.0
-0.00053322501	-0.20615873	0.0
-0.00070615666	-0.26071247	0.0
-0.0008812485	-0.31208754	0.0
-0.0010623629	-0.35961482	0.0
-0.0012392199	-0.4025518	0.0
-0.0014112652	-0.44044116	0.0
-0.0015766694	-0.47283557	0.0
-0.0017204322	-0.49940002	0.0
-0.0018479984	-0.51987475	0.0
-0.0019547848	-0.53414869	0.0
-0.0020355636	-0.54211557	0.0
-0.0020932816	-0.54374558	0.0
-0.0021155288	-0.53903306	0.0
-0.0021185088	-0.52797347	0.0
-0.0020855896	-0.51060957	0.0
-0.002029469	-0.48715445	0.0
-0.0019445036	-0.45765242	0.0
-0.0018347655	-0.42247063	0.0
-0.0017074083	-0.38191026	0.0
-0.0015538293	-0.33659041	0.0
-0.0013859533	-0.28700343	0.0
-0.0012074806	-0.23375751	0.0
-0.0010115423	-0.17785268	0.0
-0.00081671838	-0.11972681	0.0
-0.00060897623	-0.060249094	0.0
-0.0004054381	-5.8699323e-05	0.0
-0.00020213511	0.060067762	0.0
-3.8184689e-06	0.11954519	0.0
0.00019064323	0.1776973	0.0
0.00037403803	0.23375499	0.0
0.00054771156	0.28696612	0.0
0.00070910744	0.33665049	0.0
0.00085802376	0.38219455	0.0
0.00099505857	0.42280135	0.0
0.0011092392	0.45813382	0.0
0.0012202302	0.48780817	0.0
0.0013032902	0.51151347	0.0
0.0013812378	0.52906722	0.0
0.0014451767	0.54036254	0.0
0.0014879756	0.54533458	0.0
0.0015353845	0.54395163	0.0
0.0015506069	0.53622711	0.0
0.0015671746	0.52218026	0.0
0.00156366	0.5018906	0.0
0.0015433502	0.47549245	0.0
0.0015196025	0.44317842	0.0
0.0014561617	0.40536299	0.0
0.0013920674	0.36239862	0.0
0.0012953881	0.31480816	0.0
0.0011834654	0.26327226	0.0
0.0010511216	0.20839618	0.0
0.00089867186	0.15119866	0.0
0.0007345347	0.092034414	0.0
0.00055164628	0.031972066	0.0
0.00035981214	-0.028529145	0.0
0.00016046841	-0.088648528	0.0
-4.4007127e-05	-0.14783953	0.0
-0.0002533404	-0.20536403	0.0
-0.00046277262	-0.26026177	0.0
-0.00067209476	-0.31196183	0.0
-0.00087619998	-0.35981789	0.0
-0.0010739231	-0.40316403	0.0
-0.0012666534	-0.44134524	0.0
-0.0014421284	-0.47405297	0.0
-0.0016118757	-0.50088018	0.0
-0.0017610028	-0.52161038	0.0
-0.0018951944	-0.53608423	0.0
-0.0020188321	-0.54423362	0.0
-0.0021137008	-0.54601938	0.0
-0.0022028233	-0.54142499	0.0
-0.0022708003	-0.53047317	0.0
-0.0023208547	-0.51321608	0.0
-0.0023532887	-0.48977894	0.0
-0.0023662378	-0.46028093	0.0
-0.0023665749	-0.42513126	0.0
-0.0023440516	-0.38458496	0.0
-0.0023081719	-0.33919394	0.0
-0.0022528409	-0.28948542	0.0
-0.0021763826	-0.23627403	0.0
-0.002092795	-0.18016541	0.0
-0.0019827422	-0.1219198	0.0
-0.0018668562	-0.062342208	0.0
-0.0017297728	-0.0018156484	0.0
-0.0015809644	0.058208186	0.0
-0.0014160172	0.11779381	0.0
-0.0012369229	0.17599331	0.0
-0.0010407231	0.23205633	0.0
-0.00083140639	0.285292	0.0
-0.0006087682	0.33496073	0.0
-0.00037275758	0.38042155	0.0
-0.00013530452	0.42124438	0.0
0.00011281154	0.45655635	0.0
0.00035360709	0.48619929	0.0
0.00059183192	0.50989825	0.0
0.00081813784	0.52746254	0.0
0.0010288801	0.53877968	0.0
0.0012258266	0.54378009	0.0
0.0013978122	0.54246193	0.0
0.0015465835	0.53482085	0.0
0.0016735485	0.52089161	0.0
0.0017638729	0.50072551	0.0
0.0018329147	0.47450557	0.0
0.0018635052	0.44238219	0.0
0.0018667645	0.40468073	0.0
0.0018386454	0.36191669	0.0
0.0017733106	0.31449401	0.0
0.0016947272	0.26314813	0.0
0.0015767963	0.20843466	0.0
0.00144832	0.15123479	0.0
0.0013018133	0.09217944	0.0
0.0011409773	0.032144874	0.0
0.00097749592	-0.028317902	0.0
0.00080522872	-0.088587791	0.0
0.00063253345	-0.14768229	0.0
0.00046367774	-0.20517659	0.0
0.00029869901	-0.26025537	0.0
0.00013412075	-0.31207529	0.0
-1.4482928e-05	-0.36001503	0.0
-0.00016591149	-0.40339464	0.0
-0.00029747549	-0.44174224	0.0
-0.00042481723	-0.4745073	0.0
-0.00054080313	-0.50140178	0.0
-0.00063647318	-0.52217376	0.0
-0.00073777168	-0.53670323	0.0
-0.00081568421	-0.54486293	0.0
-0.00089017471	-0.5466485	0.0
-0.0009611118	-0.54203647	0.0
-0.0010108863	-0.53108311	0.0
-0.0010724278	-0.51377904	0.0
-0.0011044426	-0.49028379	0.0
-0.0011465932	-0.46077004	0.0
-0.0011690888	-0.42547983	0.0
-0.0011778757	-0.38484564	0.0
-0.0011809518	-0.33931682	0.0
-0.0011603124	-0.28961498	0.0
-0.0011291292	-0.23630264	0.0
-0.0010798562	-0.18012294	0.0
-0.001013185	-0.12179717	0.0
-0.00093390897	-0.062103592	0.0
-0.00084082078	-0.001640912	0.0
-0.00073733251	0.05865863	0.0
-0.00062705041	0.11836092	0.0
-0.00051439845	0.17678149	0.0
-0.00040033061	0.23297311	0.0
-0.00028960351	0.2863571	0.0
-0.0001823186	0.336209	0.0
-8.6126776e-05	0.38188553	0.0
5.4741067e-06	0.42269382	0.0
8.2411687e-05	0.45822096	0.0
0.00014782218	0.4880394	0.0
0.00020223261	0.5119046	0.0
0.00024543618	0.5296095	0.0
0.00028109763	0.54102623	0.0
0.00030340999	0.54609531	0.0
0.00031516002	0.54479074	0.0
0.00032386469	0.53711885	0.0
0.00031751583	0.52311265	0.0
0.00031229679	0.5028314	0.0
0.00029150708	0.47645569	0.0
0.00027025773	0.44417581	0.0
0.00023915201	0.40634096	0.0
0.00019981879	0.36335549	0.0
0.0001619625	0.31578732	0.0
0.00010734813	0.26425743	0.0
5.1126648e-05	0.2094816	0.0
-1.2670458e-05	0.15215991	0.0
-8.3918181e-05	0.093065485	0.0
-0.00016313502	0.033027697	0.0
-0.00024335993	-0.027431045	0.0
-0.00032710622	-0.087620333	0.0
-0.0004101212	-0.14666583	0.0
-0.00049450865	-0.2039845	0.0
-0.00057183712	-0.25886214	0.0
-0.00064377836	-0.3104817	0.0
-0.00071100204	-0.35820636	0.0
-0.00076387194	-0.40144211	0.0
-0.00081490562	-0.43959534	0.0
-0.00084629853	-0.47228745	0.0
-0.00087178603	-0.49912617	0.0
-0.0008906913	-0.51990926	0.0
-0.0008943599	-0.53448987	0.0
-0.0008914831	-0.54278678	0.0
-0.00088170375	-0.54472589	0.0
-0.00086642063	-0.54032981	0.0
-0.00084281177	-0.52959675	0.0
-0.00081638852	-0.5125463	0.0
-0.00078129797	-0.48936194	0.0
-0.0007413975	-0.46013921	0.0
-0.00069801125	-0.42516753	0.0
-0.00064488384	-0.38476959	0.0
-0.00059049099	-0.33956721	0.0
-0.00052677369	-0.28997603	0.0
-0.00046303234	-0.23668662	0.0
-0.00038768226	-0.18066701	0.0
-0.00030780197	-0.12233696	0.0
-0.00021941046	-0.0627257	0.0
-0.00011664363	-0.0023372555	0.0
-4.1043486e-06	0.058001798	0.0
0.00012357037	0.11772826	0.0
0.00026633483	0.17605378	0.0
0.00042680584	0.23226763	0.0
0.00060006458	0.28571141	0.0
0.00079287012	0.3354477	0.0
0.00099082815	0.38097668	0.0
0.0011977731	0.42172125	0.0
0.0014078947	0.45718047	0.0
0.0016096687	0.48688161	0.0
0.0018132904	0.51060992	0.0
0.0019906429	0.52819526	0.0
0.0021648225	0.53949654	0.0
0.0023110367	0.54448509	0.0
0.0024366879	0.54313409	0.0
0.0025447991	0.53544474	0.0
0.0026150178	0.52143782	0.0
0.0026755352	0.50120026	0.0
0.0026930771	0.47487062	0.0
0.0026853308	0.44261757	0.0
0.0026507552	0.40487131	0.0
0.0025760534	0.36194453	0.0
0.0024863428	0.31447837	0.0
0.0023596752	0.26301029	0.0
0.0022140129	0.20805675	0.0
0.0020453937	0.15111817	0.0
0.0018517023	0.091881432	0.0
0.0016501882	0.032134913	0.0
0.0014279834	-0.02824869	0.0
0.0011954977	-0.088477671	0.0
0.00094818417	-0.14750631	0.0
0.00069610687	-0.20480758	0.0
0.00043596834	-0.2597304	0.0
0.00017259252	-0.31124815	0.0
-8.7515451e-05	-0.35888097	0.0
-0.00034179524	-0.40201709	0.0
-0.00058368495	-0.44007206	0.0
-0.00081212999	-0.47262099	0.0
-0.0010179749	-0.49928355	0.0
-0.0011987764	-0.51989496	0.0
-0.0013590952	-0.53427625	0.0
-0.0014891658	-0.54237556	0.0
-0.0015941557	-0.5441308	0.0
-0.0016785471	-0.53954566	0.0
-0.0017293299	-0.52860856	0.0
-0.0017648127	-0.51143372	0.0
-0.0017704149	-0.48806083	0.0
-0.0017557151	-0.45870802	0.0
-0.0017250613	-0.42361072	0.0
-0.0016624881	-0.3832365	0.0
-0.0015897817	-0.33803147	0.0
-0.0014882823	-0.28848806	0.0
-0.0013740616	-0.23552875	0.0
-0.0012482572	-0.17957984	0.0
-0.0011012882	-0.12155107	0.0
-0.00095155177	-0.06213218	0.0
-0.00079116004	-0.0019503628	0.0
-0.00062973442	0.058258452	0.0
-0.00046598341	0.11771732	0.0
-0.00030486024	0.17591961	0.0
-0.00014776769	0.23203108	0.0
4.9676287e-06	0.28537115	0.0
0.00015275597	0.33517161	0.0
0.0002969756	0.38079637	0.0
0.00043090418	0.42165482	0.0
0.00056305836	0.45727733	0.0
0.00068201247	0.48713845	0.0
0.00080102618	0.51110065	0.0
0.00090694253	0.52892023	0.0
0.0010129123	0.54046285	0.0
0.0011070963	0.54567826	0.0
0.0011953205	0.54453272	0.0
0.001284364	0.53702885	0.0
0.0013511449	0.52318227	0.0
0.0014264425	0.50310361	0.0
0.0014714854	0.4768824	0.0
0.0015153233	0.44476068	0.0
0.0015348003	0.4070248	0.0
0.0015271287	0.36412075	0.0
0.001504691	0.31664783	0.0
0.0014435406	0.2651141	0.0
0.0013607946	0.21034068	0.0
0.0012498599	0.15294032	0.0
0.0011118837	0.093843818	0.0
0.00095364061	0.033639681	0.0
0.00077301956	-0.027072286	0.0
0.0005801873	-0.087210603	0.0
0.00037902896	-0.1464462	0.0
0.00017288535	-0.20392273	0.0
-3.7413196e-05	-0.25896478	0.0
-0.00023921307	-0.31081221	0.0
-0.00044122923	-0.35876143	0.0
-0.00062469329	-0.40223458	0.0
-0.0007946078	-0.44052985	0.0
-0.00095201813	-0.47330743	0.0
-0.0010764002	-0.50026542	0.0
-0.0011926076	-0.52110106	0.0
-0.0012741232	-0.53569055	0.0
-0.0013390827	-0.5439471	0.0
-0.0013843528	-0.54584575	0.0
-0.001399987	-0.54137117	0.0
-0.0014061753	-0.53051847	0.0
-0.0013869485	-0.51340252	0.0
-0.00135334	-0.49005502	0.0
-0.0013091293	-0.46068183	0.0
-0.0012425488	-0.42553779	0.0
-0.0011714211	-0.38509679	0.0
-0.00108671	-0.33974183	0.0
-0.00099130382	-0.29006347	0.0
-0.00088762754	-0.23691213	0.0
-0.00077958789	-0.18077606	0.0
-0.00065967289	-0.12258361	0.0
-0.00053560297	-0.06299796	0.0
-0.00040339	-0.0027152023	0.0
-0.00026588899	0.057557005	0.0
-0.00012107281	0.11720543	0.0
3.2139051e-05	0.17544295	0.0
0.00018964979	0.23156789	0.0
0.00035429609	0.28486997	0.0
0.00052257709	0.33463001	0.0
0.00069696136	0.38015929	0.0
0.00086455827	0.42090571	0.0
0.0010335856	0.45633054	0.0
0.0011873458	0.48610637	0.0
0.001327099	0.50991821	0.0
0.0014589819	0.5275259	0.0
0.0015518133	0.53891224	0.0
0.0016395472	0.54398054	0.0
0.001691222	0.54270679	0.0
0.0017129981	0.53508991	0.0
0.0017214842	0.52117604	0.0
0.0016779823	0.50100958	0.0
0.0016288802	0.474729	0.0
0.0015355252	0.44261101	0.0
0.0014183475	0.40492037	0.0
0.0012841156	0.36212033	0.0
0.0011100117	0.31470147	0.0
0.0009346208	0.26341769	0.0
0.00073191902	0.20882395	0.0
0.00052168471	0.15165168	0.0
0.00030367216	0.092841223	0.0
7.6220669e-05	0.032909624	0.0
-0.00015000733	-0.027372012	0.0
-0.0003752803	-0.087394208	0.0
-0.00059815298	-0.14641377	0.0
-0.00081324426	-0.20380147	0.0
-0.0010195991	-0.258791	0.0
-0.0012165571	-0.31052145	0.0
-0.0013950291	-0.35855517	0.0
-0.0015603572	-0.40188947	0.0
-0.0017056592	-0.44023988	0.0
-0.0018286139	-0.47309864	0.0
-0.0019342046	-0.50012636	0.0
-0.002011053	-0.52107519	0.0
-0.0020751222	-0.53576803	0.0
-0.002109183	-0.5441528	0.0
-0.0021289194	-0.54617059	0.0
-0.0021309871	-0.54181516	0.0
-0.0021052028	-0.53109229	0.0
-0.0020737364	-0.514063	0.0
-0.0020126184	-0.49081215	0.0
-0.0019420951	-0.46156612	0.0
-0.001847357	-0.42654645	0.0
-0.0017342044	-0.38604918	0.0
-0.0016044667	-0.34074551	0.0
-0.0014483116	-0.29115653	0.0
-0.0012850612	-0.23796938	0.0
-0.0010975121	-0.18197709	0.0
-0.00090160687	-0.12377892	0.0
-0.0006904843	-0.064146981	0.0
-0.00047485417	-0.0038262289	0.0
-0.00025422938	0.056468647	0.0
-3.2072759e-05	0.11628363	0.0
0.00018738597	0.17445493	0.0
0.00040115791	0.23070772	0.0
0.00060590473	0.28421128	0.0
0.00080368988	0.33404827	0.0
0.00098739611	0.37977603	0.0
0.001160614	0.42072621	0.0
0.0013187587	0.45639324	0.0
0.0014616027	0.48639885	0.0
0.0015862135	0.51045567	0.0
0.0017008736	0.5283556	0.0
0.0017923354	0.53999543	0.0
0.0018804931	0.54529673	0.0
0.00193874	0.54423738	0.0
0.0019968397	0.53683591	0.0
0.0020379697	0.52310044	0.0
0.0020558336	0.50310266	0.0
0.0020731639	0.47700256	0.0
0.0020584855	0.44496253	0.0
0.0020335398	0.40735531	0.0
0.001988522	0.36459154	0.0
0.0019088489	0.31720638	0.0
0.0018218614	0.26587251	0.0
0.0016993306	0.21122831	0.0
0.0015620871	0.1540072	0.0
0.0014018948	0.094931141	0.0
0.0012221474	0.034943625	0.0
0.0010302201	-0.025527641	0.0
0.00082266191	-0.085690372	0.0
0.00060511008	-0.14489262	0.0
0.00038106952	-0.20239042	0.0
0.0001496116	-0.25742048	0.0
-8.5188294e-05	-0.30926242	0.0
-0.00032212952	-0.35722306	0.0
-0.00055715919	-0.4006032	0.0
-0.00078267301	-0.43896544	0.0
-0.0010076901	-0.47167969	0.0
-0.0012127332	-0.49861875	0.0
-0.0014104162	-0.51934475	0.0
-0.0015870001	-0.53387451	0.0
-0.001747179	-0.54206145	0.0
-0.0018891195	-0.54387641	0.0
-0.0020089559	-0.53930539	0.0
-0.0021153938	-0.52837634	0.0
-0.0021901764	-0.51115334	0.0
-0.0022503103	-0.487739	0.0
-0.0022855096	-0.45833018	0.0
-0.0022921604	-0.42319477	0.0
-0.0022773787	-0.38271469	0.0
-0.0022292358	-0.3374196	0.0
-0.0021603294	-0.28796798	0.0
-0.0020593214	-0.23486763	0.0
-0.0019370305	-0.17890997	0.0
-0.0017869823	-0.12082839	0.0
-0.001614714	-0.061405677	0.0
-0.0014249784	-0.0013129512	0.0
-0.0012161235	0.058755215	0.0
-0.00099282828	0.11814816	0.0
-0.00075665605	0.17618112	0.0
-0.00050754391	0.23206176	0.0
-0.00024933161	0.28512064	0.0
1.5253555e-05	0.33463424	0.0
0.00029145306	0.37997273	0.0
0.00055961823	0.42054471	0.0
0.0008382611	0.45584273	0.0
0.0011013454	0.48548731	0.0
0.0013569293	0.50920254	0.0
0.0016012541	0.52681273	0.0
0.001817007	0.53821731	0.0
0.0020200766	0.54332596	0.0
0.0021908439	0.54213351	0.0
0.0023360711	0.53464156	0.0
0.0024466796	0.52083886	0.0
0.0025233184	0.50087154	0.0
0.0025641441	0.47480121	0.0
0.002561189	0.44283697	0.0
0.0025228525	0.40531069	0.0
0.0024397681	0.36262003	0.0
0.002322681	0.31538308	0.0
0.0021664116	0.26420474	0.0
0.0019786169	0.20967565	0.0
0.0017641496	0.15261944	0.0
0.0015228719	0.093700722	0.0
0.0012625174	0.033716369	0.0
0.0009829941	-0.026516143	0.0
0.0006915995	-0.086485907	0.0
0.00039098013	-0.14553225	0.0
8.5147753e-05	-0.20277253	0.0
-0.00022713075	-0.25763068	0.0
-0.00053414569	-0.30931997	0.0
-0.00083850638	-0.35714272	0.0
-0.0011287244	-0.40047729	0.0
-0.0014076449	-0.43878967	0.0
-0.0016662263	-0.47155747	0.0
-0.0018995819	-0.49853852	0.0
-0.002110214	-0.51939404	0.0
-0.0022897942	-0.5340839	0.0
-0.0024397513	-0.54243004	0.0
-0.0025611473	-0.54445779	0.0
-0.0026513478	-0.54013681	0.0
-0.0027140616	-0.52947867	0.0
-0.0027401855	-0.51253021	0.0
-0.0027455571	-0.48939428	0.0
-0.0027091592	-0.46021089	0.0
-0.0026511513	-0.42529482	0.0
-0.002566501	-0.38502786	0.0
-0.0024492925	-0.33982188	0.0
-0.0023175457	-0.29028809	0.0
-0.0021605077	-0.23710211	0.0
-0.0019911742	-0.1811599	0.0
-0.0018065926	-0.12293438	0.0
-0.0016142249	-0.063299388	0.0
-0.0014109331	-0.0029514385	0.0
-0.0012026206	0.057361137	0.0
-0.00098857353	0.11710149	0.0
-0.00076827564	0.17540461	0.0
-0.00053935044	0.23162489	0.0
-0.00030557089	0.28501487	0.0
-6.2348467e-05	0.33481872	0.0
0.00018748906	0.38056955	0.0
0.00043952098	0.42118546	0.0
0.00069889799	0.45659801	0.0
0.00094958197	0.48633492	0.0
0.0012098036	0.51010573	0.0
0.0014543179	0.52774388	0.0
0.0016918776	0.53909862	0.0
0.0019303589	0.5441426	0.0
0.0021342707	0.54284447	0.0
0.0023469806	0.53517216	0.0
0.0025200043	0.52119011	0.0
0.0026798346	0.50096893	0.0
0.002817251	0.47465736	0.0
0.0029111619	0.44244739	0.0
0.0029868283	0.40476528	0.0
0.0030109885	0.3618952	0.0
0.0030043276	0.31449383	0.0
0.0029563946	0.26309395	0.0
0.0028653473	0.20841607	0.0
0.0027407778	0.15124366	0.0
0.0025751905	0.092372939	0.0
0.0023824295	0.032391571	0.0
0.0021552492	-0.027974755	0.0
0.0019023204	-0.088014342	0.0
0.0016221085	-0.14704816	0.0
0.0013217487	-0.20441847	0.0
0.00099943671	-0.25930157	0.0
0.00066418643	-0.31101286	0.0
0.00030960003	-0.35884553	0.0
-4.3831504e-05	-0.4021239	0.0
-0.00040091531	-0.44036722	0.0
-0.00075235736	-0.47313467	0.0
-0.0010797429	-0.50004542	0.0
-0.0014003977	-0.52093416	0.0
-0.0016788363	-0.53557801	0.0
-0.0019395087	-0.54392195	0.0
-0.0021655185	-0.54593581	0.0
-0.0023545176	-0.54158831	0.0
-0.0025153791	-0.53090459	0.0
-0.0026282051	-0.51392198	0.0
-0.0027121312	-0.49075878	0.0
-0.0027467809	-0.46157041	0.0
-0.0027509548	-0.426642	0.0
-0.002710179	-0.3863472	0.0
-0.0026283562	-0.34116748	0.0
-0.0025181149	-0.29169881	0.0
-0.0023663447	-0.2385533	0.0
-0.0021940332	-0.18250784	0.0
-0.0019915588	-0.12437031	0.0
-0.0017685825	-0.064779885	0.0
-0.001530265	-0.0044308892	0.0
-0.0012778937	0.055954203	0.0
-0.0010127228	0.11555927	0.0
-0.0007396359	0.17399105	0.0
-0.00046048491	0.23020193	0.0
-0.00017595134	0.28363919	0.0
0.00010785297	0.33360562	0.0
0.00039118293	0.3793706	0.0
0.0006695264	0.42038426	0.0
0.00093424489	0.45604602	0.0
0.0011884914	0.486083	0.0
0.0014141714	0.51017553	0.0
0.0016244227	0.52810681	0.0
0.0018016795	0.53977668	0.0
0.00194825	0.54512507	0.0
0.002071331	0.54412407	0.0
0.0021551619	0.5367555	0.0
0.0022109405	0.52308893	0.0
0.0022308328	0.50316304	0.0
0.0022200732	0.47718748	0.0
0.0021779416	0.44524062	0.0
0.0021008269	0.40771258	0.0
0.0020011007	0.36501595	0.0
0.0018696857	0.31767878	0.0
0.0017225756	0.26634327	0.0
0.0015531161	0.21169817	0.0
0.0013732692	0.15448329	0.0
0.0011858732	0.09544377	0.0
0.0009922086	0.035308145	0.0
0.00080213434	-0.025200995	0.0
0.00061378209	-0.085475691	0.0
0.00043063049	-0.14469489	0.0
0.00025171167	-0.20228803	0.0
8.1867322e-05	-0.25741974	0.0
-8.1944563e-05	-0.30940014	0.0
-0.00024103803	-0.3574712	0.0
-0.00039284999	-0.40106961	0.0
-0.0005407072	-0.43953735	0.0
-0.000682301	-0.47254118	0.0
-0.00081640284	-0.49959773	0.0
-0.00095589412	-0.52062356	0.0
-0.0010789909	-0.5353561	0.0
-0.0012117305	-0.54379082	0.0
-0.001334466	-0.54585397	0.0
-0.0014505257	-0.54154187	0.0
-0.0015734696	-0.53087103	0.0
-0.0016752615	-0.51388752	0.0
-0.0017791936	-0.49069697	0.0
-0.001865458	-0.46144497	0.0
-0.0019300123	-0.42642704	0.0
-0.0019775052	-0.38605231	0.0
-0.001996072	-0.34075081	0.0
-0.0019909891	-0.29118466	0.0
-0.0019582314	-0.23799834	0.0
-0.0018923407	-0.18181783	0.0
-0.0018050758	-0.12360454	0.0
-0.0016886276	-0.063827291	0.0
-0.0015489162	-0.0033898514	0.0
-0.0013894266	0.057085145	0.0
-0.0012109216	0.11693398	0.0
-0.0010164507	0.17548729	0.0
-0.00080830464	0.2319494	0.0
-0.0005855097	0.28563705	0.0
-0.00035300938	0.33565179	0.0
-0.00011157119	0.38151297	0.0
0.00013093214	0.42255509	0.0
0.00037255062	0.45829666	0.0
0.00061468169	0.48837984	0.0
0.00083968841	0.5124408	0.0
0.0010608139	0.530357	0.0
0.0012585679	0.54194832	0.0
0.0014472033	0.54719126	0.0
0.0016118827	0.54606086	0.0
0.0017594454	0.53852957	0.0
0.0018833586	0.52464837	0.0
0.0019875979	0.50450271	0.0
0.002070931	0.47820422	0.0
0.0021319978	0.44600472	0.0
0.0021704873	0.40821189	0.0
0.0021858946	0.36528489	0.0
0.0021799339	0.3177304	0.0
0.0021508359	0.26630321	0.0
0.0021040691	0.21152316	0.0
0.0020381236	0.15417923	0.0
0.0019513129	0.095062487	0.0
0.0018500828	0.034868225	0.0
0.0017323265	-0.025675451	0.0
0.0015994284	-0.085881703	0.0
0.0014484694	-0.14511858	0.0
0.0012823212	-0.20265375	0.0
0.0010983349	-0.25768983	0.0
0.00090091745	-0.30950686	0.0
0.00068589958	-0.35743603	0.0
0.0004614144	-0.40087825	0.0
0.00022592618	-0.43931031	0.0
-9.9146819e-06	-0.47220093	0.0
-0.00024990219	-0.49918789	0.0
-0.0004869595	-0.52014303	0.0
-0.0007136343	-0.53482503	0.0
-0.00093458907	-0.54321021	0.0
-0.0011343309	-0.54522818	0.0
-0.0013275833	-0.5408864	0.0
-0.0014940941	-0.53019553	0.0
-0.001645266	-0.51320505	0.0
-0.0017701322	-0.4900088	0.0
-0.0018609005	-0.46075723	0.0
-0.0019375023	-0.42580709	0.0
-0.0019648664	-0.38546282	0.0
-0.0019682648	-0.34019527	0.0
-0.001930249	-0.29062897	0.0
-0.0018593365	-0.23740563	0.0
-0.0017573057	-0.18118219	0.0
-0.0016231334	-0.12281301	0.0
-0.0014651963	-0.063220583	0.0
-0.0012828185	-0.0027981149	0.0
-0.0010853102	0.057641387	0.0
-0.00087236532	0.11746059	0.0
-0.00064854632	0.17592008	0.0
-0.00041831011	0.23230092	0.0
-0.00018612186	0.28585106	0.0
4.6616689e-05	0.33592314	0.0
0.00027743023	0.3817243	0.0
0.00050471385	0.42276111	0.0
0.00071968872	0.45851865	0.0
0.00092733803	0.48855615	0.0
0.0011200656	0.51264453	0.0
0.0012958813	0.53054154	0.0
0.0014550582	0.54219013	0.0
0.0015953289	0.54749709	0.0
0.0017170883	0.54645312	0.0
0.0018181204	0.53907293	0.0
0.0019065203	0.52537733	0.0
0.0019683214	0.5054152	0.0
0.0020197763	0.47933078	0.0
0.0020494801	0.44734553	0.0
0.0020619375	0.40977547	0.0
0.0020625337	0.36708215	0.0
0.0020446465	0.3197794	0.0
0.0020147865	0.26853624	0.0
0.0019698341	0.21397097	0.0
0.0019100272	0.15686926	0.0
0.001836212	0.097970232	0.0
0.0017498506	0.037999634	0.0
0.0016449052	-0.02235247	0.0
0.0015217578	-0.082403496	0.0
0.0013805624	-0.14138292	0.0
0.0012165873	-0.19876283	0.0
0.0010316346	-0.25369474	0.0
0.00082615094	-0.30546737	0.0
0.00059764291	-0.35336244	0.0
0.00036001418	-0.39679042	0.0
0.00010306728	-0.43518654	0.0
-0.00015116723	-0.46802953	0.0
-0.00040670909	-0.49508002	0.0
-0.00066167058	-0.51595879	0.0
-0.00089340127	-0.53067333	0.0
-0.0011170009	-0.53907287	0.0
-0.0013209804	-0.54111236	0.0
-0.0015008731	-0.53676206	0.0
-0.0016599029	-0.52604914	0.0
-0.0017899469	-0.5090127	0.0
-0.0018948702	-0.48578444	0.0
-0.0019721724	-0.45648861	0.0
-0.00201464	-0.42140198	0.0
-0.0020318672	-0.38093099	0.0
-0.0020181709	-0.33564985	0.0
-0.001969323	-0.28595003	0.0
-0.0019017305	-0.23268309	0.0
-0.0018011625	-0.17638832	0.0
-0.0016815386	-0.11795254	0.0
-0.0015412001	-0.058077216	0.0
-0.0013822819	0.0025670154	0.0
-0.0012087446	0.063148163	0.0
-0.0010188662	0.12319335	0.0
-0.00081668905	0.18187888	0.0
-0.00060185493	0.23856635	0.0
-0.00037898487	0.29239804	0.0
-0.00014362026	0.34273058	0.0
9.2367314e-05	0.38890436	0.0
0.00033536777	0.43031955	0.0
0.000575946	0.46654946	0.0
0.00080912129	0.49705201	0.0
0.0010405035	0.52171201	0.0
0.0012497853	0.54019457	0.0
0.001455868	0.55250067	0.0
0.0016332072	0.55848819	0.0
0.0018017985	0.55816495	0.0
0.0019438576	0.55153036	0.0
0.0020603074	0.53862095	0.0
0.0021640321	0.51952052	0.0
0.0022276158	0.49434304	0.0
0.0022799913	0.46333638	0.0
0.0022888773	0.42675501	0.0
0.0022753708	0.38512087	0.0
0.0022335942	0.33891213	0.0
0.0021537051	0.28871879	0.0
0.0020583309	0.23530857	0.0
0.0019264199	0.17932698	0.0
0.0017786829	0.12169343	0.0
0.0016060348	0.062913008	0.0
0.0014120792	0.0037870056	0.0
0.001203182	-0.054978143	0.0
0.00097579218	-0.11285075	0.0
0.00073332229	-0.16902807	0.0
0.00047823542	-0.2229344	0.0
0.00021507984	-0.27362505	0.0
-6.0053171e-05	-0.32063025	0.0
-0.00032897713	-0.36330053	0.0
-0.00060548657	-0.40102699	0.0
-0.0008613487	-0.43351498	0.0
-0.0011113321	-0.46045044	0.0
-0.0013389544	-0.48169959	0.0
-0.0015370634	-0.49717388	0.0
-0.0017188899	-0.50691456	0.0
-0.0018615145	-0.51101011	0.0
-0.0019863381	-0.50958467	0.0
-0.0020714183	-0.50280303	0.0
-0.0021300393	-0.49082071	0.0
-0.0021636526	-0.47384652	0.0
-0.0021574625	-0.45211014	0.0
-0.0021344165	-0.42590433	0.0
-0.0020739227	-0.3955254	0.0
-0.0019971253	-0.36131537	0.0
-0.0018987027	-0.32365984	0.0
-0.001779038	-0.28300956	0.0
-0.0016499456	-0.24002035	0.0
-0.0015091796	-0.19545716	0.0
-0.0013638806	-0.14954306	0.0
-0.0012139279	-0.1031577	0.0
-0.0010660334	-0.057026319	0.0
-0.000921297	-0.011715895	0.0
-0.00078321499	0.031883243	0.0
-0.00065378431	0.073257059	0.0
-0.00053073274	0.11189985	0.0
-0.00041985867	0.14731774	0.0
-0.00031938561	0.17906012	0.0
-0.00023002074	0.20677781	0.0
-0.00015584576	0.23020895	0.0
-8.9932866e-05	0.24906673	0.0
-3.6509722e-05	0.2632663	0.0
3.8460539e-06	0.27268961	0.0
4.0955307e-05	0.27745503	0.0
6.2851977e-05	0.27771711	0.0
8.5228166e-05	0.27375972	0.0
9.8869925e-05	0.26595506	0.0
0.0001101603	0.25477785	0.0
0.00011997761	0.24068062	0.0
0.00012346503	0.22418486	0.0
0.00012666282	0.20578709	0.0
0.00012669998	0.18602167	0.0
0.00012179344	0.16543511	0.0
0.00011802642	0.14461495	0.0
0.00010953176	0.12400326	0.0
0.00010250329	0.10415584	0.0
9.5399162e-05	0.085481293	0.0
8.6990229e-05	0.068337381	0.0
8.0774611e-05	0.052974697	0.0
7.0937822e-05	0.039476365	0.0
6.3219966e-05	0.027885497	0.0
5.225058e-05	0.018094817	0.0
3.6310455e-05	0.0099608926	0.0
2.0152505e-05	0.0033231475	0.0
3.3038373e-07	-0.0020221083	0.0
-2.2047529e-05	-0.0062585496	0.0
-4.569281e-05	-0.0095766727	0.0
-6.8892085e-05	-0.012134137	0.0
-8.9895409e-05	-0.014074349	0.0
-0.00010919273	-0.015518747	0.0
-0.0001214657	-0.016571242	0.0
-0.00012934275	-0.017312437	0.0
-0.00013098674	-0.017808964	0.0
-0.00012904374	-0.018116953	0.0
-0.0001223743	-0.018273341	0.0
-0.00011290718	-0.018306464	0.0
-0.00010482931	-0.018234326	0.0
-9.5810836e-05	-0.018073263	0.0
-9.3811832e-05	-0.017829461	0.0
-9.6906573e-05	-0.017508125	0.0
-0.00010542077	-0.01711954	0.0
-0.00011959072	-0.016668856	0.0
-0.00013931716	-0.016163662	0.0
-0.00015917927	-0.015618799	0.0
-0.000177775	-0.015047577	0.0
-0.00019244755	-0.014460212	0.0
-0.0002008993	-0.013870597	0.0
-0.00019931371	-0.013290578	0.0
-0.0001890634	-0.012723643	0.0
-0.00017154298	-0.012177065	0.0
-0.00014743331	-0.011651509	0.0
-0.0001200875	-0.011147892	0.0
-8.9397938e-05	-0.010668645	0.0
-5.8925514e-05	-0.010210869	0.0
-3.0411018e-05	-0.0097700143	0.0
-3.3938281e-06	-0.0093498658	0.0
1.9009818e-05	-0.0089466935	0.0
3.8059236e-05	-0.0085593713	0.0
5.3527856e-05	-0.008187741	0.0
6.611256e-05	-0.0078310352	0.0
7.5004093e-05	-0.0074908831	0.0
8.2278282e-05	-0.0071633449	0.0
8.6669097e-05	-0.0068514729	0.0
8.7595079e-05	-0.0065517672	0.0
8.8404857e-05	-0.0062662209	0.0
8.6907123e-05	-0.0059938938	0.0
8.4715284e-05	-0.0057343692	0.0
8.2523387e-05	-0.0054854993	0.0
7.9408492e-05	-0.0052495534	0.0
7.6293793e-05	-0.0050255656	0.0
7.3063951e-05	-0.0048125475	0.0
6.8795925e-05	-0.004608477	0.0
6.6027191e-05	-0.0044147559	0.0
6.1067025e-05	-0.0042298785	0.0
5.8875685e-05	-0.0040525151	0.0
5.4723296e-05	-0.0038874722	0.0
5.1377257e-05	-0.003726681	0.0
4.8955106e-05	-0.0035758771	0.0
4.5494773e-05	-0.0034315488	0.0
4.3072061e-05	-0.0032925277	0.0
4.0188457e-05	-0.0031620245	0.0
3.7304533e-05	-0.0030375493	0.0
3.4767232e-05	-0.0029178855	0.0
3.2460455e-05	-0.002804392	0.0
3.1769861e-05	-0.0026958343	0.0
2.7963277e-05	-0.0025924814	0.0
2.6579479e-05	-0.0024944716	0.0
2.4619565e-05	-0.0024007277	0.0
2.2889841e-05	-0.0023086017	0.0
2.0582671e-05	-0.0022229052	0.0
1.9545436e-05	-0.0021407935	0.0
1.7469554e-05	-0.0020619736	0.0
1.6086249e-05	-0.0019860277	0.0
1.5164004e-05	-0.0019151465	0.0
1.3665747e-05	-0.0018463238	0.0
1.3782013e-05	-0.0017799861	0.0
1.1244526e-05	-0.0017187193	0.0
1.1247225e-05	-0.0016578506	0.0
1.0670173e-05	-0.0015983618	0.0
8.7101871e-06	-0.0015434074	0.0
7.7885788e-06	-0.0014906325	0.0
6.5210043e-06	-0.0014388139	0.0
6.1748287e-06	-0.0013913765	0.0
3.984977e-06	-0.0013444877	0.0
5.1415523e-06	-0.0012992532	0.0
3.6393401e-06	-0.0012549799	0.0
2.4888095e-06	-0.0012138461	0.0
2.2601828e-06	-0.0011740935	0.0
2.0305934e-06	-0.0011362626	0.0
1.9176084e-06	-0.0010989896	0.0
2.0332491e-06	-0.0010647221	0.0
1.110348e-06	-0.0010290836	0.0
4.1995108e-07	-0.0009975651	0.0
-2.7041051e-07	-0.00096631056	0.0
-4.9953809e-07	-0.00093464041	0.0
-6.1075662e-07	-0.00090571446	0.0
1.9619065e-07	-0.00087747828	0.0
-8.4295834e-07	-0.00085157872	0.0
-9.5486917e-07	-0.00082526129	0.0
-1.4157335e-06	-0.0008003097	0.0
-1.7623797e-06	-0.00077454455	0.0
-2.7976018e-06	-0.00075262249	0.0
-2.0979969e-06	-0.00072877685	0.0
-1.527486e-06	-0.00070850004	0.0
-3.1390059e-06	-0.00068683107	0.0
-2.2133017e-06	-0.00066532474	0.0
-3.3680294e-06	-0.00064764335	0.0
-2.6687278e-06	-0.00062789902	0.0
-2.6730693e-06	-0.00060981914	0.0
-3.5964929e-06	-0.00059337291	0.0
-4.1664021e-06	-0.00057610159	0.0
-3.7071366e-06	-0.00055856846	0.0
-5.3234257e-06	-0.0005437673	0.0
-5.3153681e-06	-0.00052841555	0.0
-5.0852082e-06	-0.00051334366	0.0
-5.315188e-06	-0.00049827795	0.0
-5.0781528e-06	-0.00048553402	0.0
-4.1595563e-06	-0.00047210057	0.0
-5.6575614e-06	-0.00045935658	0.0
-4.8461079e-06	-0.00044661091	0.0
-5.5375913e-06	-0.00043400825	0.0
-5.0779122e-06	-0.00042345829	0.0
-7.0375959e-06	-0.00041153608	0.0
-6.3397974e-06	-0.00040057473	0.0
-6.6845701e-06	-0.00038934383	0.0
-5.6448566e-06	-0.00038043875	0.0
-6.221052e-06	-0.00037043169	0.0
-5.4106918e-06	-0.00036056383	0.0
-5.6405297e-06	-0.00034932737	0.0
-4.8302277e-06	-0.00034056758	0.0
-5.1796778e-06	-0.00033343726	0.0
-5.6332524e-06	-0.00032370578	0.0
-3.9027632e-06	-0.00031603855	0.0
-5.2930236e-06	-0.00030809268	0.0
-6.4398873e-06	-0.00030124499	0.0
-5.7450839e-06	-0.00029357057	0.0
-5.7443699e-06	-0.00028548797	0.0
-5.6290969e-06	-0.00027877433	0.0
-6.5497329e-06	-0.00027206255	0.0
-5.3896306e-06	-0.00026657886	0.0
-4.2389179e-06	-0.00025821829	0.0
-5.3932554e-06	-0.00025164752	0.0
-5.6197669e-06	-0.00024602926	0.0
-5.8522028e-06	-0.00023945232	0.0
-7.1167028e-06	-0.00023356514	0.0
-5.7314078e-06	-0.00022890823	0.0
-7.2303037e-06	-0.00022343056	0.0
-5.6108124e-06	-0.00021932043	0.0
-5.3818144e-06	-0.00021274271	0.0
-6.5327445e-06	-0.00020753803	0.0
-5.3772246e-06	-0.00020356485	0.0
-6.0682255e-06	-0.00019849384	0.0
-4.7965013e-06	-0.00019328947	0.0
-5.1431894e-06	-0.00018890701	0.0
-5.6032154e-06	-0.00018479618	0.0
-6.1779174e-06	-0.00017917957	0.0
-5.5986484e-06	-0.00017507211	0.0
-5.4829861e-06	-0.0001719227	0.0
-6.0581942e-06	-0.00016753742	0.0
-5.7099355e-06	-0.00016288084	0.0
-5.5932869e-06	-0.00016055272	0.0
-5.3609047e-06	-0.00015602993	0.0
-5.5918226e-06	-0.00015246937	0.0
-6.3967359e-06	-0.00014904786	0.0
-5.9342592e-06	-0.00014740237	0.0
-6.9715688e-06	-0.00014123465	0.0
-6.275262e-06	-0.00013836536	0.0
-5.4669454e-06	-0.00013686066	0.0
-5.2352671e-06	-0.0001349424	0.0
-5.3497583e-06	-0.0001309683	0.0
-5.9257532e-06	-0.00012699618	0.0
-6.269398e-06	-0.00012425955	0.0
-6.2689646e-06	-0.00012234398	0.0
-7.0742412e-06	-0.00012028949	0.0
-6.0325528e-06	-0.00011727647	0.0
-5.6874792e-06	-0.00011453791	0.0
-6.608479e-06	-0.00011180022	0.0
-5.7976367e-06	-0.00010988432	0.0
-5.452222e-06	-0.0001071452	0.0
-6.4879455e-06	-0.00010481841	0.0
-5.1012976e-06	-0.00010303903	0.0
-5.79372e-06	-0.0001007102	0.0
-5.5603141e-06	-9.7697368e-05	0.0
-5.79074e-06	-9.5644551e-05	0.0
-6.0192024e-06	-9.3866729e-05	0.0
-5.5548567e-06	-9.2634335e-05	0.0
-5.3261756e-06	-8.9621208e-05	0.0
-7.4006753e-06	-8.8393121e-05	0.0
-6.2420067e-06	-8.7159657e-05	0.0
-6.0125499e-06	-8.4696527e-05	0.0
-6.2405302e-06	-8.4151448e-05	0.0
-5.4308384e-06	-8.1821476e-05	0.0
-5.5471278e-06	-7.9907237e-05	0.0
-6.120843e-06	-7.8813697e-05	0.0
-4.9634659e-06	-7.7170662e-05	0.0
-4.2726338e-06	-7.5254844e-05	0.0
-5.5414134e-06	-7.3613497e-05	0.0
-5.8836595e-06	-7.2108851e-05	0.0
-5.1913007e-06	-7.101598e-05	0.0
-6.3424768e-06	-7.0333059e-05	0.0
-4.6107407e-06	-6.8689536e-05	0.0
-6.4561586e-06	-6.6637651e-05	0.0
-5.1837296e-06	-6.5817905e-05	0.0
-5.5301239e-06	-6.403905e-05	0.0
-5.7582574e-06	-6.3768217e-05	0.0
-4.9493651e-06	-6.226285e-05	0.0
-5.4095185e-06	-6.0758488e-05	0.0
-5.1772531e-06	-5.9801878e-05	0.0
-6.3297571e-06	-5.7474586e-05	0.0
-5.0588324e-06	-5.706614e-05	0.0
-6.3267421e-06	-5.5835746e-05	0.0
-4.5946531e-06	-5.4193406e-05	0.0
-4.2464417e-06	-5.3510939e-05	0.0
-4.475974e-06	-5.2280229e-05	0.0
-4.0128971e-06	-5.159745e-05	0.0
-4.2417828e-06	-5.105216e-05	0.0
-5.0474364e-06	-5.0369767e-05	0.0
-6.2008685e-06	-4.9140432e-05	0.0
-5.2772525e-06	-4.7085516e-05	0.0
-5.0439767e-06	-4.7773723e-05	0.0
-4.9271162e-06	-4.5995726e-05	0.0
-5.0407371e-06	-4.5312747e-05	0.0
-5.2700925e-06	-4.3533593e-05	0.0
-5.4992015e-06	-4.3261411e-05	0.0
-5.7294742e-06	-4.2578937e-05	0.0
-4.6892301e-06	-4.2308246e-05	0.0
-4.6878927e-06	-4.0529521e-05	0.0
-3.9927836e-06	-3.9845847e-05	0.0
-5.9529366e-06	-3.9300736e-05	0.0
-5.030884e-06	-3.8481303e-05	0.0
-4.5643874e-06	-3.8072259e-05	0.0
-6.0653761e-06	-3.7528698e-05	0.0
-3.7570012e-06	-3.5338075e-05	0.0
-4.2145111e-06	-3.5474877e-05	0.0
-3.8684743e-06	-3.6164722e-05	0.0
-3.7496864e-06	-3.4799148e-05	0.0
-5.1320608e-06	-3.3155025e-05	0.0
-5.8245305e-06	-3.3568413e-05	0.0
-5.5943092e-06	-3.2750788e-05	0.0
-4.4390131e-06	-3.2067546e-05	0.0
-4.3184855e-06	-3.1521224e-05	0.0
-5.701178e-06	-3.1251813e-05	0.0
-5.5908631e-06	-2.9746572e-05	0.0
-3.6252261e-06	-3.0019824e-05	0.0
-4.3130062e-06	-2.961899e-05	0.0
-4.3101063e-06	-2.7423594e-05	0.0
-5.9253011e-06	-2.8930399e-05	0.0
-4.8910624e-06	-2.8391451e-05	0.0
-3.9634501e-06	-2.7433523e-05	0.0
-4.3021114e-06	-2.6886839e-05	0.0
-5.8063315e-06	-2.6344253e-05	0.0
-4.1910239e-06	-2.4837933e-05	0.0
-4.8766888e-06	-2.4702005e-05	0.0
-5.1086186e-06	-2.3884075e-05	0.0
-4.9937089e-06	-2.3337083e-05	0.0
-4.1833e-06	-2.3065666e-05	0.0
-4.5265683e-06	-2.2794342e-05	0.0
-4.0670766e-06	-2.2659109e-05	0.0
-3.5996759e-06	-2.2663136e-05	0.0
-4.2920392e-06	-2.2118262e-05	0.0
-3.4848974e-06	-2.1710868e-05	0.0
-3.7093291e-06	-2.116129e-05	0.0
-4.2864167e-06	-2.185276e-05	0.0
-4.1720591e-06	-2.0756312e-05	0.0
-3.9373144e-06	-2.1723305e-05	0.0
-4.2840143e-06	-1.8717101e-05	0.0
-3.5901392e-06	-1.8429637e-05	0.0
-4.0468612e-06	-1.9537034e-05	0.0
-4.0500013e-06	-1.7763059e-05	0.0
-3.5847279e-06	-1.7753095e-05	0.0
-4.042156e-06	-1.8721688e-05	0.0
-4.0468472e-06	-1.7496684e-05	0.0
-3.1201871e-06	-1.6808746e-05	0.0
-3.3480969e-06	-1.6809481e-05	0.0
-3.113023e-06	-1.7086119e-05	0.0
-4.1507205e-06	-1.6687447e-05	0.0
-3.2365531e-06	-1.4900656e-05	0.0
-2.1848393e-06	-1.6133523e-05	0.0
-3.5694352e-06	-1.5186534e-05	0.0
-3.1035379e-06	-1.4769002e-05	0.0
-4.7238805e-06	-1.5322978e-05	0.0
-2.5353772e-06	-1.4508011e-05	0.0
-3.3272456e-06	-1.3824496e-05	0.0
-3.6822071e-06	-1.3003742e-05	0.0
-3.2127491e-06	-1.2596355e-05	0.0
-4.3675332e-06	-1.2043853e-05	0.0
-3.3336826e-06	-1.3146138e-05	0.0
-3.2097362e-06	-1.2056301e-05	0.0
-3.2141331e-06	-1.2462739e-05	0.0
-2.6256266e-06	-1.3016189e-05	0.0
-4.5917272e-06	-1.2753125e-05	0.0
-2.8627762e-06	-1.1243024e-05	0.0
-4.1216367e-06	-1.2064768e-05	0.0
-3.7849074e-06	-1.1523922e-05	0.0
-3.1998443e-06	-1.1524509e-05	0.0
-4.0044874e-06	-1.1253404e-05	0.0
-3.8937733e-06	-1.1257627e-05	0.0
-3.0847161e-06	-1.0710347e-05	0.0
-2.8469501e-06	-1.1124478e-05	0.0
-3.6528509e-06	-1.0715637e-05	0.0
-3.8829462e-06	-1.1131665e-05	0.0
-4.3446289e-06	-9.9048939e-06	0.0
-3.7701668e-06	-9.4907737e-06	0.0
-2.9617674e-06	-9.2243308e-06	0.0
-2.1482449e-06	-8.3969553e-06	0.0
-2.9468933e-06	-9.6377189e-06	0.0
-4.1051799e-06	-8.2684901e-06	0.0
-3.6454408e-06	-9.5062423e-06	0.0
-3.4135044e-06	-7.5934345e-06	0.0
-2.4905114e-06	-8.00424e-06	0.0
-2.3650132e-06	-6.90872e-06	0.0
-3.5213598e-06	-8.279635e-06	0.0
-2.7150413e-06	-7.4686473e-06	0.0
-3.0555591e-06	-7.3238239e-06	0.0
-3.170356e-06	-8.5655111e-06	0.0
-3.2878204e-06	-7.0681181e-06	0.0
-2.4751898e-06	-6.1033184e-06	0.0
-3.397377e-06	-6.5189147e-06	0.0
-2.7033491e-06	-6.1058545e-06	0.0
-3.7395314e-06	-8.0294385e-06	0.0
-3.1634825e-06	-6.9404637e-06	0.0
-3.5066096e-06	-7.2137354e-06	0.0
-3.1604782e-06	-6.2660974e-06	0.0
-3.0439114e-06	-4.0698474e-06	0.0
-2.8075331e-06	-5.2974515e-06	0.0
-3.8488738e-06	-6.5404483e-06	0.0
-2.3464102e-06	-5.4522588e-06	0.0
-3.6115921e-06	-4.4872263e-06	0.0
-2.9222065e-06	-6.4113924e-06	0.0
-2.6864157e-06	-4.6375226e-06	0.0
-3.2618107e-06	-4.4956605e-06	0.0
-3.0332469e-06	-5.5980659e-06	0.0
-2.1052706e-06	-4.9159476e-06	0.0
-3.4862705e-06	-5.3306694e-06	0.0
-3.7196801e-06	-4.3728887e-06	0.0
-3.0254757e-06	-5.471667e-06	0.0
-2.9078749e-06	-4.9276136e-06	0.0
-2.9058324e-06	-5.4770189e-06	0.0
-3.4813802e-06	-5.6195504e-06	0.0
-3.3653191e-06	-3.9763277e-06	0.0
-3.0170493e-06	-4.9380506e-06	0.0
-3.2471219e-06	-4.3934078e-06	0.0
-1.7455737e-06	-4.2590023e-06	0.0
-2.2040122e-06	-3.7135246e-06	0.0
-3.0112292e-06	-3.8530825e-06	0.0
-2.3177772e-06	-3.8561484e-06	0.0
-1.96926e-06	-3.9955044e-06	0.0
-3.3529266e-06	-5.0955082e-06	0.0
-2.6590869e-06	-3.4533441e-06	0.0
-2.8884429e-06	-3.5933474e-06	0.0
-3.0022993e-06	-3.7331652e-06	0.0
-2.3083296e-06	-2.502389e-06	0.0
-2.7690955e-06	-3.4648065e-06	0.0
-3.1127395e-06	-2.5078391e-06	0.0
-2.0729544e-06	-3.4712461e-06	0.0
-2.7647775e-06	-3.609536e-06	0.0
-2.8774577e-06	-2.2413697e-06	0.0
-2.2991414e-06	-2.1086464e-06	0.0
-2.4137846e-06	-2.6603288e-06	0.0
-2.6428347e-06	-3.2104106e-06	0.0
-2.6411681e-06	-2.9398661e-06	0.0
-2.5238728e-06	-3.6263684e-06	0.0
-2.0603736e-06	-1.8466523e-06	0.0
-1.7135492e-06	-2.4014269e-06	0.0
-2.1753956e-06	-2.9502298e-06	0.0
-2.9806142e-06	-2.5424299e-06	0.0
-2.6308285e-06	-3.0940453e-06	0.0
-2.1688918e-06	-2.6831731e-06	0.0
-2.5157799e-06	-2.2778925e-06	0.0
-3.0885074e-06	-3.2396388e-06	0.0
-1.8151496e-06	-2.5544339e-06	0.0
-1.3569502e-06	-2.1473816e-06	0.0
-2.3946013e-06	-1.8764351e-06	0.0
-2.5062011e-06	-2.0178845e-06	0.0
-2.388201e-06	-2.2932425e-06	0.0
-1.926629e-06	-1.8846549e-06	0.0
-2.2708023e-06	-1.8871299e-06	0.0
-1.6914508e-06	-1.4802704e-06	0.0
-1.8068471e-06	-2.0316872e-06	0.0
-1.8065782e-06	-1.8978581e-06	0.0
-2.4975909e-06	-2.5858465e-06	0.0
-2.2611762e-06	-1.8976622e-06	0.0
-1.9180889e-06	-1.3610487e-06	0.0
-2.7222854e-06	-3.1452582e-06	0.0
-1.9109127e-06	-2.4541619e-06	0.0
-1.9095635e-06	-1.636478e-06	0.0
-1.3355713e-06	-9.5507119e-07	0.0
-2.4853371e-06	-1.1013136e-06	0.0
-1.2114268e-06	-1.920464e-06	0.0
-1.7945548e-06	-6.8892194e-07	0.0
-2.1344979e-06	-1.6625063e-06	0.0
-1.9015266e-06	-2.4737949e-06	0.0
-1.9025629e-06	-5.5986902e-07	0.0
-2.246396e-06	-1.2510143e-06	0.0
-2.1287949e-06	-4.334197e-07	0.0
-2.0083501e-06	-1.9464162e-06	0.0
-1.3200221e-06	-1.2542664e-06	0.0
-1.8881666e-06	-9.8932446e-07	0.0
-1.6036756e-07	-1.2677257e-06	0.0
-1.547572e-06	-1.2631375e-06	0.0
-3.8145191e-07	-4.5079159e-07	0.0
-7.4521608e-07	-1.4110127e-06	0.0
-2.1169319e-06	-4.5195804e-07	0.0
-9.5448922e-07	-1.1465939e-06	0.0
-1.1979359e-06	-5.8634544e-07	0.0
-1.6468433e-06	2.1685e-07	0.0
-4.8708102e-07	-1.7160047e-06	0.0
-3.8466411e-07	-2.521911e-06	0.0
-1.0694358e-06	-1.1351256e-06	0.0
-4.8767561e-07	7.6019847e-07	0.0
-9.6155634e-07	-4.8419702e-07	0.0
-1.8738008e-06	2.1797177e-07	0.0
-9.3229818e-07	7.4305376e-07	0.0
8.9095359e-08	-4.8907077e-07	0.0
-1.188756e-06	2.019776e-07	0.0
-1.6360895e-06	-2.263419e-07	0.0
-1.9936595e-06	-6.2660803e-07	0.0
-2.8923425e-06	1.9264182e-07	0.0
-1.0501964e-06	1.9038785e-07	0.0
-1.9740519e-06	7.2537694e-07	0.0
-7.0624128e-07	-3.7056077e-07	0.0
-2.2123413e-06	4.5614422e-07	0.0
-1.2650564e-06	1.7473268e-07	0.0
-6.969637e-07	4.3773829e-07	0.0
-5.8992839e-07	-6.5425405e-07	0.0
-1.2768505e-06	2.2485271e-08	0.0
-8.0617059e-07	-1.3477261e-06	0.0
-4.5412781e-07	4.0547356e-08	0.0
3.4395296e-07	1.4564651e-07	0.0
-5.8780063e-07	-2.4082078e-07	0.0
-9.2586248e-07	1.3816621e-06	0.0
-1.3848303e-06	-6.9649627e-07	0.0
-1.1398369e-06	-8.101415e-07	0.0
-6.9065186e-07	-9.5791734e-07	0.0
-1.3781147e-06	-1.0930075e-06	0.0
-5.5208744e-07	-5.291011e-07	0.0
-1.1052907e-07	6.8276853e-07	0.0
-5.5682801e-07	-2.8991994e-07	0.0
5.9777511e-07	2.8861848e-07	0.0
4.5404533e-09	1.4967301e-06	0.0
1.4756085e-07	5.2027997e-07	0.0
1.1774509e-06	3.9719689e-07	0.0
5.8156007e-07	5.2987917e-07	0.0
2.2253651e-08	3.7887372e-07	0.0
3.7005407e-07	-1.5407924e-08	0.0
1.8382556e-08	1.2143241e-06	0.0
-3.3139628e-07	9.2614778e-07	0.0
-8.9119658e-07	1.0547301e-06	0.0
-2.0324423e-07	3.7913446e-07	0.0
-8.9431552e-07	1.4782595e-06	0.0
-1.9142608e-07	1.0410024e-06	0.0
-3.137676e-07	6.3919646e-07	0.0
-3.2194933e-07	4.8741066e-07	0.0
-1.2383892e-06	-3.6442145e-08	0.0
-6.3996441e-07	1.3122063e-06	0.0
-3.1519835e-07	-4.8832231e-07	0.0
-8.7683213e-07	-4.1226809e-08	0.0
-7.53667e-08	6.2307606e-07	0.0
-8.7819984e-07	3.4518155e-07	0.0
2.9156365e-07	3.3093497e-07	0.0
-9.3271666e-08	-4.763755e-07	0.0
-1.093422e-06	1.0459593e-06	0.0
3.9506941e-07	1.137537e-06	0.0
-1.1147563e-06	-5.1286969e-07	0.0
-1.5675361e-07	-8.9818644e-07	0.0
3.9809464e-07	-2.1459685e-07	0.0
-6.7912183e-08	1.9967503e-07	0.0
-2.880189e-07	1.433277e-06	0.0
-5.303859e-08	1.3917247e-06	0.0
-1.8200804e-07	-2.430277e-07	0.0
-8.6035141e-07	3.1842498e-07	0.0
-4.0303374e-07	1.7239444e-07	0.0
-1.6903692e-06	4.3972381e-07	0.0
-1.7465937e-06	1.7729158e-07	0.0
7.6663127e-07	8.2631766e-07	0.0
-3.8968065e-07	-1.7771603e-06	0.0
1.1093291e-06	-6.401275e-07	0.0
-3.9616017e-07	-2.6537319e-07	0.0
1.0190332e-06	-6.620686e-07	0.0
8.6051926e-07	4.3179679e-07	0.0
-5.113256e-07	-2.909598e-07	0.0
-2.6055054e-07	-1.3630233e-06	0.0
3.3217498e-07	-1.0559253e-07	0.0
1.7037449e-06	8.2189899e-07	0.0
1.1102514e-06	1.2246461e-07	0.0
1.1280536e-06	-1.4356738e-07	0.0
