#Bx [T], By [T], Bz [T] on 3D mesh: inmost loop vs X (horizontal transverse position), outmost loop vs Z (longitudinal position)
#0.0 #initial X position [m]
#0.0 #step of X [m]
#1 #number of points vs X
#0.0 #initial Y position [m]
#0.0 #step of Y [m]
#1 #number of points vs Y
#-1.1855 #initial Z position [m]
#0.001 #step of Z [m]
#2371 #number of points vs Z
-9.324382e-07	-6.588345e-08	0.0
6.847818e-07	2.046439e-07	0.0
-4.676789e-07	-7.586198e-07	0.0
6.878138e-07	-3.512513e-07	0.0
-1.181604e-07	-2.177908e-07	0.0
-4.630893e-07	-2.215983e-07	0.0
3.462697e-07	4.59994e-07	0.0
4.634321e-07	7.308271e-07	0.0
4.646016e-07	-6.437136e-07	0.0
1.15946e-06	1.740582e-07	0.0
-5.702735e-07	7.195445e-07	0.0
5.844555e-07	3.120081e-08	0.0
-2.197562e-07	-6.588133e-07	0.0
-7.967531e-07	2.163282e-08	0.0
-3.343738e-07	4.306334e-07	0.0
-1.007836e-07	2.889312e-07	0.0
-5.605537e-07	9.715517e-07	0.0
-6.750953e-07	1.454259e-07	0.0
-3.285325e-07	5.531385e-07	0.0
4.813909e-07	-4.09955e-07	0.0
2.481723e-08	-1.392094e-07	0.0
-7.861518e-07	-1.239886e-06	0.0
1.176179e-06	-2.877281e-07	0.0
7.222382e-07	-1.265787e-08	0.0
2.890737e-08	-8.394169e-07	0.0
-8.361267e-08	-5.711376e-07	0.0
-6.626194e-07	-4.36625e-07	0.0
3.805944e-07	-1.68732e-07	0.0
-1.347247e-06	5.170713e-07	0.0
-5.453978e-07	-9.925894e-07	0.0
2.690265e-07	-8.657206e-07	0.0
1.509712e-07	-1.81277e-07	0.0
1.428368e-06	-8.660479e-07	0.0
-8.753016e-07	-1.424821e-06	0.0
-4.200673e-07	-5.868291e-08	0.0
-1.889334e-07	-1.942051e-07	0.0
1.085432e-06	-3.367181e-07	0.0
-2.906355e-07	6.574822e-08	0.0
-8.756947e-07	1.301193e-06	0.0
1.66485e-07	-3.393533e-07	0.0
-4.074097e-07	-1.583819e-06	0.0
5.492279e-08	-1.181824e-06	0.0
-2.910168e-07	-6.311647e-07	0.0
4.062159e-07	-1.324725e-06	0.0
-9.751984e-07	4.350417e-08	0.0
-6.32937e-07	-9.165971e-07	0.0
-6.303455e-07	-1.038794e-07	0.0
-3.948399e-07	-3.705813e-07	0.0
-1.203458e-06	-1.61799e-06	0.0
-2.814556e-07	1.610863e-07	0.0
-7.326233e-07	-6.637858e-07	0.0
-1.662758e-06	4.323385e-07	0.0
-5.036692e-07	-1.7605e-06	0.0
-2.113532e-06	-1.092291e-06	0.0
-1.546465e-06	-6.725864e-07	0.0
-5.022998e-07	-1.782762e-06	0.0
-3.83692e-07	4.091376e-07	0.0
-1.503721e-07	-9.614932e-07	0.0
-4.936323e-07	4.003252e-07	0.0
-4.948836e-07	-2.827523e-07	0.0
-3.424375e-08	1.209235e-07	0.0
6.618491e-07	-4.238256e-07	0.0
3.237364e-07	-1.255702e-06	0.0
-8.272318e-07	-5.781277e-07	0.0
-1.297638e-06	-1.689145e-07	0.0
8.63744e-08	1.052802e-07	0.0
2.133966e-07	-5.818198e-07	0.0
-3.661505e-07	-3.227827e-07	0.0
9.767441e-08	7.836588e-07	0.0
-7.031526e-07	-1.279857e-06	0.0
-6.023845e-07	3.532846e-07	0.0
1.256587e-06	-3.252935e-07	0.0
-3.535342e-07	-1.978397e-07	0.0
3.360599e-07	-3.356566e-07	0.0
-1.15184e-06	-3.4264e-07	0.0
-1.515396e-06	-6.985766e-08	0.0
2.22165e-07	-4.834505e-07	0.0
-6.901186e-07	-6.241309e-07	0.0
-1.377644e-06	-9.063829e-07	0.0
-2.77463e-06	-2.229426e-07	0.0
-6.963293e-07	-9.074557e-07	0.0
-1.499025e-06	-1.051821e-06	0.0
-2.256587e-07	-9.251516e-07	0.0
-1.837002e-06	1.725534e-07	0.0
-6.913576e-07	-3.779935e-07	0.0
-6.880373e-07	-1.000623e-07	0.0
2.448476e-07	-2.159029e-06	0.0
-1.368905e-06	-1.630841e-06	0.0
-5.655864e-07	-1.078592e-06	0.0
-1.253229e-06	-1.218812e-06	0.0
-6.753621e-07	-1.354019e-06	0.0
-1.367177e-06	-2.186924e-06	0.0
-4.456796e-07	-1.102119e-06	0.0
-1.010266e-06	-5.529357e-07	0.0
-1.362141e-06	-2.722942e-07	0.0
-1.132993e-06	-1.374926e-06	0.0
-8.962066e-07	-1.104633e-06	0.0
-1.239149e-06	-1.935932e-06	0.0
-1.129931e-06	-7.12421e-07	0.0
-7.734967e-07	-9.768434e-07	0.0
-1.466968e-06	-1.12281e-06	0.0
-1.004813e-06	-9.950724e-07	0.0
-1.689435e-06	-5.768988e-07	0.0
-1.584518e-06	-1.675861e-06	0.0
-1.228025e-06	-1.283574e-06	0.0
-1.80474e-06	-9.973276e-07	0.0
-1.459846e-06	-2.097375e-06	0.0
-1.576726e-06	-1.842656e-06	0.0
-7.676373e-07	-1.291809e-06	0.0
-8.78218e-07	-1.427922e-06	0.0
-4.152278e-07	-1.437334e-06	0.0
-8.662661e-07	-1.031073e-06	0.0
-1.217412e-06	-8.921616e-07	0.0
-7.699458e-07	-1.166573e-06	0.0
4.011184e-07	-1.581036e-06	0.0
-8.521865e-07	-1.996352e-06	0.0
-1.326424e-06	-2.278154e-06	0.0
-1.550635e-06	-2.148474e-06	0.0
-1.682887e-06	-2.011849e-06	0.0
-3.996022e-07	-2.151769e-06	0.0
-1.5446e-06	-2.156625e-06	0.0
-1.200823e-06	-1.89874e-06	0.0
-2.124471e-06	-1.060971e-06	0.0
-9.873107e-07	-2.303538e-06	0.0
-8.380889e-07	-1.217563e-06	0.0
-2.230221e-06	-2.161099e-06	0.0
-1.775539e-06	-2.059765e-06	0.0
-2.231408e-06	-1.073597e-06	0.0
-1.775339e-06	-3.004742e-06	0.0
-1.657907e-06	-1.516167e-06	0.0
-1.30005e-06	-2.318694e-06	0.0
-2.110208e-06	-2.206342e-06	0.0
-1.423576e-06	-1.790035e-06	0.0
-1.866023e-06	-2.328412e-06	0.0
-2.67208e-06	-3.034867e-06	0.0
-3.149913e-06	-2.217211e-06	0.0
-2.11515e-06	-2.360609e-06	0.0
-2.205035e-06	-1.659935e-06	0.0
-3.357249e-06	-3.453067e-06	0.0
-3.384073e-06	-2.364145e-06	0.0
-1.989566e-06	-3.735394e-06	0.0
-2.436268e-06	-2.25388e-06	0.0
-2.437332e-06	-2.098531e-06	0.0
-3.011191e-06	-2.103773e-06	0.0
-2.680834e-06	-2.118122e-06	0.0
-1.974329e-06	-1.683941e-06	0.0
-2.432642e-06	-3.620292e-06	0.0
-1.977514e-06	-2.132988e-06	0.0
-1.856273e-06	-2.798877e-06	0.0
-1.622495e-06	-2.941513e-06	0.0
-1.846719e-06	-3.38507e-06	0.0
-2.187041e-06	-1.311442e-06	0.0
-2.990136e-06	-3.621266e-06	0.0
-2.909875e-06	-3.255229e-06	0.0
-7.035711e-07	-2.959322e-06	0.0
-1.594701e-06	-3.660086e-06	0.0
-1.958245e-06	-2.843136e-06	0.0
-1.621989e-06	-3.515384e-06	0.0
-7.995376e-07	-3.939389e-06	0.0
-1.596275e-06	-3.823233e-06	0.0
-1.939524e-06	-2.850283e-06	0.0
-2.761587e-06	-3.818454e-06	0.0
-1.829277e-06	-2.726704e-06	0.0
-3.204063e-06	-3.814107e-06	0.0
-2.317658e-06	-3.556294e-06	0.0
-1.019083e-06	-4.095759e-06	0.0
-2.043823e-06	-4.386095e-06	0.0
-1.950505e-06	-3.852419e-06	0.0
-1.472213e-06	-3.157551e-06	0.0
-1.944358e-06	-3.834561e-06	0.0
-8.948809e-07	-4.261304e-06	0.0
-1.933664e-06	-4.129092e-06	0.0
-2.316878e-07	-4.266305e-06	0.0
-4.581126e-08	-4.53825e-06	0.0
-3.074642e-06	-5.36074e-06	0.0
-1.139752e-06	-5.659435e-06	0.0
-1.798473e-06	-4.443155e-06	0.0
-1.914072e-06	-3.599876e-06	0.0
-3.181421e-06	-4.547966e-06	0.0
-2.742593e-06	-5.120745e-06	0.0
-2.154102e-06	-4.708485e-06	0.0
-2.146657e-06	-5.25967e-06	0.0
-2.591138e-06	-4.728262e-06	0.0
-3.426939e-06	-4.576861e-06	0.0
-1.69402e-06	-5.397269e-06	0.0
-2.695901e-06	-5.564123e-06	0.0
-3.078931e-06	-4.595383e-06	0.0
-1.909312e-06	-5.547275e-06	0.0
-2.934121e-06	-5.691831e-06	0.0
-2.608218e-06	-6.391446e-06	0.0
-2.142525e-06	-5.309836e-06	0.0
-2.002799e-06	-5.292632e-06	0.0
-3.61084e-06	-5.967772e-06	0.0
-3.538182e-06	-7.092461e-06	0.0
-2.126436e-06	-5.870071e-06	0.0
-3.277451e-06	-6.396713e-06	0.0
-2.247905e-06	-6.824122e-06	0.0
-2.813385e-06	-6.829644e-06	0.0
-2.129444e-06	-6.573032e-06	0.0
-2.676767e-06	-5.867283e-06	0.0
-3.512215e-06	-7.246879e-06	0.0
-2.349507e-06	-6.435409e-06	0.0
-3.158055e-06	-7.648451e-06	0.0
-1.777134e-06	-8.093347e-06	0.0
-2.782647e-06	-7.144552e-06	0.0
-3.715144e-06	-6.588388e-06	0.0
-4.190156e-06	-6.979691e-06	0.0
-3.499904e-06	-8.240945e-06	0.0
-3.381109e-06	-6.881804e-06	0.0
-2.799763e-06	-7.67489e-06	0.0
-3.026607e-06	-8.655056e-06	0.0
-2.67968e-06	-8.529553e-06	0.0
-3.019015e-06	-8.397666e-06	0.0
-3.021688e-06	-8.250743e-06	0.0
-3.134467e-06	-9.219155e-06	0.0
-3.243403e-06	-8.684042e-06	0.0
-3.820059e-06	-8.818714e-06	0.0
-3.491101e-06	-8.813842e-06	0.0
-2.664983e-06	-9.914143e-06	0.0
-3.581956e-06	-9.793885e-06	0.0
-3.358942e-06	-9.792826e-06	0.0
-3.363849e-06	-9.928409e-06	0.0
-2.320812e-06	-1.035195e-05	0.0
-2.98964e-06	-9.54193e-06	0.0
-3.367756e-06	-9.520294e-06	0.0
-1.620547e-06	-1.063575e-05	0.0
-3.100867e-06	-9.681275e-06	0.0
-2.894118e-06	-1.050051e-05	0.0
-2.645462e-06	-9.833017e-06	0.0
-3.674667e-06	-9.951176e-06	0.0
-3.932853e-06	-1.145629e-05	0.0
-2.086139e-06	-1.190815e-05	0.0
-2.172064e-06	-9.980174e-06	0.0
-3.098768e-06	-1.146655e-05	0.0
-3.330524e-06	-1.190522e-05	0.0
-3.682034e-06	-1.202894e-05	0.0
-3.103439e-06	-1.341303e-05	0.0
-3.664653e-06	-1.247493e-05	0.0
-4.476586e-06	-1.23186e-05	0.0
-4.598519e-06	-1.341924e-05	0.0
-4.254401e-06	-1.357109e-05	0.0
-3.900411e-06	-1.35697e-05	0.0
-4.242108e-06	-1.398444e-05	0.0
-4.023067e-06	-1.38616e-05	0.0
-3.092967e-06	-1.330894e-05	0.0
-3.648481e-06	-1.412253e-05	0.0
-4.476044e-06	-1.482468e-05	0.0
-3.317531e-06	-1.455508e-05	0.0
-4.227417e-06	-1.522845e-05	0.0
-3.564865e-06	-1.634172e-05	0.0
-1.813225e-06	-1.567192e-05	0.0
-2.946412e-06	-1.565468e-05	0.0
-3.311002e-06	-1.689561e-05	0.0
-2.956671e-06	-1.650887e-05	0.0
-3.642339e-06	-1.594164e-05	0.0
-3.877386e-06	-1.745582e-05	0.0
-3.993867e-06	-1.7054e-05	0.0
-3.761711e-06	-1.788099e-05	0.0
-3.649966e-06	-1.7199e-05	0.0
-3.174189e-06	-1.855565e-05	0.0
-4.215299e-06	-1.900139e-05	0.0
-3.413061e-06	-1.76264e-05	0.0
-3.639177e-06	-1.87055e-05	0.0
-3.057209e-06	-1.967887e-05	0.0
-4.083534e-06	-1.9966e-05	0.0
-4.217972e-06	-1.982479e-05	0.0
-3.513242e-06	-2.091923e-05	0.0
-4.430002e-06	-2.108063e-05	0.0
-4.099199e-06	-2.025356e-05	0.0
-3.623152e-06	-2.106872e-05	0.0
-4.756574e-06	-2.135846e-05	0.0
-5.827511e-06	-2.148865e-05	0.0
-3.85901e-06	-2.272322e-05	0.0
-5.107638e-06	-2.328075e-05	0.0
-5.115212e-06	-2.383908e-05	0.0
-5.810259e-06	-2.34355e-05	0.0
-4.892087e-06	-2.396694e-05	0.0
-4.997379e-06	-2.522212e-05	0.0
-4.544308e-06	-2.440116e-05	0.0
-4.070423e-06	-2.549881e-05	0.0
-4.641297e-06	-2.482321e-05	0.0
-4.87323e-06	-2.616736e-05	0.0
-5.220157e-06	-2.771111e-05	0.0
-5.326354e-06	-2.634779e-05	0.0
-6.255479e-06	-2.741946e-05	0.0
-5.679186e-06	-2.814312e-05	0.0
-6.474431e-06	-2.68888e-05	0.0
-6.492523e-06	-2.949199e-05	0.0
-5.786618e-06	-2.883043e-05	0.0
-6.4805e-06	-2.991342e-05	0.0
-5.673562e-06	-3.033743e-05	0.0
-6.352779e-06	-3.102248e-05	0.0
-6.142211e-06	-3.157654e-05	0.0
-4.867435e-06	-3.199724e-05	0.0
-4.851834e-06	-3.212687e-05	0.0
-5.085988e-06	-3.363843e-05	0.0
-5.07866e-06	-3.392261e-05	0.0
-5.883624e-06	-3.474953e-05	0.0
-5.892526e-06	-3.448941e-05	0.0
-5.432556e-06	-3.434768e-05	0.0
-5.185098e-06	-3.502688e-05	0.0
-6.228604e-06	-3.653093e-05	0.0
-5.42652e-06	-3.779083e-05	0.0
-5.536349e-06	-3.709905e-05	0.0
-5.070151e-06	-3.901852e-05	0.0
-5.646959e-06	-3.902093e-05	0.0
-5.180608e-06	-4.135232e-05	0.0
-5.87985e-06	-4.070355e-05	0.0
-4.603957e-06	-4.025919e-05	0.0
-5.865712e-06	-4.287475e-05	0.0
-5.180724e-06	-4.220785e-05	0.0
-5.973266e-06	-4.342486e-05	0.0
-6.329853e-06	-4.480073e-05	0.0
-5.872727e-06	-4.578766e-05	0.0
-5.399101e-06	-4.454347e-05	0.0
-6.090117e-06	-4.700308e-05	0.0
-5.524049e-06	-4.689519e-05	0.0
-5.158401e-06	-4.741604e-05	0.0
-6.429229e-06	-5.017295e-05	0.0
-5.750658e-06	-4.977972e-05	0.0
-5.05091e-06	-5.099479e-05	0.0
-4.92491e-06	-5.265646e-05	0.0
-5.952776e-06	-5.293248e-05	0.0
-6.889151e-06	-5.47106e-05	0.0
-5.748301e-06	-5.541962e-05	0.0
-4.80572e-06	-5.513745e-05	0.0
-5.610343e-06	-5.691804e-05	0.0
-5.380995e-06	-5.747853e-05	0.0
-5.953151e-06	-5.843775e-05	0.0
-5.842393e-06	-5.952952e-05	0.0
-5.836393e-06	-6.146238e-05	0.0
-6.066951e-06	-6.173187e-05	0.0
-5.952398e-06	-6.434497e-05	0.0
-5.722698e-06	-6.394472e-05	0.0
-5.368766e-06	-6.598746e-05	0.0
-5.830405e-06	-6.710232e-05	0.0
-5.705886e-06	-6.805774e-05	0.0
-6.978711e-06	-6.957464e-05	0.0
-6.064558e-06	-7.025921e-05	0.0
-6.166443e-06	-7.284787e-05	0.0
-6.286168e-06	-7.561377e-05	0.0
-5.940627e-06	-7.563107e-05	0.0
-5.704298e-06	-7.644015e-05	0.0
-6.153174e-06	-7.849027e-05	0.0
-6.975753e-06	-8.083464e-05	0.0
-5.815278e-06	-8.153462e-05	0.0
-7.073508e-06	-8.248661e-05	0.0
-6.742951e-06	-8.45403e-05	0.0
-6.38614e-06	-8.620328e-05	0.0
-6.952749e-06	-8.688387e-05	0.0
-7.768595e-06	-8.94867e-05	0.0
-7.306274e-06	-9.153788e-05	0.0
-7.764187e-06	-9.525066e-05	0.0
-7.308095e-06	-9.582205e-05	0.0
-7.182331e-06	-9.71812e-05	0.0
-7.531478e-06	-9.924013e-05	0.0
-6.84427e-06	-0.0001011673	0.0
-6.373076e-06	-0.0001025441	0.0
-6.601355e-06	-0.0001043192	0.0
-6.373875e-06	-0.0001073313	0.0
-6.248521e-06	-0.0001100888	0.0
-7.053826e-06	-0.0001118692	0.0
-7.060471e-06	-0.0001150245	0.0
-6.826011e-06	-0.0001168204	0.0
-6.936851e-06	-0.0001187387	0.0
-7.166821e-06	-0.0001209314	0.0
-6.944313e-06	-0.0001238096	0.0
-6.46085e-06	-0.0001265602	0.0
-8.655778e-06	-0.0001287607	0.0
-7.859193e-06	-0.0001313552	0.0
-8.314368e-06	-0.000134932	0.0
-7.622835e-06	-0.0001365842	0.0
-8.19083e-06	-0.0001399993	0.0
-7.860015e-06	-0.0001437096	0.0
-6.803886e-06	-0.0001468675	0.0
-8.299518e-06	-0.000150161	0.0
-7.959794e-06	-0.000153319	0.0
-8.644205e-06	-0.0001567407	0.0
-8.762719e-06	-0.0001607327	0.0
-8.880057e-06	-0.0001623865	0.0
-8.413729e-06	-0.0001660672	0.0
-8.761584e-06	-0.0001708737	0.0
-8.176008e-06	-0.0001741821	0.0
-8.995037e-06	-0.0001773202	0.0
-7.135843e-06	-0.0001829455	0.0
-9.549546e-06	-0.0001863866	0.0
-8.868531e-06	-0.0001907723	0.0
-9.447478e-06	-0.0001946121	0.0
-7.488039e-06	-0.0001995497	0.0
-8.045092e-06	-0.0002033983	0.0
-8.402372e-06	-0.0002080493	0.0
-7.706068e-06	-0.0002138133	0.0
-8.273204e-06	-0.0002183431	0.0
-8.740847e-06	-0.0002238253	0.0
-8.618279e-06	-0.000228774	0.0
-9.8823e-06	-0.0002331544	0.0
-1.023603e-05	-0.0002393268	0.0
-1.011952e-05	-0.0002442648	0.0
-1.01154e-05	-0.0002507091	0.0
-1.045907e-05	-0.0002561929	0.0
-1.068929e-05	-0.000263593	0.0
-1.069267e-05	-0.0002700451	0.0
-1.022459e-05	-0.0002766328	0.0
-1.080181e-05	-0.0002823847	0.0
-1.022333e-05	-0.0002900644	0.0
-1.079696e-05	-0.0002960958	0.0
-1.056299e-05	-0.0003045953	0.0
-1.137217e-05	-0.0003113133	0.0
-1.056614e-05	-0.0003204934	0.0
-1.11315e-05	-0.0003277761	0.0
-1.137132e-05	-0.0003359811	0.0
-1.078928e-05	-0.0003462721	0.0
-1.147223e-05	-0.0003538276	0.0
-1.205316e-05	-0.000362048	0.0
-1.171759e-05	-0.0003708077	0.0
-1.055256e-05	-0.0003817753	0.0
-1.169175e-05	-0.0003912348	0.0
-1.239487e-05	-0.0004026101	0.0
-1.193932e-05	-0.000412359	0.0
-1.124035e-05	-0.0004228982	0.0
-1.135113e-05	-0.0004348305	0.0
-1.146e-05	-0.0004459296	0.0
-1.260775e-05	-0.0004592309	0.0
-1.364429e-05	-0.0004706226	0.0
-1.469127e-05	-0.0004830854	0.0
-1.400331e-05	-0.0004963803	0.0
-1.399604e-05	-0.0005102212	0.0
-1.376776e-05	-0.0005247529	0.0
-1.386795e-05	-0.0005394196	0.0
-1.537043e-05	-0.0005549068	0.0
-1.503239e-05	-0.0005706705	0.0
-1.525407e-05	-0.0005868509	0.0
-1.560006e-05	-0.0006028839	0.0
-1.58314e-05	-0.0006207036	0.0
-1.571724e-05	-0.0006377095	0.0
-1.559637e-05	-0.000655642	0.0
-1.62776e-05	-0.0006759349	0.0
-1.732421e-05	-0.0006944389	0.0
-1.67523e-05	-0.0007159353	0.0
-1.696899e-05	-0.0007376027	0.0
-1.788997e-05	-0.000759128	0.0
-1.835852e-05	-0.0007817332	0.0
-1.790222e-05	-0.0008058519	0.0
-1.776631e-05	-0.0008301014	0.0
-1.916336e-05	-0.0008562785	0.0
-1.76661e-05	-0.0008820405	0.0
-1.857147e-05	-0.0009096016	0.0
-1.880677e-05	-0.000935896	0.0
-1.916145e-05	-0.0009674065	0.0
-1.822589e-05	-0.0009964845	0.0
-1.961074e-05	-0.001028114	0.0
-1.913579e-05	-0.001061834	0.0
-2.2242e-05	-0.001094605	0.0
-2.237935e-05	-0.001129123	0.0
-2.295038e-05	-0.001166789	0.0
-2.283435e-05	-0.001206276	0.0
-2.363417e-05	-0.001243971	0.0
-2.421166e-05	-0.001284933	0.0
-2.524052e-05	-0.001327568	0.0
-2.663049e-05	-0.00137198	0.0
-2.697779e-05	-0.001417477	0.0
-2.756075e-05	-0.001465178	0.0
-2.697673e-05	-0.001513828	0.0
-2.857547e-05	-0.001566707	0.0
-2.985485e-05	-0.001621008	0.0
-3.076669e-05	-0.00167609	0.0
-3.273557e-05	-0.001735826	0.0
-3.273434e-05	-0.001796287	0.0
-3.479792e-05	-0.001858221	0.0
-3.607772e-05	-0.001925388	0.0
-3.7109e-05	-0.001992271	0.0
-3.894923e-05	-0.002063657	0.0
-4.034678e-05	-0.002137948	0.0
-4.034306e-05	-0.002214961	0.0
-4.216974e-05	-0.002294568	0.0
-4.504693e-05	-0.002378425	0.0
-4.794319e-05	-0.002465862	0.0
-4.898617e-05	-0.002557664	0.0
-5.10469e-05	-0.002651946	0.0
-5.392999e-05	-0.002750857	0.0
-5.624316e-05	-0.002854193	0.0
-5.809082e-05	-0.002960435	0.0
-6.049371e-05	-0.003072641	0.0
-6.454099e-05	-0.003188594	0.0
-6.548227e-05	-0.003308888	0.0
-6.696425e-05	-0.003435513	0.0
-7.039889e-05	-0.003566114	0.0
-7.594024e-05	-0.003703814	0.0
-7.940538e-05	-0.003845245	0.0
-8.435952e-05	-0.003993681	0.0
-8.806596e-05	-0.004147179	0.0
-9.151367e-05	-0.004307857	0.0
-9.680134e-05	-0.004474629	0.0
-0.0001028082	-0.004647169	0.0
-0.0001075413	-0.004827527	0.0
-0.0001135195	-0.005013642	0.0
-0.0001207879	-0.005207627	0.0
-0.0001271318	-0.00540884	0.0
-0.0001350747	-0.005615945	0.0
-0.0001432805	-0.005831912	0.0
-0.0001498542	-0.006054635	0.0
-0.0001587096	-0.006285319	0.0
-0.0001688657	-0.006521569	0.0
-0.0001783279	-0.00676399	0.0
-0.0001884629	-0.00701496	0.0
-0.0001999976	-0.0072712	0.0
-0.0002109622	-0.007532976	0.0
-0.0002227246	-0.007801095	0.0
-0.0002352871	-0.008075018	0.0
-0.000249016	-0.008352599	0.0
-0.0002623929	-0.00863247	0.0
-0.0002770475	-0.008916428	0.0
-0.0002910059	-0.009200958	0.0
-0.000306798	-0.009483002	0.0
-0.0003224952	-0.009761111	0.0
-0.0003382942	-0.01003648	0.0
-0.000355124	-0.01030315	0.0
-0.0003726692	-0.01055863	0.0
-0.0003884876	-0.0107998	0.0
-0.0004043056	-0.01102197	0.0
-0.0004187167	-0.01121674	0.0
-0.0004355586	-0.01138122	0.0
-0.0004495541	-0.01150503	0.0
-0.0004611107	-0.01157853	0.0
-0.0004715052	-0.01158988	0.0
-0.0004808668	-0.01152654	0.0
-0.0004878295	-0.01136839	0.0
-0.0004911895	-0.011098	0.0
-0.0004941085	-0.01068876	0.0
-0.0004916086	-0.01011292	0.0
-0.0004880536	-0.009341464	0.0
-0.0004801382	-0.0083323	0.0
-0.0004690943	-0.007041848	0.0
-0.000454131	-0.005420614	0.0
-0.000436383	-0.003411221	0.0
-0.000415768	-0.0009514277	0.0
-0.0003906258	0.002031071	0.0
-0.0003646817	0.005613615	0.0
-0.0003329607	0.009868601	0.0
-0.0003008738	0.01488698	0.0
-0.0002645082	0.02075907	0.0
-0.0002274168	0.02750849	0.0
-0.0001852469	0.03522275	0.0
-0.0001403554	0.04392764	0.0
-9.300325e-05	0.05359703	0.0
-4.190984e-05	0.06426895	0.0
1.282391e-05	0.07576533	0.0
7.133117e-05	0.08799078	0.0
0.0001339421	0.1007558	0.0
0.0002010198	0.1138265	0.0
0.000270265	0.1269382	0.0
0.0003412432	0.1397694	0.0
0.0004186096	0.1520058	0.0
0.0004975185	0.1633297	0.0
0.0005781404	0.1733608	0.0
0.0006571639	0.1818102	0.0
0.0007397615	0.1883124	0.0
0.000818372	0.1926042	0.0
0.0008928318	0.1944057	0.0
0.0009653965	0.1934808	0.0
0.001029594	0.1896565	0.0
0.001084713	0.1827892	0.0
0.001130307	0.1728121	0.0
0.001163322	0.1597204	0.0
0.001180674	0.1435587	0.0
0.001181165	0.1244776	0.0
0.00116193	0.1026099	0.0
0.001127121	0.07819365	0.0
0.001069457	0.05149047	0.0
0.0009920436	0.0228067	0.0
0.0008959901	-0.007482318	0.0
0.0007830109	-0.03897752	0.0
0.0006510143	-0.07119739	0.0
0.0005080616	-0.1039172	0.0
0.0003524644	-0.1364367	0.0
0.0001892019	-0.1684897	0.0
1.899476e-05	-0.1995296	0.0
-0.0001513844	-0.2291428	0.0
-0.0003204945	-0.2569164	0.0
-0.0004878277	-0.2824604	0.0
-0.0006477236	-0.3055	0.0
-0.0008026184	-0.3256124	0.0
-0.0009464906	-0.3426108	0.0
-0.001076802	-0.3562008	0.0
-0.001201814	-0.3662093	0.0
-0.001308343	-0.3724566	0.0
-0.001402727	-0.374785	0.0
-0.001487935	-0.3730868	0.0
-0.0015532	-0.3672954	0.0
-0.001604968	-0.357365	0.0
-0.00164493	-0.3433082	0.0
-0.001667086	-0.3252012	0.0
-0.001675921	-0.3031569	0.0
-0.001669522	-0.2773704	0.0
-0.001647854	-0.2480429	0.0
-0.001610983	-0.2155848	0.0
-0.001561008	-0.1802838	0.0
-0.00149557	-0.1425958	0.0
-0.001417645	-0.1029332	0.0
-0.001327215	-0.06179478	0.0
-0.001221937	-0.01970886	0.0
-0.001107858	0.02277774	0.0
-0.00098219	0.06533677	0.0
-0.0008446373	0.1073152	0.0
-0.0006998007	0.1483061	0.0
-0.0005459985	0.1876587	0.0
-0.0003879642	0.2250301	0.0
-0.0002226284	0.2598655	0.0
-5.356289e-05	0.291747	0.0
0.0001153408	0.3202511	0.0
0.0002865982	0.3450897	0.0
0.0004520065	0.3658906	0.0
0.0006148914	0.3824978	0.0
0.0007705881	0.3946396	0.0
0.0009182593	0.4022624	0.0
0.001057331	0.4052553	0.0
0.001180664	0.4035875	0.0
0.001292822	0.3972616	0.0
0.001389708	0.3863331	0.0
0.001472621	0.370888	0.0
0.001539079	0.3510934	0.0
0.001585395	0.3271744	0.0
0.001617214	0.2993675	0.0
0.001626236	0.2679893	0.0
0.001620856	0.2334291	0.0
0.00159711	0.1961114	0.0
0.001551773	0.1565012	0.0
0.001492394	0.1150929	0.0
0.001414023	0.07239828	0.0
0.001321425	0.02899248	0.0
0.001213106	-0.01462079	0.0
0.001095728	-0.05799163	0.0
0.0009678634	-0.1006008	0.0
0.0008309956	-0.1418462	0.0
0.0006879147	-0.1812774	0.0
0.0005424506	-0.2184264	0.0
0.0003955561	-0.2527486	0.0
0.0002508792	-0.2839478	0.0
0.0001046991	-0.3115011	0.0
-3.433907e-05	-0.3352094	0.0
-0.0001661858	-0.3547639	0.0
-0.0002926652	-0.369918	0.0
-0.0004080292	-0.3805777	0.0
-0.0005118696	-0.3866128	0.0
-0.0006136585	-0.3879713	0.0
-0.000690329	-0.3846381	0.0
-0.0007692169	-0.3766556	0.0
-0.0008264511	-0.3640907	0.0
-0.0008781808	-0.3470805	0.0
-0.0009159159	-0.3258037	0.0
-0.0009403204	-0.3004397	0.0
-0.0009581218	-0.2713484	0.0
-0.0009588258	-0.2389413	0.0
-0.0009528463	-0.2035295	0.0
-0.0009346195	-0.1655459	0.0
-0.0009059751	-0.1254829	0.0
-0.0008682638	-0.08388613	0.0
-0.0008197594	-0.04125009	0.0
-0.0007626047	0.001896639	0.0
-0.0006961778	0.04499947	0.0
-0.0006231018	0.08759364	0.0
-0.0005389241	0.1291633	0.0
-0.0004468196	0.1692156	0.0
-0.0003460119	0.2072378	0.0
-0.0002419305	0.2426914	0.0
-0.0001282498	0.2752498	0.0
-1.193998e-05	0.3043385	0.0
0.000107236	0.3297472	0.0
0.0002279139	0.3511596	0.0
0.000346573	0.3682881	0.0
0.0004582799	0.3810261	0.0
0.0005664929	0.38913	0.0
0.0006664029	0.3926222	0.0
0.0007534507	0.3914334	0.0
0.0008334425	0.38557	0.0
0.0008943527	0.3750862	0.0
0.0009471545	0.3600923	0.0
0.0009808432	0.3407084	0.0
0.0009965596	0.3171324	0.0
0.001003195	0.2896842	0.0
0.0009854982	0.2586887	0.0
0.0009607892	0.2244905	0.0
0.0009169874	0.1874862	0.0
0.0008656195	0.1482044	0.0
0.0008012161	0.1071275	0.0
0.0007274993	0.06473502	0.0
0.0006484532	0.02171276	0.0
0.0005631273	-0.02166714	0.0
0.0004760326	-0.06476784	0.0
0.0003869303	-0.1071866	0.0
0.0002992293	-0.1481712	0.0
0.0002116174	-0.1873809	0.0
0.0001292651	-0.2242833	0.0
4.622964e-05	-0.2584448	0.0
-3.077801e-05	-0.2893673	0.0
-0.0001056925	-0.3167729	0.0
-0.0001787755	-0.3401879	0.0
-0.0002426379	-0.3595183	0.0
-0.0003091259	-0.374402	0.0
-0.0003623605	-0.384815	0.0
-0.0004172047	-0.3905906	0.0
-0.0004616267	-0.3916802	0.0
-0.0005018252	-0.3880662	0.0
-0.0005311397	-0.3798144	0.0
-0.0005488802	-0.3669677	0.0
-0.0005581922	-0.3496641	0.0
-0.0005515878	-0.3280862	0.0
-0.0005318261	-0.3024715	0.0
-0.0004969527	-0.2731304	0.0
-0.0004421559	-0.2403699	0.0
-0.0003738457	-0.2046836	0.0
-0.0002818336	-0.1663926	0.0
-0.0001740416	-0.1260634	0.0
-4.888739e-05	-0.08419914	0.0
9.387935e-05	-0.04132596	0.0
0.0002508595	0.002063255	0.0
0.0004216621	0.04547838	0.0
0.0006000702	0.08820065	0.0
0.0007880076	0.1300557	0.0
0.000975276	0.1701794	0.0
0.001167899	0.2082591	0.0
0.001354288	0.2438904	0.0
0.001536396	0.2763926	0.0
0.001707705	0.3055701	0.0
0.001863424	0.3309941	0.0
0.002008609	0.3523698	0.0
0.002127337	0.3694821	0.0
0.002231034	0.3821461	0.0
0.002311355	0.3902141	0.0
0.002364655	0.3936369	0.0
0.002401828	0.3923636	0.0
0.002403701	0.3864173	0.0
0.00239059	0.3758482	0.0
0.002350998	0.3607716	0.0
0.002288762	0.3413255	0.0
0.002206552	0.317693	0.0
0.002104658	0.2902102	0.0
0.001981759	0.2591364	0.0
0.001843784	0.2248629	0.0
0.001689394	0.1878082	0.0
0.001522576	0.1484178	0.0
0.001344064	0.1072213	0.0
0.00115755	0.06479207	0.0
0.0009611133	0.02158418	0.0
0.000763039	-0.02188078	0.0
0.0005601107	-0.06499118	0.0
0.0003574456	-0.1073466	0.0
0.0001563257	-0.1485047	0.0
-4.458228e-05	-0.1877875	0.0
-0.0002391559	-0.2248927	0.0
-0.0004298749	-0.259077	0.0
-0.0006099754	-0.2901493	0.0
-0.0007851929	-0.317627	0.0
-0.0009439964	-0.3411874	0.0
-0.001092487	-0.360574	0.0
-0.001231265	-0.3755971	0.0
-0.00134384	-0.386085	0.0
-0.00145693	-0.3919225	0.0
-0.001538464	-0.3930706	0.0
-0.001615211	-0.3895018	0.0
-0.001668017	-0.3812594	0.0
-0.001706338	-0.3684146	0.0
-0.00172915	-0.3510852	0.0
-0.001725309	-0.3294447	0.0
-0.001715548	-0.3038415	0.0
-0.001676745	-0.274432	0.0
-0.001625568	-0.2416536	0.0
-0.001558959	-0.2058654	0.0
-0.001470399	-0.1675238	0.0
-0.001374854	-0.1271707	0.0
-0.001255932	-0.08524344	0.0
-0.001128141	-0.04235535	0.0
-0.0009893477	0.001018144	0.0
-0.0008422771	0.04438218	0.0
-0.0006876614	0.08722706	0.0
-0.0005288351	0.1290399	0.0
-0.0003645728	0.1692232	0.0
-0.0002023174	0.2074041	0.0
-4.077061e-05	0.242972	0.0
0.0001202281	0.2755748	0.0
0.0002732809	0.3047312	0.0
0.0004197149	0.330195	0.0
0.0005581094	0.3515631	0.0
0.0006820761	0.368717	0.0
0.0007990577	0.3813567	0.0
0.0008975944	0.3894579	0.0
0.0009831797	0.3929041	0.0
0.001055517	0.3916601	0.0
0.001106192	0.3857385	0.0
0.001146943	0.3752004	0.0
0.001160508	0.3601312	0.0
0.001162277	0.3407122	0.0
0.001144821	0.3171455	0.0
0.001105682	0.2896786	0.0
0.001053267	0.2586316	0.0
0.0009757568	0.2243969	0.0
0.0008879071	0.1874001	0.0
0.0007805729	0.1481109	0.0
0.0006585172	0.1070093	0.0
0.0005258879	0.06461509	0.0
0.0003779184	0.02142576	0.0
0.0002223396	-0.02192222	0.0
5.695111e-05	-0.06512806	0.0
-0.00010965	-0.1074544	0.0
-0.0002851973	-0.1485977	0.0
-0.0004618552	-0.1878599	0.0
-0.0006377441	-0.2248678	0.0
-0.0008127404	-0.2591617	0.0
-0.0009843785	-0.2902142	0.0
-0.001146853	-0.3177363	0.0
-0.001303485	-0.3413515	0.0
-0.001452047	-0.3608416	0.0
-0.001585258	-0.375989	0.0
-0.001707925	-0.3865764	0.0
-0.001809493	-0.392533	0.0
-0.001901228	-0.3938	0.0
-0.001968678	-0.390369	0.0
-0.00202141	-0.3822663	0.0
-0.002051465	-0.369561	0.0
-0.002057183	-0.3523723	0.0
-0.002051769	-0.3309492	0.0
-0.002014098	-0.3054293	0.0
-0.00196392	-0.2761495	0.0
-0.001887355	-0.2434435	0.0
-0.001797171	-0.2077554	0.0
-0.001685824	-0.1694561	0.0
-0.001559971	-0.1291017	0.0
-0.001422064	-0.08720072	0.0
-0.001270434	-0.04424665	0.0
-0.001113807	-0.0007997973	0.0
-0.0009470696	0.04268684	0.0
-0.000779179	0.0856188	0.0
-0.0006070393	0.1275502	0.0
-0.0004378138	0.1678981	0.0
-0.0002665497	0.2062457	0.0
-0.0001066218	0.2419502	0.0
5.328756e-05	0.2747401	0.0
0.000203388	0.3040276	0.0
0.0003429816	0.3296248	0.0
0.0004790748	0.3511891	0.0
0.0005932316	0.3684739	0.0
0.0007048377	0.3812762	0.0
0.0007971769	0.3895163	0.0
0.0008776929	0.3930841	0.0
0.0009527662	0.3919568	0.0
0.0009980404	0.3861463	0.0
0.001051708	0.375717	0.0
0.001071433	0.3607572	0.0
0.001090823	0.341432	0.0
0.001094277	0.3179137	0.0
0.001075849	0.2905262	0.0
0.001060328	0.2595783	0.0
0.001014996	0.2253732	0.0
0.000971914	0.1884506	0.0
0.0009069425	0.1491586	0.0
0.0008311457	0.1080649	0.0
0.0007475888	0.0658358	0.0
0.0006466565	0.02267385	0.0
0.0005386659	-0.02067244	0.0
0.0004167567	-0.06381273	0.0
0.0002829212	-0.1062021	0.0
0.0001372688	-0.1472722	0.0
-1.591974e-05	-0.1866023	0.0
-0.0001841173	-0.2236105	0.0
-0.0003546744	-0.2578994	0.0
-0.0005386371	-0.288966	0.0
-0.00072573	-0.3165196	0.0
-0.0009116082	-0.3401309	0.0
-0.001105779	-0.3596176	0.0
-0.001286435	-0.3747688	0.0
-0.001470425	-0.3853898	0.0
-0.001638465	-0.3914027	0.0
-0.00179801	-0.3927327	0.0
-0.001940687	-0.3893701	0.0
-0.002065554	-0.3813446	0.0
-0.002168401	-0.3687313	0.0
-0.002253306	-0.3516429	0.0
-0.002310619	-0.3302747	0.0
-0.002339688	-0.3048401	0.0
-0.002347674	-0.2756796	0.0
-0.002324495	-0.2431239	0.0
-0.002277941	-0.2075485	0.0
-0.002204779	-0.1694332	0.0
-0.002106003	-0.129256	0.0
-0.001986234	-0.08747271	0.0
-0.00184401	-0.04464156	0.0
-0.001682834	-0.0014227	0.0
-0.001503975	0.04190745	0.0
-0.001312148	0.08469657	0.0
-0.001107551	0.1265049	0.0
-0.0008955737	0.1667226	0.0
-0.0006743468	0.2049042	0.0
-0.0004531965	0.2405456	0.0
-0.0002273748	0.2731855	0.0
-1.001902e-05	0.3024693	0.0
0.0002009727	0.3280112	0.0
0.0004043214	0.3495532	0.0
0.0005936559	0.3668164	0.0
0.0007657352	0.3796808	0.0
0.0009243698	0.3879176	0.0
0.001062295	0.3915308	0.0
0.001178847	0.3904449	0.0
0.001280895	0.3846883	0.0
0.001355059	0.3743013	0.0
0.001414798	0.3594101	0.0
0.001454226	0.3401255	0.0
0.001475509	0.3166911	0.0
0.001482505	0.2893634	0.0
0.001471414	0.2584473	0.0
0.001451753	0.224321	0.0
0.001414915	0.1873929	0.0
0.001369435	0.1481627	0.0
0.001314776	0.1071854	0.0
0.001248822	0.06487197	0.0
0.001178228	0.02181606	0.0
0.001097016	-0.02153196	0.0
0.001008877	-0.06460314	0.0
0.0009127452	-0.1069475	0.0
0.0008109632	-0.1479321	0.0
0.000699073	-0.1871722	0.0
0.0005829493	-0.2240471	0.0
0.0004559771	-0.2581333	0.0
0.0003308114	-0.289111	0.0
0.000197513	-0.3164275	0.0
6.18e-05	-0.3399448	0.0
-7.073009e-05	-0.3592457	0.0
-0.0002087012	-0.3741909	0.0
-0.0003324535	-0.3846245	0.0
-0.0004601859	-0.3904225	0.0
-0.0005696996	-0.3915443	0.0
-0.0006783648	-0.3879758	0.0
-0.000771092	-0.3797504	0.0
-0.0008510218	-0.3669536	0.0
-0.0009220194	-0.349715	0.0
-0.0009729067	-0.3281892	0.0
-0.001010316	-0.3026724	0.0
-0.001035075	-0.2734	0.0
-0.001036965	-0.2407313	0.0
-0.001029446	-0.2050911	0.0
-0.001002701	-0.1668904	0.0
-0.0009592359	-0.1265231	0.0
-0.0009055155	-0.084759	0.0
-0.0008352641	-0.04216539	0.0
-0.0007532159	0.001120527	0.0
-0.0006604461	0.04441775	0.0
-0.000555774	0.08718178	0.0
-0.0004449179	0.1289158	0.0
-0.0003284412	0.1692054	0.0
-0.0002074917	0.2072284	0.0
-8.264232e-05	0.242967	0.0
4.247243e-05	0.2755456	0.0
0.0001678789	0.3048107	0.0
0.0002872389	0.3303516	0.0
0.0004068922	0.3518298	0.0
0.0005166489	0.3690591	0.0
0.0006206996	0.3818403	0.0
0.0007190712	0.3900388	0.0
0.0008037704	0.393585	0.0
0.0008831401	0.3924355	0.0
0.0009478689	0.3866139	0.0
0.001001096	0.3761615	0.0
0.001042556	0.3611681	0.0
0.001073618	0.3417963	0.0
0.001087599	0.3183098	0.0
0.00109144	0.2908878	0.0
0.001076975	0.2598742	0.0
0.001052799	0.2256604	0.0
0.0010074	0.1886828	0.0
0.0009538349	0.1493703	0.0
0.0008827744	0.1082311	0.0
0.0008020694	0.06581418	0.0
0.000705992	0.02270238	0.0
0.0005993046	-0.02073031	0.0
0.000485216	-0.06391419	0.0
0.0003627921	-0.1063162	0.0
0.00023322	-0.1474943	0.0
9.928818e-05	-0.1868024	0.0
-3.51581e-05	-0.2238563	0.0
-0.0001743824	-0.2581329	0.0
-0.0003069105	-0.28924	0.0
-0.0004426606	-0.3167461	0.0
-0.0005664974	-0.3404096	0.0
-0.0006858116	-0.3598652	0.0
-0.0008003471	-0.3750111	0.0
-0.0008954596	-0.385602	0.0
-0.000991698	-0.3915828	0.0
-0.001064652	-0.3928977	0.0
-0.001128519	-0.3895117	0.0
-0.001184469	-0.3814545	0.0
-0.001215702	-0.3688243	0.0
-0.001246914	-0.3517359	0.0
-0.001248235	-0.3303424	0.0
-0.001244579	-0.3049172	0.0
-0.001223392	-0.2757246	0.0
-0.001183548	-0.2431169	0.0
-0.001137933	-0.2075223	0.0
-0.001068584	-0.1693224	0.0
-0.0009915654	-0.1291668	0.0
-0.0009017203	-0.08734319	0.0
-0.0007957503	-0.04448495	0.0
-0.0006815811	-0.001080074	0.0
-0.000554486	0.04234958	0.0
-0.0004192824	0.08530813	0.0
-0.0002761858	0.1271461	0.0
-0.0001257179	0.1674879	0.0
3.269648e-05	0.2058029	0.0
0.0001906208	0.2415515	0.0
0.0003554382	0.274376	0.0
0.0005154844	0.3037902	0.0
0.0006776543	0.3294662	0.0
0.0008356743	0.3511213	0.0
0.0009816907	0.3684973	0.0
0.001126279	0.3814211	0.0
0.001253581	0.3897605	0.0
0.001372271	0.3934265	0.0
0.001473186	0.3923797	0.0
0.001562222	0.3866411	0.0
0.00163019	0.3762584	0.0
0.001683969	0.3613182	0.0
0.001716754	0.3419958	0.0
0.00173162	0.318478	0.0
0.0017277	0.2910538	0.0
0.001704209	0.2601109	0.0
0.001664062	0.2258752	0.0
0.001607308	0.1888394	0.0
0.001536596	0.1494865	0.0
0.001453339	0.1083043	0.0
0.001359477	0.06581768	0.0
0.001257633	0.02254842	0.0
0.001147697	-0.0209591	0.0
0.00103384	-0.06420582	0.0
0.0009171533	-0.1067341	0.0
0.000804267	-0.1479087	0.0
0.0006927091	-0.1872937	0.0
0.000584835	-0.2243892	0.0
0.0004853418	-0.2587165	0.0
0.0003853047	-0.2898633	0.0
0.0003030656	-0.3174533	0.0
0.0002241154	-0.3411326	0.0
0.0001574356	-0.360658	0.0
0.0001021292	-0.3758252	0.0
5.329464e-05	-0.3864315	0.0
2.903128e-05	-0.3924361	0.0
4.149846e-06	-0.3937326	0.0
-4.134956e-06	-0.3903416	0.0
2.1583e-06	-0.3822823	0.0
1.351572e-05	-0.3696384	0.0
4.814391e-05	-0.3524908	0.0
8.33346e-05	-0.3311123	0.0
0.0001350411	-0.3056579	0.0
0.0002010845	-0.2764426	0.0
0.0002667125	-0.2437854	0.0
0.0003519117	-0.2081383	0.0
0.0004360902	-0.1700475	0.0
0.000534495	-0.1298056	0.0
0.0006371049	-0.08802082	0.0
0.0007428661	-0.04522749	0.0
0.000852895	-0.001888798	0.0
0.0009654992	0.04141886	0.0
0.001076372	0.08424827	0.0
0.001185587	0.1259601	0.0
0.001291092	0.1661769	0.0
0.001389118	0.2043851	0.0
0.00147941	0.2400027	0.0
0.00155941	0.272678	0.0
0.001626134	0.3019359	0.0
0.001679605	0.3274958	0.0
0.001714293	0.3490315	0.0
0.001737998	0.3662964	0.0
0.001737085	0.3791434	0.0
0.001724313	0.3874197	0.0
0.00169341	0.3910457	0.0
0.001645298	0.3899922	0.0
0.001581016	0.3842694	0.0
0.001506415	0.3739132	0.0
0.001415614	0.3590458	0.0
0.001319599	0.3397822	0.0
0.001206493	0.3162889	0.0
0.001093152	0.2889664	0.0
0.0009671353	0.2582191	0.0
0.000837961	0.2241651	0.0
0.0007065337	0.1873352	0.0
0.0005672564	0.1481806	0.0
0.0004276297	0.1072621	0.0
0.0002843667	0.06502629	0.0
0.0001384055	0.02190377	0.0
-7.21175e-06	-0.02136551	0.0
-0.0001554789	-0.06428284	0.0
-0.0003024226	-0.1065206	0.0
-0.0004511874	-0.1474566	0.0
-0.0005970294	-0.1866116	0.0
-0.000741347	-0.2234504	0.0
-0.0008798589	-0.2575475	0.0
-0.001012272	-0.2884817	0.0
-0.001137887	-0.3158659	0.0
-0.001248102	-0.3393678	0.0
-0.001351769	-0.3587274	0.0
-0.001436104	-0.3737588	0.0
-0.001506308	-0.3842657	0.0
-0.001558411	-0.3901847	0.0
-0.001589364	-0.3914276	0.0
-0.001603781	-0.3879943	0.0
-0.001596665	-0.3799026	0.0
-0.001565703	-0.3672519	0.0
-0.00152168	-0.3501502	0.0
-0.001452117	-0.3287844	0.0
-0.0013689	-0.3033838	0.0
-0.001269208	-0.2742272	0.0
-0.001149562	-0.2417328	0.0
-0.001022328	-0.2062184	0.0
-0.000881782	-0.1681756	0.0
-0.0007305962	-0.1280656	0.0
-0.0005757439	-0.0864154	0.0
-0.0004112354	-0.04361955	0.0
-0.0002466698	-0.0004612667	0.0
-7.982508e-05	0.04278672	0.0
8.336895e-05	0.08550068	0.0
0.0002429653	0.127246	0.0
0.0003968679	0.1674501	0.0
0.0005440875	0.2056024	0.0
0.0006815527	0.2412429	0.0
0.0008121139	0.2739317	0.0
0.0009271418	0.3032506	0.0
0.001031587	0.3288883	0.0
0.001121571	0.3504513	0.0
0.001200528	0.3677914	0.0
0.00126404	0.3807206	0.0
0.001310826	0.3890517	0.0
0.001348783	0.3927469	0.0
0.001367425	0.3917601	0.0
0.001371445	0.3860924	0.0
0.00136369	0.3757983	0.0
0.00133745	0.3609818	0.0
0.00130071	0.3417938	0.0
0.001242979	0.3184243	0.0
0.001173295	0.2911059	0.0
0.001089449	0.2602867	0.0
0.0009872904	0.2261686	0.0
0.0008749691	0.1893114	0.0
0.0007461701	0.1500699	0.0
0.0006085767	0.1090116	0.0
0.0004612583	0.06665963	0.0
0.0003025621	0.02349216	0.0
0.0001400136	-0.0199358	0.0
-2.966251e-05	-0.06312015	0.0
-0.0002006044	-0.1056156	0.0
-0.0003740714	-0.1467877	0.0
-0.0005419315	-0.1861454	0.0
-0.0007125972	-0.2232195	0.0
-0.0008699864	-0.2576463	0.0
-0.001028353	-0.2887821	0.0
-0.001177398	-0.3163908	0.0
-0.001311188	-0.3401154	0.0
-0.001442114	-0.3596864	0.0
-0.001550885	-0.3749027	0.0
-0.001655567	-0.3855786	0.0
-0.001738737	-0.3916404	0.0
-0.001809985	-0.3930172	0.0
-0.001867616	-0.3896963	0.0
-0.001904847	-0.3817048	0.0
-0.001932648	-0.3691309	0.0
-0.001939041	-0.3520873	0.0
-0.001930571	-0.3307693	0.0
-0.001911254	-0.3054018	0.0
-0.001867406	-0.2762779	0.0
-0.001819001	-0.2437016	0.0
-0.001749635	-0.2081804	0.0
-0.001669576	-0.1701017	0.0
-0.001574987	-0.1299596	0.0
-0.00146649	-0.08823831	0.0
-0.001348386	-0.04543825	0.0
-0.001216548	-0.002229442	0.0
-0.001075416	0.04109947	0.0
-0.0009242774	0.08385955	0.0
-0.0007652481	0.1256121	0.0
-0.0006000524	0.1658562	0.0
-0.0004317627	0.2040562	0.0
-0.0002558047	0.2397443	0.0
-8.070817e-05	0.2724731	0.0
9.788582e-05	0.3017819	0.0
0.0002666694	0.3274065	0.0
0.0004347515	0.3490083	0.0
0.0005938287	0.3663674	0.0
0.000740932	0.3793266	0.0
0.0008782693	0.3876978	0.0
0.0009963762	0.3914393	0.0
0.001101444	0.3905064	0.0
0.001185957	0.3849071	0.0
0.001250172	0.3746922	0.0
0.00129669	0.3599497	0.0
0.001318014	0.3408241	0.0
0.001321305	0.3175752	0.0
0.001300875	0.2904193	0.0
0.001261054	0.259622	0.0
0.00120262	0.2256952	0.0
0.001126267	0.1888688	0.0
0.00103331	0.149751	0.0
0.0009246436	0.108776	0.0
0.0008084652	0.06646509	0.0
0.0006803834	0.0232969	0.0
0.0005480308	-0.02007604	0.0
0.000411657	-0.06326025	0.0
0.0002739498	-0.1057209	0.0
0.0001369488	-0.1469104	0.0
1.124906e-06	-0.1862971	0.0
-0.0001286039	-0.2234285	0.0
-0.0002529911	-0.2578733	0.0
-0.0003700671	-0.2890515	0.0
-0.0004789085	-0.3166903	0.0
-0.0005799252	-0.3404104	0.0
-0.0006727811	-0.3600163	0.0
-0.0007485755	-0.3752829	0.0
-0.0008227729	-0.3859294	0.0
-0.0008804749	-0.3919903	0.0
-0.0009324258	-0.3933533	0.0
-0.0009721096	-0.3900093	0.0
-0.001001207	-0.3819943	0.0
-0.001020343	-0.3693358	0.0
-0.001028192	-0.3522945	0.0
-0.001028076	-0.3308777	0.0
-0.001014216	-0.3053767	0.0
-0.0009905802	-0.2762336	0.0
-0.0009588733	-0.2435897	0.0
-0.0009092912	-0.2080221	0.0
-0.0008549384	-0.1698519	0.0
-0.0007877782	-0.1296195	0.0
-0.0007112369	-0.08779984	0.0
-0.0006261891	-0.04500087	0.0
-0.0005340962	-0.001609654	0.0
-0.0004346779	0.04174852	0.0
-0.0003346469	0.08458128	0.0
-0.0002335238	0.1264569	0.0
-0.0001303477	0.166776	0.0
-2.983626e-05	0.2050738	0.0
6.249016e-05	0.2408987	0.0
0.0001557677	0.2736963	0.0
0.0002339985	0.3031378	0.0
0.0003091	0.3288488	0.0
0.0003728734	0.3505771	0.0
0.0004243217	0.3680058	0.0
0.0004711266	0.3809969	0.0
0.0004961274	0.3894269	0.0
0.0005224954	0.3931899	0.0
0.0005287041	0.3922637	0.0
0.0005280041	0.3866459	0.0
0.0005214501	0.3763793	0.0
0.0004945829	0.3616014	0.0
0.0004692973	0.3424115	0.0
0.0004252633	0.3190665	0.0
0.0003782078	0.2917871	0.0
0.0003215168	0.260915	0.0
0.0002546669	0.2268464	0.0
0.0001850487	0.1899591	0.0
0.000106801	0.1507273	0.0
2.467102e-05	0.1097317	0.0
-6.391945e-05	0.06737904	0.0
-0.0001542974	0.02419953	0.0
-0.0002471055	-0.01914475	0.0
-0.0003402984	-0.06231191	0.0
-0.0004317926	-0.104689	0.0
-0.0005195974	-0.1458325	0.0
-0.0006038888	-0.1852086	0.0
-0.0006822815	-0.2222462	0.0
-0.0007534992	-0.2565656	0.0
-0.0008165721	-0.287702	0.0
-0.0008693112	-0.3152919	0.0
-0.0009138183	-0.3389982	0.0
-0.0009493334	-0.3585764	0.0
-0.0009750717	-0.3738198	0.0
-0.000987827	-0.384561	0.0
-0.0009949916	-0.3906982	0.0
-0.0009876209	-0.3921585	0.0
-0.0009723281	-0.3889359	0.0
-0.0009489711	-0.3810479	0.0
-0.0009141718	-0.3685879	0.0
-0.0008754506	-0.3516606	0.0
-0.000819124	-0.3304048	0.0
-0.0007629422	-0.3051843	0.0
-0.0006931247	-0.2761183	0.0
-0.0006173418	-0.2436981	0.0
-0.000535208	-0.2082102	0.0
-0.0004414413	-0.1701794	0.0
-0.0003440182	-0.1300518	0.0
-0.0002356812	-0.08831468	0.0
-0.0001225054	-0.04554626	0.0
3.388475e-07	-0.002207121	0.0
0.0001293299	0.04115123	0.0
0.0002646197	0.08397561	0.0
0.000408155	0.1257999	0.0
0.0005560925	0.1660981	0.0
0.0007082796	0.2043663	0.0
0.0008644735	0.2400736	0.0
0.001020204	0.272852	0.0
0.001175039	0.3022261	0.0
0.001323935	0.3279098	0.0
0.001466926	0.3495317	0.0
0.001598778	0.3668973	0.0
0.001720432	0.3798313	0.0
0.001826268	0.3882145	0.0
0.001918432	0.3919278	0.0
0.001985876	0.3909701	0.0
0.002044009	0.3853299	0.0
0.002073871	0.3750737	0.0
0.002084395	0.3602743	0.0
0.002075127	0.3411442	0.0
0.002038558	0.3178361	0.0
0.001989901	0.29058	0.0
0.001908873	0.2598107	0.0
0.001815751	0.2257652	0.0
0.001701336	0.1889806	0.0
0.001567742	0.1498306	0.0
0.001422522	0.108862	0.0
0.001258149	0.06651184	0.0
0.001087249	0.02349376	0.0
0.0009029844	-0.01986879	0.0
0.000711024	-0.0629653	0.0
0.0005139756	-0.1053312	0.0
0.000315474	-0.1463428	0.0
0.0001151091	-0.1856081	0.0
-8.198378e-05	-0.2226039	0.0
-0.0002749246	-0.2568792	0.0
-0.0004605404	-0.2879209	0.0
-0.0006360493	-0.3154427	0.0
-0.0007977951	-0.3390779	0.0
-0.0009470776	-0.3585722	0.0
-0.001078036	-0.3737116	0.0
-0.001191107	-0.3843427	0.0
-0.001285888	-0.390361	0.0
-0.001359873	-0.3917049	0.0
-0.001414326	-0.388371	0.0
-0.001450971	-0.3803811	0.0
-0.001466429	-0.3678397	0.0
-0.001460461	-0.3508275	0.0
-0.001440609	-0.3295651	0.0
-0.001397272	-0.3042411	0.0
-0.001341592	-0.2751912	0.0
-0.001268301	-0.2427111	0.0
-0.001177623	-0.2072973	0.0
-0.001075182	-0.1692739	0.0
-0.0009615768	-0.129121	0.0
-0.0008363237	-0.08755819	0.0
-0.0007021328	-0.04484944	0.0
-0.0005628734	-0.001684501	0.0
-0.000419435	0.04155546	0.0
-0.0002742994	0.08431494	0.0
-0.000128278	0.1261081	0.0
1.576535e-05	0.1663332	0.0
0.0001559031	0.2045682	0.0
0.0002922938	0.2403232	0.0
0.0004233347	0.2731317	0.0
0.0005484884	0.302579	0.0
0.0006648747	0.3283277	0.0
0.000771614	0.3500579	0.0
0.000873343	0.3675399	0.0
0.0009591075	0.3806389	0.0
0.001040447	0.3891078	0.0
0.001108539	0.3929444	0.0
0.00116601	0.3920881	0.0
0.001210573	0.3865485	0.0
0.001245043	0.3763891	0.0
0.001266242	0.361666	0.0
0.00127092	0.3425782	0.0
0.001262072	0.3192944	0.0
0.001237893	0.2920838	0.0
0.001194363	0.2612516	0.0
0.001137983	0.2271936	0.0
0.001060945	0.1902784	0.0
0.0009698492	0.1510995	0.0
0.0008604542	0.1100384	0.0
0.0007375856	0.06761	0.0
0.0006022395	0.02453223	0.0
0.0004550655	-0.01902277	0.0
0.0003025592	-0.06220887	0.0
0.000144078	-0.1047161	0.0
-1.563381e-05	-0.1459511	0.0
-0.0001769588	-0.1854148	0.0
-0.0003315234	-0.2226066	0.0
-0.0004813777	-0.2570339	0.0
-0.0006223704	-0.2883294	0.0
-0.0007522379	-0.3159716	0.0
-0.0008699568	-0.3397303	0.0
-0.0009722236	-0.3593539	0.0
-0.001057872	-0.3746455	0.0
-0.001126892	-0.3853856	0.0
-0.001180981	-0.391504	0.0
-0.001215412	-0.3929442	0.0
-0.001238313	-0.3896827	0.0
-0.00123825	-0.3817484	0.0
-0.001223179	-0.3692072	0.0
-0.001198518	-0.3522094	0.0
-0.001148526	-0.3309069	0.0
-0.001099873	-0.3055305	0.0
-0.001023561	-0.2764747	0.0
-0.0009475731	-0.2439658	0.0
-0.0008513819	-0.2084832	0.0
-0.0007513746	-0.170417	0.0
-0.0006421764	-0.1302603	0.0
-0.0005227335	-0.08852287	0.0
-0.000400475	-0.04578459	0.0
-0.0002675928	-0.002428026	0.0
-0.0001327118	0.04085156	0.0
6.315393e-06	0.08367468	0.0
0.000146402	0.125535	0.0
0.0002926141	0.1657636	0.0
0.0004329197	0.2039767	0.0
0.0005760929	0.2396734	0.0
0.0007100974	0.2724418	0.0
0.0008419145	0.301784	0.0
0.0009649778	0.3274412	0.0
0.00107452	0.3491048	0.0
0.001175542	0.3665039	0.0
0.001260258	0.379478	0.0
0.001325215	0.3878899	0.0
0.001375922	0.391656	0.0
0.001400555	0.390743	0.0
0.001410532	0.385155	0.0
0.001396698	0.37495	0.0
0.001360457	0.360221	0.0
0.001305749	0.3411072	0.0
0.001225393	0.317871	0.0
0.001131988	0.290707	0.0
0.001016671	0.2598754	0.0
0.0008829616	0.2259603	0.0
0.0007400534	0.1891687	0.0
0.0005828717	0.1500997	0.0
0.0004163365	0.1091526	0.0
0.0002401049	0.06686972	0.0
6.119068e-05	0.02376124	0.0
-0.0001201361	-0.0195345	0.0
-0.0002995575	-0.06266335	0.0
-0.0004780054	-0.1050252	0.0
-0.0006514869	-0.1461654	0.0
-0.0008167285	-0.1855399	0.0
-0.000972291	-0.2226827	0.0
-0.001117645	-0.2570678	0.0
-0.001251366	-0.2883067	0.0
-0.00137033	-0.3159934	0.0
-0.001475449	-0.339813	0.0
-0.001558204	-0.3595422	0.0
-0.001630352	-0.374839	0.0
-0.001679535	-0.3856544	0.0
-0.001715831	-0.3918487	0.0
-0.001733583	-0.3933511	0.0
-0.001729838	-0.3901545	0.0
-0.001714647	-0.3822923	0.0
-0.001677128	-0.3698301	0.0
-0.001624299	-0.3528996	0.0
-0.001557873	-0.3316571	0.0
-0.001467504	-0.3063819	0.0
-0.001371173	-0.2773419	0.0
-0.001250623	-0.244797	0.0
-0.001120165	-0.2093574	0.0
-0.000978126	-0.1712642	0.0
-0.0008215646	-0.1310959	0.0
-0.0006568226	-0.08936241	0.0
-0.0004824405	-0.04655122	0.0
-0.0003042153	-0.003169823	0.0
-0.0001229009	0.04015647	0.0
6.100978e-05	0.08302939	0.0
0.0002431133	0.124952	0.0
0.0004212139	0.1653131	0.0
0.000591891	0.2036509	0.0
0.000758886	0.2394989	0.0
0.000912006	0.2724379	0.0
0.00105702	0.3019454	0.0
0.001191588	0.3277813	0.0
0.001305431	0.3496055	0.0
0.001414957	0.3671669	0.0
0.001500454	0.3803175	0.0
0.001577907	0.3888834	0.0
0.001636644	0.3928083	0.0
0.00167979	0.3920406	0.0
0.001706789	0.3865927	0.0
0.001719338	0.376502	0.0
0.001712344	0.3618923	0.0
0.001696261	0.3428817	0.0
0.001654791	0.3196789	0.0
0.001602965	0.2925293	0.0
0.001533506	0.2618195	0.0
0.001445398	0.2278556	0.0
0.001344004	0.1910099	0.0
0.001224561	0.151935	0.0
0.00109208	0.1109698	0.0
0.0009473675	0.06866512	0.0
0.00079095	0.0255569	0.0
0.0006264395	-0.01784705	0.0
0.0004530151	-0.06121622	0.0
0.0002759332	-0.1035286	0.0
9.346455e-05	-0.144733	0.0
-9.068151e-05	-0.184173	0.0
-0.0002755258	-0.2213958	0.0
-0.0004536694	-0.255796	0.0
-0.0006320291	-0.2869941	0.0
-0.0008007348	-0.3146418	0.0
-0.0009620189	-0.3383925	0.0
-0.001115511	-0.3579971	0.0
-0.001252089	-0.3732565	0.0
-0.00137593	-0.3839528	0.0
-0.001486939	-0.3900244	0.0
-0.001578304	-0.3914186	0.0
-0.001656494	-0.3881125	0.0
-0.00171382	-0.3801462	0.0
-0.001752686	-0.3675744	0.0
-0.001772823	-0.3505931	0.0
-0.001772976	-0.3292769	0.0
-0.001752394	-0.303958	0.0
-0.001713624	-0.2748866	0.0
-0.001652709	-0.242417	0.0
-0.001572677	-0.2069235	0.0
-0.001473629	-0.1689485	0.0
-0.001357269	-0.1288616	0.0
-0.00122376	-0.0872279	0.0
-0.00107369	-0.04456243	0.0
-0.0009103441	-0.001312263	0.0
-0.0007347364	0.04178294	0.0
-0.0005505555	0.08448055	0.0
-0.0003575662	0.1261378	0.0
-0.000159142	0.1662765	0.0
4.258026e-05	0.2043625	0.0
0.000245594	0.2399347	0.0
0.0004491003	0.2726308	0.0
0.0006477835	0.3018627	0.0
0.0008398836	0.3274295	0.0
0.001025488	0.3490309	0.0
0.001197961	0.366366	0.0
0.001352784	0.379305	0.0
0.001497249	0.3877029	0.0
0.001619251	0.3914867	0.0
0.001719171	0.3906082	0.0
0.001798538	0.3850695	0.0
0.001849683	0.3749379	0.0
0.001878146	0.3602901	0.0
0.001875051	0.3412455	0.0
0.001851526	0.3180995	0.0
0.001794923	0.2909989	0.0
0.001715082	0.2603373	0.0
0.001610484	0.2264646	0.0
0.001478538	0.1897505	0.0
0.001329262	0.1506822	0.0
0.001157473	0.1098463	0.0
0.0009687135	0.06763531	0.0
0.0007680123	0.02464734	0.0
0.00055491	-0.01867702	0.0
0.0003330303	-0.06181367	0.0
0.0001038008	-0.1041555	0.0
-0.0001247535	-0.1452248	0.0
-0.0003530955	-0.1845535	0.0
-0.000580215	-0.2216133	0.0
-0.0007981709	-0.2559813	0.0
-0.001006626	-0.2871561	0.0
-0.001206942	-0.3147847	0.0
-0.001388362	-0.3385735	0.0
-0.001555088	-0.3582231	0.0
-0.001700869	-0.3735296	0.0
-0.001825534	-0.3843351	0.0
-0.001936329	-0.3905283	0.0
-0.002011197	-0.3920517	0.0
-0.002073691	-0.3888893	0.0
-0.002108086	-0.3810586	0.0
-0.002116929	-0.3686512	0.0
-0.002111093	-0.3517684	0.0
-0.002070191	-0.3306081	0.0
-0.002019694	-0.3053842	0.0
-0.001940747	-0.2763774	0.0
-0.001843586	-0.2439549	0.0
-0.001734705	-0.2085114	0.0
-0.001602315	-0.1704537	0.0
-0.001460175	-0.1303827	0.0
-0.001303681	-0.08867424	0.0
-0.001136417	-0.04590306	0.0
-0.0009630273	-0.002579829	0.0
-0.0007816025	0.04084985	0.0
-0.0005944894	0.0836399	0.0
-0.0004012628	0.125473	0.0
-0.0002056563	0.1657686	0.0
-8.316692e-06	0.2040404	0.0
0.0001907776	0.2398258	0.0
0.0003917807	0.2725678	0.0
0.00058796	0.3019515	0.0
0.0007795137	0.3275946	0.0
0.0009707471	0.3492298	0.0
0.001149378	0.366629	0.0
0.001323517	0.3795852	0.0
0.001488657	0.3879772	0.0
0.001632163	0.3917207	0.0
0.00177255	0.3907696	0.0
0.001887921	0.3851555	0.0
0.00198792	0.3749105	0.0
0.002069666	0.3601398	0.0
0.002124078	0.3409722	0.0
0.002165819	0.317692	0.0
0.002174041	0.2904778	0.0
0.002160981	0.2596446	0.0
0.002122373	0.2257106	0.0
0.002052403	0.1888661	0.0
0.001964106	0.1497647	0.0
0.001847705	0.1087858	0.0
0.001709618	0.06652766	0.0
0.00154918	0.02346266	0.0
0.00137039	-0.0199185	0.0
0.00117229	-0.06304912	0.0
0.0009592781	-0.1054107	0.0
0.0007347437	-0.1465136	0.0
0.0004991795	-0.1858362	0.0
0.0002602714	-0.2229033	0.0
1.398869e-05	-0.2572136	0.0
-0.0002292522	-0.2883838	0.0
-0.0004716479	-0.3160089	0.0
-0.0007049159	-0.33979	0.0
-0.0009260399	-0.3594192	0.0
-0.001137509	-0.3747339	0.0
-0.001320757	-0.3855093	0.0
-0.001494828	-0.3916779	0.0
-0.001637389	-0.3931845	0.0
-0.001761235	-0.3899915	0.0
-0.001858467	-0.3821485	0.0
-0.001920685	-0.3697078	0.0
-0.001969872	-0.3528243	0.0
-0.001973084	-0.3316281	0.0
-0.001965696	-0.3063994	0.0
-0.001918156	-0.2773831	0.0
-0.001849387	-0.2449673	0.0
-0.001757377	-0.2093588	0.0
-0.00163436	-0.1713179	0.0
-0.001501813	-0.1311963	0.0
-0.001340737	-0.08945204	0.0
-0.001168799	-0.04667326	0.0
-0.0009806919	-0.003307927	0.0
-0.0007838871	0.04000046	0.0
-0.0005776748	0.08283916	0.0
-0.0003688264	0.1247317	0.0
-0.00015288	0.1650413	0.0
5.969722e-05	0.2034115	0.0
0.0002689605	0.2392398	0.0
0.0004782752	0.2721647	0.0
0.0006686379	0.3017123	0.0
0.0008630385	0.3274831	0.0
0.001027279	0.3493119	0.0
0.001186631	0.3668769	0.0
0.001324478	0.3800282	0.0
0.001438664	0.388605	0.0
0.001537363	0.3925368	0.0
0.001603607	0.3917984	0.0
0.0016601	0.3863781	0.0
0.001676156	0.3763313	0.0
0.001681161	0.361749	0.0
0.001657071	0.3427666	0.0
0.001607202	0.3195914	0.0
0.001546434	0.2924564	0.0
0.001453267	0.2618047	0.0
0.001352728	0.2278445	0.0
0.001228095	0.1910989	0.0
0.001094883	0.1519938	0.0
0.0009516116	0.1110377	0.0
0.0007959579	0.06865981	0.0
0.0006390722	0.02556348	0.0
0.0004786006	-0.01792607	0.0
0.0003162899	-0.06121761	0.0
0.0001562219	-0.1036924	0.0
6.974699e-07	-0.1449546	0.0
-0.0001518794	-0.1845053	0.0
-0.0002988008	-0.2217019	0.0
-0.0004401182	-0.2561834	0.0
-0.0005770821	-0.2874976	0.0
-0.0007048681	-0.3152558	0.0
-0.0008282593	-0.3391398	0.0
-0.0009405444	-0.358876	0.0
-0.001046954	-0.3742572	0.0
-0.001143309	-0.3851128	0.0
-0.001233502	-0.3913419	0.0
-0.001313895	-0.392885	0.0
-0.001385615	-0.3897218	0.0
-0.001446344	-0.3818795	0.0
-0.001496605	-0.3694461	0.0
-0.00153372	-0.3525071	0.0
-0.001552981	-0.3312995	0.0
-0.001565311	-0.3060185	0.0
-0.001551145	-0.2769656	0.0
-0.001527714	-0.2444921	0.0
-0.001482246	-0.2088992	0.0
-0.001419827	-0.1708483	0.0
-0.001340143	-0.130641	0.0
-0.001240621	-0.08885562	0.0
-0.001126479	-0.04597068	0.0
-0.0009954026	-0.002553214	0.0
-0.0008531424	0.04091882	0.0
-0.0006974794	0.08386678	0.0
-0.0005329527	0.1258384	0.0
-0.0003596233	0.1663155	0.0
-0.0001820364	0.2047512	0.0
-1.188982e-08	0.2406746	0.0
0.0001831738	0.273635	0.0
0.0003640522	0.3032324	0.0
0.0005430941	0.3290824	0.0
0.0007146272	0.3509626	0.0
0.0008756915	0.3685227	0.0
0.001030855	0.3816387	0.0
0.001165556	0.3901939	0.0
0.001292879	0.3940655	0.0
0.001401635	0.3932421	0.0
0.001489555	0.387723	0.0
0.001567403	0.3775555	0.0
0.001618694	0.3628272	0.0
0.001660377	0.3437223	0.0
0.001676234	0.3204146	0.0
0.001679096	0.2931461	0.0
0.001662469	0.2623553	0.0
0.001625403	0.2282781	0.0
0.001578351	0.1913906	0.0
0.001507773	0.1521585	0.0
0.001429593	0.1111259	0.0
0.001330917	0.06870675	0.0
0.001222086	0.02554827	0.0
0.001102695	-0.0179262	0.0
0.0009704897	-0.06123252	0.0
0.00082985	-0.1036341	0.0
0.0006778884	-0.1448478	0.0
0.0005202911	-0.1842898	0.0
0.0003555054	-0.2214684	0.0
0.0001860878	-0.2558655	0.0
1.468045e-05	-0.2871188	0.0
-0.0001563306	-0.3148242	0.0
-0.0003292319	-0.3386449	0.0
-0.00049455	-0.3583257	0.0
-0.0006558002	-0.3736592	0.0
-0.0008069391	-0.3844675	0.0
-0.0009466947	-0.3906629	0.0
-0.001075618	-0.3921767	0.0
-0.001189268	-0.3889941	0.0
-0.001287726	-0.3811382	0.0
-0.001365349	-0.3686905	0.0
-0.001424314	-0.3517796	0.0
-0.00146411	-0.3305597	0.0
-0.001480805	-0.3052549	0.0
-0.001474189	-0.2762227	0.0
-0.001447177	-0.2437249	0.0
-0.001393203	-0.2081469	0.0
-0.001323688	-0.1701111	0.0
-0.001227671	-0.1298651	0.0
-0.001114993	-0.08810142	0.0
-0.000984538	-0.04526305	0.0
-0.0008384557	-0.001826785	0.0
-0.0006823227	0.04160253	0.0
-0.0005129926	0.08459011	0.0
-0.0003394208	0.1265196	0.0
-0.0001609952	0.1669761	0.0
1.776019e-05	0.2053868	0.0
0.0001977858	0.2412625	0.0
0.0003725281	0.2742275	0.0
0.0005414968	0.3038099	0.0
0.000703299	0.3296681	0.0
0.0008545594	0.3515118	0.0
0.000993819	0.3691027	0.0
0.001123991	0.3823103	0.0
0.0012337	0.3908751	0.0
0.001334565	0.3947954	0.0
0.001414574	0.3940459	0.0
0.00147932	0.3885761	0.0
0.001527621	0.3785475	0.0
0.001561838	0.3639118	0.0
0.001577456	0.3449278	0.0
0.001579654	0.3217557	0.0
0.001564428	0.2946619	0.0
0.001535495	0.2639455	0.0
0.001491647	0.2300818	0.0
0.00143613	0.1933612	0.0
0.001365392	0.1543191	0.0
0.001283241	0.1134053	0.0
0.001187508	0.0710981	0.0
0.001083414	0.0281339	0.0
0.00096538	-0.01519864	0.0
0.0008376061	-0.0582683	0.0
0.0006994339	-0.1006357	0.0
0.0005521487	-0.1417554	0.0
0.0003950814	-0.1811113	0.0
0.0002317342	-0.2182319	0.0
6.268654e-05	-0.2526421	0.0
-0.0001107225	-0.2837933	0.0
-0.0002827979	-0.311455	0.0
-0.0004575867	-0.3352259	0.0
-0.000619481	-0.354887	0.0
-0.0007842967	-0.3701848	0.0
-0.0009297426	-0.3809666	0.0
-0.001065344	-0.387127	0.0
-0.001188571	-0.3886019	0.0
-0.001289009	-0.3853766	0.0
-0.001379422	-0.3774679	0.0
-0.00144057	-0.364938	0.0
-0.001490392	-0.347965	0.0
-0.001515062	-0.3266644	0.0
-0.0015153	-0.3012837	0.0
-0.001501244	-0.2721328	0.0
-0.001455416	-0.2394639	0.0
-0.001399545	-0.2038647	0.0
-0.001318543	-0.1655988	0.0
-0.001219301	-0.1252512	0.0
-0.001105221	-0.08331464	0.0
-0.0009734157	-0.04030124	0.0
-0.0008304942	0.003300171	0.0
-0.0006760224	0.04696179	0.0
-0.0005118523	0.09011652	0.0
-0.0003392097	0.1324014	0.0
-0.0001631402	0.1730646	0.0
2.23143e-05	0.2117442	0.0
0.0002031082	0.2479728	0.0
0.0003884208	0.2812236	0.0
0.0005703014	0.3111752	0.0
0.0007414749	0.3374251	0.0
0.0009165008	0.3596977	0.0
0.001066815	0.3777524	0.0
0.001223241	0.3913832	0.0
0.001352147	0.4004909	0.0
0.001471247	0.4049658	0.0
0.001578703	0.4047778	0.0
0.001655319	0.3999382	0.0
0.001728532	0.390485	0.0
0.001765295	0.3765428	0.0
0.001794629	0.3582418	0.0
0.001795725	0.3357376	0.0
0.001773625	0.3094108	0.0
0.001739537	0.2794731	0.0
0.001671629	0.2463167	0.0
0.0015953	0.2103689	0.0
0.001491697	0.1720614	0.0
0.001372532	0.1318937	0.0
0.001236957	0.09045724	0.0
0.00108566	0.0481241	0.0
0.0009201017	0.00549088	0.0
0.0007442592	-0.03697653	0.0
0.0005578336	-0.07876613	0.0
0.000364021	-0.1193794	0.0
0.0001650365	-0.1583364	0.0
-3.897927e-05	-0.1951368	0.0
-0.0002381747	-0.2293945	0.0
-0.0004384442	-0.2606303	0.0
-0.0006328935	-0.2885624	0.0
-0.0008151882	-0.3129079	0.0
-0.0009891524	-0.3333865	0.0
-0.001146324	-0.3499182	0.0
-0.001290237	-0.3623727	0.0
-0.001412634	-0.3706837	0.0
-0.001515156	-0.374875	0.0
-0.00159889	-0.3749895	0.0
-0.001660203	-0.3711151	0.0
-0.001701637	-0.3633839	0.0
-0.001717093	-0.3519208	0.0
-0.001717798	-0.336957	0.0
-0.001694756	-0.3186837	0.0
-0.001651319	-0.2973799	0.0
-0.00159322	-0.2733155	0.0
-0.001517931	-0.2468024	0.0
-0.001429335	-0.2182089	0.0
-0.001331213	-0.1878798	0.0
-0.001221832	-0.1563746	0.0
-0.001108629	-0.124018	0.0
-0.0009880132	-0.09129709	0.0
-0.0008675162	-0.05869832	0.0
-0.0007455689	-0.02663242	0.0
-0.0006271501	0.004471591	0.0
-0.0005119236	0.03415463	0.0
-0.0004012559	0.0621401	0.0
-0.0002992446	0.08791416	0.0
-0.0002038932	0.1113216	0.0
-0.0001189857	0.1320802	0.0
-4.03824e-05	0.1499936	0.0
2.369899e-05	0.1648863	0.0
8.327661e-05	0.1766723	0.0
0.0001285109	0.1853357	0.0
0.0001669209	0.1909016	0.0
0.0001961816	0.193469	0.0
0.0002144403	0.1931986	0.0
0.0002312628	0.1902876	0.0
0.0002358135	0.1849853	0.0
0.0002387894	0.1775959	0.0
0.000236188	0.1684095	0.0
0.0002285071	0.1577705	0.0
0.000221191	0.1460114	0.0
0.00020625	0.1334599	0.0
0.0001946551	0.1204644	0.0
0.0001788114	0.1073316	0.0
0.0001598247	0.0943658	0.0
0.0001475215	0.08180118	0.0
0.0001302362	0.06991269	0.0
0.0001165654	0.05881478	0.0
0.0001013656	0.04862934	0.0
8.758419e-05	0.03941745	0.0
7.352891e-05	0.03122614	0.0
5.843774e-05	0.02400614	0.0
4.581064e-05	0.01771057	0.0
3.055604e-05	0.01232789	0.0
1.667968e-05	0.00771659	0.0
2.250951e-06	0.003819142	0.0
-1.137855e-05	0.0005484498	0.0
-2.304615e-05	-0.002174279	0.0
-3.297095e-05	-0.004430309	0.0
-4.266977e-05	-0.006277979	0.0
-5.018355e-05	-0.007782871	0.0
-5.583878e-05	-0.008994762	0.0
-6.09218e-05	-0.009957966	0.0
-6.358326e-05	-0.01071271	0.0
-6.508717e-05	-0.01129137	0.0
-6.531424e-05	-0.01171535	0.0
-6.692026e-05	-0.01200789	0.0
-6.888129e-05	-0.0121871	0.0
-7.09532e-05	-0.01226474	0.0
-7.429423e-05	-0.01225772	0.0
-7.798456e-05	-0.01217441	0.0
-8.23688e-05	-0.01202769	0.0
-8.652523e-05	-0.01182807	0.0
-8.988131e-05	-0.01158755	0.0
-8.988711e-05	-0.01131224	0.0
-8.920003e-05	-0.01101661	0.0
-8.482514e-05	-0.01070184	0.0
-7.767452e-05	-0.01037651	0.0
-6.867898e-05	-0.01004614	0.0
-5.748708e-05	-0.009713233	0.0
-4.525605e-05	-0.009383205	0.0
-3.129526e-05	-0.009057227	0.0
-1.744538e-05	-0.008735463	0.0
-3.706436e-06	-0.008418712	0.0
8.416281e-06	-0.008111982	0.0
2.019371e-05	-0.007810446	0.0
2.954761e-05	-0.007516232	0.0
3.739426e-05	-0.007232353	0.0
4.593912e-05	-0.006954086	0.0
4.963577e-05	-0.00668565	0.0
5.494587e-05	-0.006426268	0.0
5.691214e-05	-0.006174998	0.0
5.80678e-05	-0.005932742	0.0
5.841507e-05	-0.005699569	0.0
5.945488e-05	-0.005473184	0.0
5.945701e-05	-0.005257257	0.0
5.807345e-05	-0.00504856	0.0
5.645863e-05	-0.004849219	0.0
5.57676e-05	-0.004657855	0.0
5.219157e-05	-0.004474301	0.0
5.000024e-05	-0.004298597	0.0
4.838595e-05	-0.004130648	0.0
4.492567e-05	-0.003970296	0.0
4.365776e-05	-0.003814726	0.0
4.019759e-05	-0.003667087	0.0
3.789044e-05	-0.003523426	0.0
3.53531e-05	-0.003390441	0.0
3.28152e-05	-0.003261325	0.0
3.235486e-05	-0.003136837	0.0
2.981762e-05	-0.003018806	0.0
2.820316e-05	-0.002904611	0.0
2.635828e-05	-0.002796597	0.0
2.439812e-05	-0.002693245	0.0
2.174545e-05	-0.002594692	0.0
2.059251e-05	-0.002498192	0.0
2.024794e-05	-0.002407448	0.0
1.86343e-05	-0.002319323	0.0
1.701995e-05	-0.002236244	0.0
1.505916e-05	-0.002156306	0.0
1.321422e-05	-0.002080363	0.0
1.321574e-05	-0.002006341	0.0
1.194749e-05	-0.001936153	0.0
1.033343e-05	-0.001868837	0.0
9.873143e-06	-0.001804814	0.0
8.374212e-06	-0.001742175	0.0
7.452889e-06	-0.001681456	0.0
6.762473e-06	-0.001624567	0.0
6.87891e-06	-0.001571246	0.0
5.72683e-06	-0.001517661	0.0
6.07427e-06	-0.00146804	0.0
3.650138e-06	-0.001418278	0.0
1.577338e-06	-0.001372897	0.0
2.964429e-06	-0.001327107	0.0
2.039985e-06	-0.001285439	0.0
1.466553e-06	-0.001243082	0.0
1.466528e-06	-0.001202772	0.0
1.981755e-07	-0.00116439	0.0
-2.92841e-08	-0.001126974	0.0
-6.070359e-07	-0.001092029	0.0
-1.641578e-06	-0.001056665	0.0
-7.150878e-07	-0.0010235	0.0
-7.162919e-07	-0.0009930721	0.0
-1.408623e-06	-0.0009618241	0.0
-2.560471e-06	-0.0009334442	0.0
-2.904893e-06	-0.0009041023	0.0
-3.594696e-06	-0.0008766935	0.0
-3.128916e-06	-0.0008512039	0.0
-3.016027e-06	-0.0008254359	0.0
-3.937369e-06	-0.0008010357	0.0
-3.934302e-06	-0.0007762266	0.0
-4.396088e-06	-0.0007538992	0.0
-4.738732e-06	-0.0007325217	0.0
-4.50544e-06	-0.0007116909	0.0
-4.506145e-06	-0.0006909936	0.0
-4.965368e-06	-0.000671395	0.0
-4.731289e-06	-0.0006515235	0.0
-4.849172e-06	-0.0006337022	0.0
-5.303059e-06	-0.0006143856	0.0
-4.035784e-06	-0.0005989007	0.0
-5.304853e-06	-0.0005803953	0.0
-4.49216e-06	-0.0005639654	0.0
-4.95527e-06	-0.0005495726	0.0
-4.953975e-06	-0.000534496	0.0
-5.993454e-06	-0.0005199779	0.0
-6.68145e-06	-0.0005065555	0.0
-6.793362e-06	-0.0004931186	0.0
-6.795004e-06	-0.0004783194	0.0
-7.364565e-06	-0.0004658526	0.0
-5.51622e-06	-0.0004532481	0.0
-6.099577e-06	-0.0004418735	0.0
-6.670358e-06	-0.0004296822	0.0
-5.973292e-06	-0.0004196831	0.0
-5.050163e-06	-0.0004083072	0.0
-5.052144e-06	-0.0003979009	0.0
-5.626217e-06	-0.0003880306	0.0
-5.626777e-06	-0.0003765207	0.0
-6.661224e-06	-0.0003674823	0.0
-5.852254e-06	-0.0003577544	0.0
-7.006689e-06	-0.00034912	0.0
-6.53806e-06	-0.00033857	0.0
-5.963649e-06	-0.0003313147	0.0
-6.654077e-06	-0.0003233646	0.0
-6.538338e-06	-0.0003148743	0.0
-7.689765e-06	-0.0003077512	0.0
-6.761558e-06	-0.0002992598	0.0
-6.06978e-06	-0.0002928187	0.0
-5.836414e-06	-0.0002836393	0.0
-5.376467e-06	-0.0002788499	0.0
-6.991361e-06	-0.0002725446	0.0
-6.870367e-06	-0.0002665175	0.0
-6.291796e-06	-0.0002595301	0.0
-5.71419e-06	-0.0002535045	0.0
-6.177026e-06	-0.000247476	0.0
-6.863682e-06	-0.0002406275	0.0
-5.132621e-06	-0.0002347401	0.0
-6.748771e-06	-0.0002292616	0.0
-7.091598e-06	-0.0002225497	0.0
-6.973813e-06	-0.0002184437	0.0
-5.818144e-06	-0.0002143319	0.0
-6.049444e-06	-0.0002088519	0.0
-6.739471e-06	-0.0002041949	0.0
-6.2746e-06	-0.0001988528	0.0
-5.466653e-06	-0.0001941978	0.0
-6.042193e-06	-0.0001904989	0.0
-5.462787e-06	-0.0001846089	0.0
-5.462441e-06	-0.0001810508	0.0
-6.037745e-06	-0.00017749	0.0
-6.150934e-06	-0.0001728332	0.0
-6.034667e-06	-0.0001695475	0.0
-6.377844e-06	-0.0001662599	0.0
-5.339156e-06	-0.00016215	0.0
-7.070382e-06	-0.0001581784	0.0
-7.296991e-06	-0.0001543459	0.0
-7.29567e-06	-0.0001518802	0.0
-7.178742e-06	-0.0001469503	0.0
-7.292743e-06	-0.0001453113	0.0
-6.943302e-06	-0.0001416119	0.0
-5.904695e-06	-0.0001387383	0.0
-6.479553e-06	-0.0001355882	0.0
-5.440265e-06	-0.0001320279	0.0
-6.824053e-06	-0.0001299772	0.0
-6.128466e-06	-0.00012765	0.0
-6.706015e-06	-0.0001255983	0.0
-7.280333e-06	-0.000123133	0.0
-7.162583e-06	-0.0001192986	0.0
-6.235785e-06	-0.000116561	0.0
-4.389989e-06	-0.0001134132	0.0
-5.659677e-06	-0.0001124589	0.0
-5.886532e-06	-0.000110404	0.0
-4.84594e-06	-0.0001071172	0.0
-4.499941e-06	-0.0001047918	0.0
-5.307068e-06	-0.0001027393	0.0
-5.881291e-06	-0.0001008238	0.0
-5.764281e-06	-9.904578e-05	0.0
-5.877378e-06	-9.699195e-05	0.0
-5.415503e-06	-9.411786e-05	0.0
-6.220501e-06	-9.247653e-05	0.0
-4.833341e-06	-8.973897e-05	0.0
-5.527977e-06	-8.892186e-05	0.0
-6.446417e-06	-8.700415e-05	0.0
-5.522805e-06	-8.426531e-05	0.0
-6.907121e-06	-8.207951e-05	0.0
-6.325035e-06	-8.20839e-05	0.0
-5.864984e-06	-8.057683e-05	0.0
-7.132955e-06	-7.838784e-05	0.0
-6.782327e-06	-7.619864e-05	0.0
-5.628139e-06	-7.455967e-05	0.0
-6.551304e-06	-7.469977e-05	0.0
-6.892989e-06	-7.209816e-05	0.0
-4.931141e-06	-7.155519e-05	0.0
-6.66172e-06	-7.032291e-05	0.0
-6.428107e-06	-6.731368e-05	0.0
-6.657348e-06	-6.896118e-05	0.0
-5.732103e-06	-6.457708e-05	0.0
-5.385069e-06	-6.472035e-05	0.0
-5.845134e-06	-6.40381e-05	0.0
-6.189662e-06	-6.184893e-05	0.0
-5.72652e-06	-6.116725e-05	0.0
-5.724928e-06	-5.96632e-05	0.0
-5.72323e-06	-5.843355e-05	0.0
-6.298804e-06	-5.638106e-05	0.0
-5.72028e-06	-5.597315e-05	0.0
-6.180096e-06	-5.529199e-05	0.0
-6.178679e-06	-5.392511e-05	0.0
-6.29261e-06	-5.269504e-05	0.0
-5.944838e-06	-5.201341e-05	0.0
-5.82845e-06	-5.064717e-05	0.0
-4.788151e-06	-4.941578e-05	0.0
-5.131576e-06	-4.928353e-05	0.0
-5.361429e-06	-4.75047e-05	0.0
-5.244819e-06	-4.791869e-05	0.0
-5.126928e-06	-4.682756e-05	0.0
-5.818637e-06	-4.532281e-05	0.0
-4.433321e-06	-4.477701e-05	0.0
-4.083644e-06	-4.464425e-05	0.0
-4.890264e-06	-4.341459e-05	0.0
-4.312444e-06	-4.286959e-05	0.0
-3.848937e-06	-4.150315e-05	0.0
-3.961622e-06	-4.054582e-05	0.0
-4.998947e-06	-4.109874e-05	0.0
-4.882842e-06	-3.932267e-05	0.0
-4.766267e-06	-3.781644e-05	0.0
-4.301972e-06	-3.781972e-05	0.0
-5.223717e-06	-3.700201e-05	0.0
-4.761207e-06	-3.618318e-05	0.0
-4.990344e-06	-3.495419e-05	0.0
-4.526978e-06	-3.413229e-05	0.0
-4.986853e-06	-3.509718e-05	0.0
-4.753992e-06	-3.373034e-05	0.0
-5.560342e-06	-3.387332e-05	0.0
-5.09861e-06	-3.113525e-05	0.0
-5.439672e-06	-3.168385e-05	0.0
-6.135293e-06	-3.073173e-05	0.0
-4.632869e-06	-3.059399e-05	0.0
-5.435741e-06	-3.04662e-05	0.0
-4.977651e-06	-2.854821e-05	0.0
-4.279314e-06	-2.923493e-05	0.0
-5.430504e-06	-2.828279e-05	0.0
-5.317738e-06	-2.800936e-05	0.0
-4.624771e-06	-2.774116e-05	0.0
-3.927985e-06	-2.70567e-05	0.0
-4.273254e-06	-2.760945e-05	0.0
-3.579371e-06	-2.638396e-05	0.0
-3.923054e-06	-2.51505e-05	0.0
-3.575915e-06	-2.50175e-05	0.0
-3.919023e-06	-2.39265e-05	0.0
-4.033412e-06	-2.337881e-05	0.0
-4.034769e-06	-2.338171e-05	0.0
-3.222836e-06	-2.33859e-05	0.0
-4.027893e-06	-2.298145e-05	0.0
-3.682177e-06	-2.229516e-05	0.0
-3.910949e-06	-2.312279e-05	0.0
-3.448804e-06	-2.176224e-05	0.0
-3.560349e-06	-2.052806e-05	0.0
-3.903679e-06	-2.039113e-05	0.0
-4.481005e-06	-2.06703e-05	0.0
-4.021399e-06	-2.026512e-05	0.0
-3.669513e-06	-1.972075e-05	0.0
-4.016052e-06	-1.931039e-05	0.0
-3.664989e-06	-1.93176e-05	0.0
-4.817144e-06	-1.835846e-05	0.0
-4.132462e-06	-1.904828e-05	0.0
-3.315194e-06	-1.795733e-05	0.0
-4.235023e-06	-1.809766e-05	0.0
-4.350057e-06	-1.686983e-05	0.0
-4.814105e-06	-1.673291e-05	0.0
-3.887519e-06	-1.64602e-05	0.0
-4.805596e-06	-1.701412e-05	0.0
-4.46471e-06	-1.646878e-05	0.0
-3.772872e-06	-1.688698e-05	0.0
-3.069081e-06	-1.552022e-05	0.0
-4.114915e-06	-1.579594e-05	0.0
-1.805863e-06	-1.457168e-05	0.0
-2.718957e-06	-1.401858e-05	0.0
-2.48619e-06	-1.430047e-05	0.0
-3.986277e-06	-1.334374e-05	0.0
-3.294403e-06	-1.389187e-05	0.0
-4.215559e-06	-1.389719e-05	0.0
-3.407563e-06	-1.390695e-05	0.0
-4.32443e-06	-1.226378e-05	0.0
-4.214954e-06	-1.294506e-05	0.0
-3.747415e-06	-1.322717e-05	0.0
-4.208466e-06	-1.282718e-05	0.0
-3.745381e-06	-1.118074e-05	0.0
-4.317948e-06	-1.186657e-05	0.0
-4.434687e-06	-1.118901e-05	0.0
-4.091344e-06	-1.146005e-05	0.0
-2.932796e-06	-1.228787e-05	0.0
-3.161274e-06	-1.215973e-05	0.0
-2.466755e-06	-1.134016e-05	0.0
-3.381778e-06	-1.120523e-05	0.0
-4.193134e-06	-1.066508e-05	0.0
-3.85005e-06	-9.976043e-06	0.0
-3.267964e-06	-1.107714e-05	0.0
-3.725607e-06	-1.026417e-05	0.0
-3.842159e-06	-1.026083e-05	0.0
-3.952869e-06	-1.068038e-05	0.0
-4.418292e-06	-9.455644e-06	0.0
-3.147523e-06	-8.898935e-06	0.0
-3.715283e-06	-1.055073e-05	0.0
-4.18147e-06	-9.735165e-06	0.0
-3.48835e-06	-1.001677e-05	0.0
-3.370142e-06	-7.962885e-06	0.0
-2.793778e-06	-9.053939e-06	0.0
-2.669436e-06	-9.067225e-06	0.0
-3.941215e-06	-8.108402e-06	0.0
-3.017403e-06	-8.521786e-06	0.0
-3.935703e-06	-8.252407e-06	0.0
-3.594276e-06	-8.529406e-06	0.0
-2.666691e-06	-8.26112e-06	0.0
-3.237236e-06	-7.852435e-06	0.0
-3.819345e-06	-7.991825e-06	0.0
-2.203536e-06	-8.133803e-06	0.0
-2.081438e-06	-7.999305e-06	0.0
-2.310797e-06	-8.278915e-06	0.0
-2.541249e-06	-7.189039e-06	0.0
-2.422688e-06	-6.366128e-06	0.0
-3.22952e-06	-6.917493e-06	0.0
-2.882805e-06	-6.921516e-06	0.0
-3.111776e-06	-6.928979e-06	0.0
-2.649444e-06	-5.285399e-06	0.0
-2.417334e-06	-6.518721e-06	0.0
-2.066717e-06	-6.528684e-06	0.0
-3.449965e-06	-5.158995e-06	0.0
-3.220018e-06	-5.984382e-06	0.0
-2.642891e-06	-5.167448e-06	0.0
-1.254002e-06	-5.305057e-06	0.0
-2.751904e-06	-6.544307e-06	0.0
-2.29037e-06	-5.451797e-06	0.0
-2.172502e-06	-6.002659e-06	0.0
-2.402262e-06	-6.281508e-06	0.0
-1.708331e-06	-5.189622e-06	0.0
-2.052085e-06	-4.094944e-06	0.0
-2.282349e-06	-5.195885e-06	0.0
-1.126468e-06	-3.691657e-06	0.0
-1.932019e-06	-4.92834e-06	0.0
-2.623375e-06	-5.069925e-06	0.0
-2.275614e-06	-4.251019e-06	0.0
-2.158687e-06	-4.528859e-06	0.0
-2.964908e-06	-3.436011e-06	0.0
-2.732364e-06	-3.165525e-06	0.0
-2.49989e-06	-3.032387e-06	0.0
-2.036853e-06	-3.447003e-06	0.0
-2.38204e-06	-2.765082e-06	0.0
-2.378837e-06	-3.044334e-06	0.0
-4.154486e-07	-4.143722e-06	0.0
-6.465001e-07	-3.736446e-06	0.0
-7.597252e-07	-4.699469e-06	0.0
-1.105383e-06	-3.467367e-06	0.0
-2.026434e-06	-2.51356e-06	0.0
-1.793243e-06	-3.066347e-06	0.0
-1.791874e-06	-3.068846e-06	0.0
-1.791644e-06	-2.798524e-06	0.0
-2.480321e-06	-2.803082e-06	0.0
-1.093254e-06	-3.218659e-06	0.0
-1.556679e-06	-3.632772e-06	0.0
-1.899904e-06	-2.946522e-06	0.0
-1.665068e-06	-1.448824e-06	0.0
-9.753215e-07	-3.781987e-06	0.0
-2.587617e-06	-1.860135e-06	0.0
-1.31532e-06	-1.598108e-06	0.0
-2.471894e-06	-2.970474e-06	0.0
-2.232392e-06	-2.285596e-06	0.0
-9.640331e-07	-2.292502e-06	0.0
-1.544262e-06	-2.846603e-06	0.0
-2.232797e-06	-3.254288e-06	0.0
-1.996246e-06	-1.201291e-06	0.0
-1.423021e-06	-1.34861e-06	0.0
-2.456938e-06	-1.626335e-06	0.0
-1.301927e-06	-2.038499e-06	0.0
-2.57346e-06	-1.357091e-06	0.0
-2.102537e-06	-1.774266e-06	0.0
-1.529771e-06	-1.360401e-06	0.0
-2.453042e-06	-5.499589e-07	0.0
-2.563412e-06	-2.19821e-06	0.0
-2.561996e-06	-1.23325e-06	0.0
-2.210862e-06	-5.578113e-07	0.0
-1.520809e-06	-9.750461e-07	0.0
-2.096631e-06	-1.528286e-06	0.0
-1.748094e-06	-1.936738e-06	0.0
-2.20925e-06	-1.122682e-06	0.0
-1.740502e-06	-2.499392e-06	0.0
-1.402294e-06	-2.083868e-06	0.0
-2.663862e-06	-1.40067e-06	0.0
-1.041506e-06	-7.291075e-07	0.0
-1.046812e-06	-2.236852e-06	0.0
-1.04965e-06	-7.231536e-07	0.0
-1.845082e-06	-6.036234e-07	0.0
2.337819e-07	-1.426702e-06	0.0
-9.374934e-07	-1.151476e-06	0.0
-1.843078e-06	-1.16184e-06	0.0
-9.201709e-07	-1.709815e-06	0.0
-1.379847e-06	-1.021647e-06	0.0
-5.718154e-07	-6.221611e-07	0.0
-1.263513e-06	-4.755385e-07	0.0
-5.669029e-07	1.011184e-06	0.0
-1.268413e-06	-1.611297e-06	0.0
-1.481178e-06	-1.719368e-06	0.0
-5.677897e-07	-3.623009e-07	0.0
-1.361789e-06	-9.196802e-07	0.0
4.760995e-07	-5.06724e-07	0.0
-1.729018e-06	-5.11249e-07	0.0
-1.119737e-06	-3.883319e-07	0.0
-2.090047e-07	-1.480012e-06	0.0
-7.960143e-07	-2.384358e-07	0.0
-1.477441e-06	-2.635309e-07	0.0
-1.006247e-06	-9.407968e-07	0.0
-3.083091e-07	-2.615714e-07	0.0
2.503318e-07	-8.12072e-07	0.0
-8.889666e-07	8.765281e-09	0.0
6.136116e-07	-1.28359e-07	0.0
-1.988026e-07	8.16751e-07	0.0
6.116965e-07	-7.056553e-07	0.0
-4.335384e-07	-8.299361e-07	0.0
1.701244e-07	-6.931434e-07	0.0
8.348273e-07	-1.128199e-08	0.0
-8.909342e-07	-1.670328e-07	0.0
-1.797401e-07	-9.913838e-07	0.0
-1.850814e-07	-8.388803e-07	0.0
-8.049345e-08	1.091952e-07	0.0
-1.344235e-06	-3.145206e-08	0.0
-5.083627e-07	7.904276e-07	0.0
1.55635e-07	3.504213e-07	0.0
-1.106919e-06	-7.327379e-07	0.0
-4.027168e-08	9.583047e-08	0.0
7.461826e-07	-2.052448e-07	0.0
4.385006e-08	-1.163374e-06	0.0
-5.231224e-07	-1.008026e-06	0.0
-6.336918e-07	-5.866157e-08	0.0
-7.486564e-07	-3.53249e-07	0.0
-8.613994e-07	-3.273056e-07	0.0
-8.574803e-07	1.160616e-06	0.0
-7.400357e-07	4.030897e-08	0.0
-6.218981e-07	-3.675055e-07	0.0
-2.680136e-07	-1.046347e-06	0.0
-1.772113e-07	-7.133738e-08	0.0
-1.546685e-06	4.442964e-07	0.0
-7.295581e-07	-5.174682e-07	0.0
-1.676687e-06	5.292346e-08	0.0
-1.98361e-06	5.675681e-07	0.0
-4.83311e-07	-5.234623e-07	0.0
-7.41204e-07	3.052091e-07	0.0
-1.183887e-06	1.769438e-08	0.0
-7.254912e-07	1.462817e-07	0.0
-1.185061e-06	-8.236476e-07	0.0
-4.750425e-07	-8.009371e-07	0.0
-3.174873e-08	7.242468e-09	0.0
-7.288167e-07	-2.699198e-07	0.0
-8.252243e-07	8.46694e-07	0.0
-2.464054e-07	1.76782e-06	0.0
1.050812e-07	5.270728e-07	0.0
5.474938e-07	6.704452e-07	0.0
-6.011707e-07	1.141427e-07	0.0
-8.696093e-09	3.995912e-07	0.0
-3.75331e-07	5.097947e-07	0.0
-1.173655e-06	-2.92053e-07	0.0
-6.80156e-07	1.350082e-06	0.0
9.242191e-07	4.918098e-07	0.0
6.80628e-07	-3.240272e-07	0.0
4.338522e-07	-4.405398e-07	0.0
-1.284823e-06	6.383861e-07	0.0
-5.684107e-07	-3.356472e-07	0.0
-3.441164e-07	-1.89081e-07	0.0
2.392855e-07	-3.332997e-07	0.0
3.38808e-07	-3.428238e-07	0.0
-4.698927e-07	-8.887163e-07	0.0
-4.451602e-07	-1.908692e-07	0.0
3.531521e-07	4.779054e-08	0.0
-1.102849e-07	-1.02996e-06	0.0
-1.232414e-07	1.920805e-07	0.0
-1.372656e-06	-1.191848e-06	0.0
3.939321e-07	-3.441862e-07	0.0
1.396425e-06	4.736561e-08	0.0
8.164896e-07	1.799453e-07	0.0
1.0647e-06	1.740839e-07	0.0
