#Bx [T], By [T], Bz [T] on 3D mesh: inmost loop vs X (horizontal transverse position), outmost loop vs Z (longitudinal position)
#0.0 #initial X position [m]
#0.0 #step of X [m]
#1 #number of points vs X
#0.0 #initial Y position [m]
#0.0 #step of Y [m]
#1 #number of points vs Y
#-1.1855 #initial Z position [m]
#0.001 #step of Z [m]
#2371 #number of points vs Z
-3.6950841e-08	-1.9186591e-07	0.0
-6.1236454e-07	-4.6930572e-07	0.0
-1.4929502e-07	-1.1580699e-06	0.0
8.3175422e-08	-8.8744281e-07	0.0
8.4753012e-08	-2.0538207e-07	0.0
-2.8957176e-08	-3.4572102e-07	0.0
-2.5843696e-07	-6.2320811e-07	0.0
1.1279574e-06	-7.639909e-07	0.0
5.5276701e-07	4.6660429e-07	0.0
1.0156838e-06	-4.964017e-07	0.0
5.5629818e-07	8.7049398e-07	0.0
9.6066472e-08	3.2017667e-07	0.0
-1.8207833e-08	-2.316486e-07	0.0
9.9468458e-08	-2.3766063e-07	0.0
-4.7621558e-07	1.4058525e-06	0.0
-1.4156738e-08	3.271888e-08	0.0
1.0445974e-07	7.1306249e-07	0.0
-5.8681769e-07	3.0006248e-07	0.0
-1.0270034e-08	-1.1397796e-07	0.0
3.4095507e-07	-8.049941e-07	0.0
-8.1330677e-07	4.2458606e-07	0.0
2.2633095e-07	1.4993842e-07	0.0
-5.7804834e-07	-1.2832358e-07	0.0
-1.1735268e-07	2.2814122e-09	0.0
-1.1425909e-07	9.6205088e-07	0.0
1.9011919e-09	-4.111445e-07	0.0
-3.3794223e-07	-6.0067058e-09	0.0
-1.7262114e-06	-1.472133e-07	0.0
-2.2525786e-07	8.0996961e-07	0.0
-1.028368e-06	-1.3016074e-08	0.0
-4.5304262e-07	-1.5556145e-07	0.0
-7.9223963e-07	-4.3260471e-07	0.0
-1.3737646e-06	-5.7239612e-07	0.0
-3.2982541e-07	-7.1748445e-07	0.0
-1.5987757e-06	3.7958418e-07	0.0
-2.156015e-07	-7.1982237e-07	0.0
-8.9980409e-07	3.6745644e-07	0.0
-7.906246e-07	6.4490297e-07	0.0
2.5337329e-07	9.2273723e-08	0.0
-5.4924323e-07	2.2486687e-07	0.0
-4.3914702e-07	2.2009539e-07	0.0
1.4577969e-07	4.9596122e-07	0.0
-1.1225126e-06	-1.0145824e-06	0.0
-4.3453178e-07	-7.5174052e-07	0.0
-8.3718014e-08	-2.026279e-07	0.0
1.485645e-07	-7.5192111e-07	0.0
2.6584118e-07	-7.6137286e-07	0.0
1.5575056e-07	1.9572816e-07	0.0
-1.9758431e-07	-7.5832673e-08	0.0
1.5409138e-06	-6.3142505e-07	0.0
-5.2688335e-07	-2.2298218e-07	0.0
-3.1146513e-07	-6.3805038e-07	0.0
1.088209e-06	4.1542002e-08	0.0
-1.2190483e-06	-9.267422e-08	0.0
1.579444e-07	-6.4921977e-07	0.0
5.1038704e-08	1.6949983e-07	0.0
2.8145254e-07	-1.0584632e-07	0.0
-1.7257408e-07	2.9960614e-07	0.0
-1.0983523e-06	1.6434402e-07	0.0
-5.2494255e-07	-5.2577354e-07	0.0
-5.8370777e-08	-3.9597438e-07	0.0
-3.9723889e-07	-2.5794063e-07	0.0
-1.0963548e-06	-5.4251814e-07	0.0
1.764322e-07	5.5939262e-07	0.0
-8.5403343e-07	-1.3640525e-06	0.0
-7.4520642e-07	-1.3983473e-07	0.0
-2.8193702e-07	-8.2472087e-07	0.0
-2.7091079e-07	1.2717783e-07	0.0
-1.7743031e-06	-9.4976613e-09	0.0
-6.2832083e-07	2.6219905e-07	0.0
-1.5680152e-07	-4.2441695e-07	0.0
-3.8488284e-07	-2.9726621e-07	0.0
-3.8792388e-07	1.1446176e-07	0.0
-3.3549206e-08	-1.6452783e-07	0.0
-1.186342e-06	2.4543391e-07	0.0
-8.433081e-07	-3.0826126e-07	0.0
-1.1839154e-06	5.0945971e-07	0.0
-1.0738897e-06	9.9595638e-08	0.0
-2.622304e-07	9.4183882e-08	0.0
-7.1390656e-07	-3.1704988e-07	0.0
-1.2986397e-06	-6.0074336e-07	0.0
-2.5810868e-07	-3.2129049e-07	0.0
-7.1298138e-07	-1.5678332e-06	0.0
-5.9770264e-07	2.0929546e-07	0.0
-1.0563477e-06	-7.4456466e-07	0.0
-8.3001197e-07	-7.321777e-08	0.0
-3.6416884e-07	6.9967356e-08	0.0
-3.6225043e-07	-3.4795119e-07	0.0
-3.5440905e-07	5.7921472e-08	0.0
-1.3936415e-06	-7.7426158e-08	0.0
-8.249562e-07	-4.912356e-07	0.0
-4.6830155e-07	-7.7373949e-07	0.0
-1.266746e-06	-2.3266315e-07	0.0
-2.0841348e-06	-2.2228791e-07	0.0
-1.2782574e-06	-1.3315097e-06	0.0
-1.7222832e-06	-2.435215e-07	0.0
-2.5441495e-06	-9.1366292e-07	0.0
-1.3870027e-06	-1.6208772e-06	0.0
-2.4085366e-06	-2.5742665e-07	0.0
-2.5471495e-06	-3.8101635e-07	0.0
-1.150813e-06	-9.3766374e-07	0.0
-1.95189e-06	-6.7634983e-07	0.0
-1.2660716e-06	-1.2280614e-07	0.0
-1.5987935e-06	-8.0663546e-07	0.0
-2.0612699e-06	-8.2031636e-07	0.0
-2.2961319e-06	-5.4370474e-07	0.0
-1.8375283e-06	-9.5836003e-07	0.0
-1.7086287e-06	-9.5760538e-07	0.0
-2.5147708e-06	-1.3889098e-06	0.0
-2.0750056e-06	1.2703745e-07	0.0
-6.7166474e-07	-1.6414134e-06	0.0
-1.9245851e-06	-1.5358067e-06	0.0
-2.0600955e-06	-1.2438848e-06	0.0
-1.6984229e-06	-2.3569555e-06	0.0
-2.4031447e-06	-7.3146867e-07	0.0
-1.2336935e-06	-8.3088946e-07	0.0
-3.1919615e-06	-2.773354e-06	0.0
-1.944265e-06	-1.2871362e-06	0.0
-1.8149541e-06	-1.006521e-06	0.0
-7.9191022e-07	-3.1419566e-07	0.0
-1.7638098e-07	-1.8090542e-06	0.0
-2.3724872e-06	-2.3860978e-06	0.0
-1.4752845e-06	-1.9688166e-06	0.0
-1.5582632e-06	-2.5337622e-06	0.0
-2.6121622e-06	-1.0280885e-06	0.0
-1.6909854e-06	-1.4417487e-06	0.0
-2.366409e-06	-2.0363754e-07	0.0
-2.7165474e-06	-1.9683741e-06	0.0
-2.847122e-06	-2.2730951e-06	0.0
-1.5677535e-06	-1.9971619e-06	0.0
-2.3651405e-06	-2.2686481e-06	0.0
-1.8003333e-06	-2.1581575e-06	0.0
-1.8975434e-06	-5.0824167e-07	0.0
-2.2565193e-06	-1.4385167e-06	0.0
-1.6653875e-06	-2.4303138e-06	0.0
-2.8212946e-06	-1.470497e-06	0.0
-2.018038e-06	-2.4214721e-06	0.0
-3.0341073e-06	-2.4350584e-06	0.0
-3.5180192e-06	-2.5808906e-06	0.0
-2.7101792e-06	-1.7634135e-06	0.0
-2.3667576e-06	-1.8931114e-06	0.0
-1.6482803e-06	-1.9031979e-06	0.0
-3.6078293e-06	-1.8960495e-06	0.0
-2.9379937e-06	-2.7228186e-06	0.0
-3.0364615e-06	-2.6002465e-06	0.0
-2.9307489e-06	-2.3319403e-06	0.0
-2.5735535e-06	-1.7838008e-06	0.0
-2.9249613e-06	-2.3106513e-06	0.0
-2.0066634e-06	-3.833768e-06	0.0
-2.2098891e-06	-3.3123147e-06	0.0
-3.3684526e-06	-2.6219941e-06	0.0
-3.1559721e-06	-2.2185843e-06	0.0
-2.5690238e-06	-1.5270357e-06	0.0
-2.7919464e-06	-2.2018519e-06	0.0
-2.6873972e-06	-2.8943887e-06	0.0
-2.4321744e-06	-3.3194376e-06	0.0
-3.8286344e-06	-2.9142745e-06	0.0
-2.5710904e-06	-3.1775626e-06	0.0
-2.8982176e-06	-3.7401489e-06	0.0
-2.7849014e-06	-2.9394846e-06	0.0
-3.1327481e-06	-2.3596983e-06	0.0
-2.7778681e-06	-4.1526782e-06	0.0
-3.5901332e-06	-3.2155826e-06	0.0
-2.6717651e-06	-3.6092595e-06	0.0
-2.6756284e-06	-3.8961889e-06	0.0
-1.3902197e-06	-3.7695547e-06	0.0
-2.8778877e-06	-3.2230541e-06	0.0
-2.323681e-06	-3.4825207e-06	0.0
-2.1936296e-06	-4.3211003e-06	0.0
-2.4148478e-06	-3.7784762e-06	0.0
-3.2252208e-06	-4.1908543e-06	0.0
-3.0036326e-06	-3.6512656e-06	0.0
-2.9915955e-06	-3.6550202e-06	0.0
-3.1207951e-06	-3.1026118e-06	0.0
-2.1865144e-06	-3.9217994e-06	0.0
-3.3158151e-06	-3.8018554e-06	0.0
-3.9216193e-06	-3.9262673e-06	0.0
-2.8836037e-06	-5.1513389e-06	0.0
-2.9816601e-06	-5.7473744e-06	0.0
-3.3228666e-06	-3.5483458e-06	0.0
-3.9062252e-06	-4.6192977e-06	0.0
-3.6716508e-06	-4.5117486e-06	0.0
-3.9191114e-06	-3.9688662e-06	0.0
-2.2952313e-06	-3.8014755e-06	0.0
-3.1956833e-06	-5.870962e-06	0.0
-3.0955648e-06	-4.6824944e-06	0.0
-3.3129872e-06	-3.9577785e-06	0.0
-3.9957795e-06	-5.5986093e-06	0.0
-4.7083281e-06	-5.7694906e-06	0.0
-3.4503839e-06	-4.9539053e-06	0.0
-2.9708146e-06	-4.5288639e-06	0.0
-2.8507407e-06	-5.3414087e-06	0.0
-3.0754377e-06	-5.915449e-06	0.0
-3.1989139e-06	-5.0993035e-06	0.0
-2.8447505e-06	-5.3579133e-06	0.0
-3.5245578e-06	-5.9149552e-06	0.0
-3.7748152e-06	-5.7979892e-06	0.0
-2.7452372e-06	-5.2344008e-06	0.0
-2.253857e-06	-6.2033096e-06	0.0
-3.183055e-06	-5.258978e-06	0.0
-2.4957562e-06	-5.5187024e-06	0.0
-2.9459277e-06	-5.6646513e-06	0.0
-2.8326938e-06	-5.9382619e-06	0.0
-3.2885775e-06	-6.3502926e-06	0.0
-3.0735114e-06	-6.9033731e-06	0.0
-2.4787601e-06	-7.0533524e-06	0.0
-3.3954539e-06	-6.6505522e-06	0.0
-3.2911046e-06	-6.6311309e-06	0.0
-3.5078335e-06	-7.7476343e-06	0.0
-4.1990047e-06	-6.3976167e-06	0.0
-4.1081116e-06	-6.3675857e-06	0.0
-2.8203171e-06	-7.2107387e-06	0.0
-3.7391733e-06	-6.6527164e-06	0.0
-2.7136498e-06	-8.4329522e-06	0.0
-3.1408465e-06	-7.7873538e-06	0.0
-4.7564595e-06	-6.9426951e-06	0.0
-5.0207955e-06	-7.6397282e-06	0.0
-3.3998299e-06	-6.9423736e-06	0.0
-3.7217751e-06	-9.1300653e-06	0.0
-4.0758155e-06	-8.889795e-06	0.0
-3.852253e-06	-8.742988e-06	0.0
-3.5999094e-06	-8.7569952e-06	0.0
-4.7669928e-06	-8.0675109e-06	0.0
-3.3867566e-06	-8.8802226e-06	0.0
-4.2814154e-06	-9.4406978e-06	0.0
-4.766714e-06	-9.718432e-06	0.0
-3.8416006e-06	-9.865963e-06	0.0
-3.946438e-06	-9.5884625e-06	0.0
-4.2776555e-06	-9.8809905e-06	0.0
-5.5641863e-06	-8.6328309e-06	0.0
-3.8474295e-06	-1.0683048e-05	0.0
-3.3702458e-06	-1.0296125e-05	0.0
-2.8983509e-06	-1.0568444e-05	0.0
-3.8170188e-06	-1.002796e-05	0.0
-3.9284373e-06	-9.8977871e-06	0.0
-4.8631591e-06	-9.334115e-06	0.0
-3.4818061e-06	-1.1120033e-05	0.0
-4.0389923e-06	-1.072172e-05	0.0
-4.2756055e-06	-1.1678173e-05	0.0
-4.2837355e-06	-1.154998e-05	0.0
-3.4654477e-06	-1.223406e-05	0.0
-4.4925055e-06	-1.2113114e-05	0.0
-4.6211285e-06	-1.1697812e-05	0.0
-4.2733118e-06	-1.2242714e-05	0.0
-4.1500648e-06	-1.2794361e-05	0.0
-4.6063365e-06	-1.3352327e-05	0.0
-4.8437255e-06	-1.2953472e-05	0.0
-4.3851687e-06	-1.2802931e-05	0.0
-4.2547181e-06	-1.3774801e-05	0.0
-4.619299e-06	-1.3092424e-05	0.0
-2.9881564e-06	-1.404933e-05	0.0
-4.5951433e-06	-1.3919101e-05	0.0
-3.796411e-06	-1.5139459e-05	0.0
-4.7092503e-06	-1.6258136e-05	0.0
-4.1458179e-06	-1.5850408e-05	0.0
-3.9036399e-06	-1.6535598e-05	0.0
-4.1277494e-06	-1.6140912e-05	0.0
-4.8150309e-06	-1.5592426e-05	0.0
-5.0630088e-06	-1.584613e-05	0.0
-4.2373526e-06	-1.7644868e-05	0.0
-5.7379011e-06	-1.6570239e-05	0.0
-4.7123422e-06	-1.6683429e-05	0.0
-4.7044064e-06	-1.7797285e-05	0.0
-4.0085752e-06	-1.7114573e-05	0.0
-4.8011088e-06	-1.8204757e-05	0.0
-5.1647621e-06	-1.8090199e-05	0.0
-4.4609278e-06	-1.7536635e-05	0.0
-5.4952598e-06	-1.8212539e-05	0.0
-5.1544939e-06	-1.9445815e-05	0.0
-5.610565e-06	-2.0690195e-05	0.0
-5.3820436e-06	-2.0579748e-05	0.0
-5.4973402e-06	-1.9338318e-05	0.0
-4.9210867e-06	-2.0284235e-05	0.0
-5.0246786e-06	-2.0849631e-05	0.0
-5.7080347e-06	-2.0717291e-05	0.0
-6.5285494e-06	-2.1117834e-05	0.0
-5.7236239e-06	-2.2359285e-05	0.0
-5.7204011e-06	-2.2506072e-05	0.0
-4.8011048e-06	-2.3053804e-05	0.0
-4.8913575e-06	-2.333544e-05	0.0
-6.0571956e-06	-2.3742443e-05	0.0
-4.916631e-06	-2.4442021e-05	0.0
-4.9972468e-06	-2.3764231e-05	0.0
-6.2913464e-06	-2.4426756e-05	0.0
-4.4428493e-06	-2.6088965e-05	0.0
-5.5784021e-06	-2.5426731e-05	0.0
-5.2410796e-06	-2.5267276e-05	0.0
-5.9251884e-06	-2.6781079e-05	0.0
-5.8150454e-06	-2.6660613e-05	0.0
-6.1526671e-06	-2.706156e-05	0.0
-6.3903149e-06	-2.8026165e-05	0.0
-5.8183623e-06	-2.8183014e-05	0.0
-5.4574652e-06	-2.7757922e-05	0.0
-6.1480259e-06	-2.9536754e-05	0.0
-6.1471769e-06	-2.9963219e-05	0.0
-6.7247761e-06	-3.025506e-05	0.0
-6.379486e-06	-2.901406e-05	0.0
-6.832443e-06	-3.0644744e-05	0.0
-7.0672468e-06	-3.1479336e-05	0.0
-6.9547064e-06	-3.2316024e-05	0.0
-6.2687941e-06	-3.1898082e-05	0.0
-5.2231157e-06	-3.394709e-05	0.0
-5.3240747e-06	-3.4517543e-05	0.0
-6.0140123e-06	-3.452555e-05	0.0
-6.255033e-06	-3.4244975e-05	0.0
-5.5606824e-06	-3.5608664e-05	0.0
-5.8918531e-06	-3.6714366e-05	0.0
-6.8141644e-06	-3.7413567e-05	0.0
-7.2805424e-06	-3.7538273e-05	0.0
-6.9481434e-06	-3.987227e-05	0.0
-5.6652616e-06	-4.015868e-05	0.0
-6.5794998e-06	-4.139635e-05	0.0
-6.5776048e-06	-4.0998471e-05	0.0
-7.5083658e-06	-4.1532669e-05	0.0
-6.1283645e-06	-4.2778058e-05	0.0
-6.457748e-06	-4.2782271e-05	0.0
-6.6912949e-06	-4.3610096e-05	0.0
-7.0337001e-06	-4.3604094e-05	0.0
-7.0434048e-06	-4.5662564e-05	0.0
-5.7775983e-06	-4.5812314e-05	0.0
-5.520601e-06	-4.7172125e-05	0.0
-7.3668716e-06	-4.8557238e-05	0.0
-7.1519589e-06	-4.9236442e-05	0.0
-6.7985002e-06	-5.1436607e-05	0.0
-7.1315631e-06	-5.1720028e-05	0.0
-7.7309742e-06	-5.3092332e-05	0.0
-5.526836e-06	-5.3238065e-05	0.0
-7.5768639e-06	-5.4328186e-05	0.0
-8.1836561e-06	-5.5701177e-05	0.0
-7.1329709e-06	-5.694736e-05	0.0
-8.0555301e-06	-5.7087796e-05	0.0
-6.9089588e-06	-5.8316175e-05	0.0
-6.6743969e-06	-5.9422477e-05	0.0
-6.1901269e-06	-6.0110568e-05	0.0
-8.3968334e-06	-6.1472565e-05	0.0
-6.2106628e-06	-6.3539737e-05	0.0
-7.4610921e-06	-6.3963242e-05	0.0
-6.8937352e-06	-6.5049797e-05	0.0
-7.687162e-06	-6.6971945e-05	0.0
-8.043552e-06	-6.8485388e-05	0.0
-7.6958995e-06	-6.9601418e-05	0.0
-7.916542e-06	-6.9449568e-05	0.0
-8.3859277e-06	-7.2599301e-05	0.0
-7.8032099e-06	-7.3170668e-05	0.0
-8.3828672e-06	-7.4529358e-05	0.0
-7.4551322e-06	-7.6451128e-05	0.0
-8.7103554e-06	-7.8108606e-05	0.0
-8.9564646e-06	-7.919885e-05	0.0
-8.3796704e-06	-8.1674938e-05	0.0
-8.2497136e-06	-8.209869e-05	0.0
-9.1765251e-06	-8.3865671e-05	0.0
-8.2668885e-06	-8.6341344e-05	0.0
-7.2192597e-06	-8.8124274e-05	0.0
-7.3178458e-06	-9.046631e-05	0.0
-8.8103316e-06	-9.1289498e-05	0.0
-9.5236555e-06	-9.4027055e-05	0.0
-8.2484721e-06	-9.5817275e-05	0.0
-8.934966e-06	-9.8150922e-05	0.0
-8.1329781e-06	-9.9664052e-05	0.0
-8.1268763e-06	-0.00010185712	0.0
-7.888294e-06	-0.00010351351	0.0
-9.0373742e-06	-0.00010541573	0.0
-9.2722003e-06	-0.00010926764	0.0
-9.6211879e-06	-0.00011036891	0.0
-8.8181778e-06	-0.00011379637	0.0
-8.4610992e-06	-0.00011503768	0.0
-8.6912733e-06	-0.00011858939	0.0
-8.5728798e-06	-0.00012148298	0.0
-9.0314079e-06	-0.00012368878	0.0
-9.2578421e-06	-0.00012505615	0.0
-9.9545732e-06	-0.00012833408	0.0
-9.3778845e-06	-0.0001317712	0.0
-9.4951201e-06	-0.00013452284	0.0
-8.5636957e-06	-0.00013712459	0.0
-9.7114817e-06	-0.0001406884	0.0
-9.3720682e-06	-0.00014358286	0.0
-9.7105949e-06	-0.00014590485	0.0
-9.9399576e-06	-0.00015002214	0.0
-1.0177887e-05	-0.00015222665	0.0
-8.9123969e-06	-0.00015550936	0.0
-8.4377525e-06	-0.00015920763	0.0
-8.7790049e-06	-0.0001637364	0.0
-9.126511e-06	-0.00016690558	0.0
-9.1260854e-06	-0.00016991296	0.0
-9.0138392e-06	-0.00017470763	0.0
-8.429899e-06	-0.00017937279	0.0
-9.2299297e-06	-0.00018404606	0.0
-9.5811492e-06	-0.00018693453	0.0
-9.579524e-06	-0.00019129658	0.0
-9.918157e-06	-0.00019749452	0.0
-1.0616461e-05	-0.00019900262	0.0
-9.9230047e-06	-0.00020583352	0.0
-1.0379511e-05	-0.00021079564	0.0
-1.0149261e-05	-0.00021504186	0.0
-1.0266485e-05	-0.00022025318	0.0
-9.6800541e-06	-0.00022531911	0.0
-1.1061812e-05	-0.00023190533	0.0
-1.0609096e-05	-0.00023671146	0.0
-1.0487317e-05	-0.00024287171	0.0
-1.0709205e-05	-0.00024878577	0.0
-1.1979142e-05	-0.00025316357	0.0
-1.1643065e-05	-0.00026123787	0.0
-1.0832745e-05	-0.0002681177	0.0
-1.047722e-05	-0.00027278491	0.0
-1.0827426e-05	-0.00027906382	0.0
-1.0127106e-05	-0.00028825313	0.0
-1.1505562e-05	-0.00029525257	0.0
-1.1511893e-05	-0.00030348075	0.0
-1.174249e-05	-0.000310195	0.0
-1.1276998e-05	-0.00031964513	0.0
-1.2189625e-05	-0.00032788524	0.0
-1.2664487e-05	-0.00033597453	0.0
-1.1622675e-05	-0.0003443294	0.0
-1.1737713e-05	-0.00035432787	0.0
-1.0919024e-05	-0.00036407757	0.0
-1.2643309e-05	-0.00037256686	0.0
-1.2087479e-05	-0.0003838008	0.0
-1.1260471e-05	-0.00039354392	0.0
-1.2750912e-05	-0.00040409452	0.0
-1.3226197e-05	-0.00041492263	0.0
-1.2651235e-05	-0.00042630435	0.0
-1.2633039e-05	-0.00043726916	0.0
-1.4475525e-05	-0.00044987592	0.0
-1.4499472e-05	-0.0004626264	0.0
-1.2874203e-05	-0.00047592152	0.0
-1.3666994e-05	-0.00048895163	0.0
-1.4244826e-05	-0.00050236483	0.0
-1.5167033e-05	-0.00051841041	0.0
-1.5176018e-05	-0.00053172105	0.0
-1.4819839e-05	-0.00054704759	0.0
-1.5515208e-05	-0.00056378008	0.0
-1.4708073e-05	-0.00057940569	0.0
-1.4937063e-05	-0.00059721153	0.0
-1.4462739e-05	-0.00061558658	0.0
-1.6309217e-05	-0.00063355191	0.0
-1.5961106e-05	-0.00065122236	0.0
-1.7693761e-05	-0.0006712231	0.0
-1.6546684e-05	-0.00069150567	0.0
-1.7455059e-05	-0.00071301789	0.0
-1.757549e-05	-0.00073480618	0.0
-1.8148281e-05	-0.00075797189	0.0
-1.815382e-05	-0.00078113994	0.0
-1.7807128e-05	-0.00080524734	0.0
-1.8018141e-05	-0.00083100441	0.0
-1.9421303e-05	-0.00085758662	0.0
-1.7797336e-05	-0.00088527275	0.0
-1.963698e-05	-0.00091322744	0.0
-1.8604418e-05	-0.00094282941	0.0
-1.9866371e-05	-0.00097256375	0.0
-1.9734993e-05	-0.0010050208	0.0
-2.2520817e-05	-0.0010390322	0.0
-2.0108748e-05	-0.0010717632	0.0
-2.1916441e-05	-0.0011091793	0.0
-2.2865535e-05	-0.0011446681	0.0
-2.2737784e-05	-0.0011857657	0.0
-2.4011022e-05	-0.0012251111	0.0
-2.3323126e-05	-0.0012674355	0.0
-2.4339122e-05	-0.0013110337	0.0
-2.5958014e-05	-0.0013555714	0.0
-2.6773771e-05	-0.0014036746	0.0
-2.6891294e-05	-0.0014528641	0.0
-2.7226093e-05	-0.0015057659	0.0
-2.8383436e-05	-0.0015592169	0.0
-2.8718052e-05	-0.0016164985	0.0
-3.1138727e-05	-0.0016736506	0.0
-3.1609823e-05	-0.0017361311	0.0
-3.2868578e-05	-0.0017993038	0.0
-3.4249959e-05	-0.0018664486	0.0
-3.5534034e-05	-0.0019352459	0.0
-3.5172623e-05	-0.0020092418	0.0
-3.7939248e-05	-0.0020858576	0.0
-3.8057584e-05	-0.002163965	0.0
-4.0586052e-05	-0.0022476832	0.0
-4.1852472e-05	-0.0023351144	0.0
-4.4965065e-05	-0.0024249912	0.0
-4.5901485e-05	-0.0025206096	0.0
-4.7611607e-05	-0.0026209336	0.0
-5.0615123e-05	-0.0027245053	0.0
-5.1669325e-05	-0.0028342414	0.0
-5.2574898e-05	-0.0029490541	0.0
-5.5339158e-05	-0.0030678532	0.0
-5.7187724e-05	-0.0031931247	0.0
-6.0171802e-05	-0.0033250568	0.0
-6.3752297e-05	-0.0034623421	0.0
-6.6408997e-05	-0.0036078477	0.0
-6.951407e-05	-0.0037583017	0.0
-7.3319723e-05	-0.0039175171	0.0
-7.6782097e-05	-0.0040835491	0.0
-8.0689817e-05	-0.0042578294	0.0
-8.5884996e-05	-0.00444077	0.0
-8.9694979e-05	-0.0046328749	0.0
-9.430803e-05	-0.0048343502	0.0
-9.8667748e-05	-0.0050451835	0.0
-0.00010650875	-0.0052668666	0.0
-0.0001116023	-0.005499383	0.0
-0.00011815122	-0.0057438016	0.0
-0.000126224	-0.0060002026	0.0
-0.00013316373	-0.006267386	0.0
-0.00013949338	-0.0065481318	0.0
-0.00014880805	-0.0068418328	0.0
-0.00015897388	-0.0071503846	0.0
-0.00016784978	-0.0074728946	0.0
-0.00017891711	-0.0078123147	0.0
-0.00018952387	-0.0081673842	0.0
-0.00020252993	-0.0085365931	0.0
-0.0002170683	-0.0089244433	0.0
-0.00023102939	-0.0093298368	0.0
-0.00024636625	-0.0097509036	0.0
-0.0002628426	-0.010190646	0.0
-0.00028197802	-0.010651602	0.0
-0.00030125646	-0.011128292	0.0
-0.00032016638	-0.011624655	0.0
-0.00034240604	-0.012144337	0.0
-0.00036628573	-0.012679925	0.0
-0.0003903867	-0.013237339	0.0
-0.00041724017	-0.013814595	0.0
-0.00044550831	-0.014410593	0.0
-0.00047330381	-0.015029179	0.0
-0.00050362229	-0.015668118	0.0
-0.0005355929	-0.016326994	0.0
-0.00056581752	-0.017001141	0.0
-0.00059800223	-0.017694153	0.0
-0.00062847487	-0.018399844	0.0
-0.00065779715	-0.019117469	0.0
-0.00068585016	-0.019838236	0.0
-0.00071140355	-0.020555815	0.0
-0.00073071965	-0.021258352	0.0
-0.00074679946	-0.021928083	0.0
-0.00075690018	-0.022547223	0.0
-0.00076191186	-0.023091368	0.0
-0.00076128432	-0.0235234	0.0
-0.00075340283	-0.023801316	0.0
-0.00073777494	-0.023876281	0.0
-0.00071681308	-0.023682054	0.0
-0.00069070014	-0.02313675	0.0
-0.00065589615	-0.022140702	0.0
-0.00061979669	-0.020584784	0.0
-0.00057910127	-0.01830578	0.0
-0.00053539232	-0.015128731	0.0
-0.00048982026	-0.010839134	0.0
-0.00044494221	-0.0051862993	0.0
-0.00039865778	0.0021126159	0.0
-0.00035442205	0.011378814	0.0
-0.00031134411	0.022858195	0.0
-0.0002672931	0.036802508	0.0
-0.00022412541	0.053370491	0.0
-0.00017811038	0.072567753	0.0
-0.00013142941	0.094236024	0.0
-7.6138604e-05	0.11801564	0.0
-1.2937383e-05	0.14329593	0.0
5.6592147e-05	0.16956221	0.0
0.00013927264	0.19587784	0.0
0.0002290197	0.22176129	0.0
0.00033044969	0.24649003	0.0
0.00044442713	0.26939195	0.0
0.0005662443	0.28991446	0.0
0.00070887449	0.30739427	0.0
0.00085488072	0.32122123	0.0
0.0010183264	0.33071363	0.0
0.0011891725	0.33532295	0.0
0.0013596865	0.33455345	0.0
0.001540227	0.32808104	0.0
0.0016993375	0.31576118	0.0
0.0018573301	0.29762295	0.0
0.0019872934	0.27382663	0.0
0.0020896869	0.24459034	0.0
0.0021609077	0.21031173	0.0
0.002186978	0.17134966	0.0
0.0021737467	0.12806089	0.0
0.0021132266	0.080990821	0.0
0.0020035324	0.030706037	0.0
0.0018502986	-0.021955553	0.0
0.0016570617	-0.076337844	0.0
0.0014309115	-0.13150467	0.0
0.0011805564	-0.18673654	0.0
0.00091235706	-0.24087597	0.0
0.00063369924	-0.29330739	0.0
0.00035762563	-0.3430481	0.0
7.9977515e-05	-0.38974485	0.0
-0.00018767326	-0.43252313	0.0
-0.00043593382	-0.47119242	0.0
-0.00068474276	-0.50520247	0.0
-0.00090104633	-0.5341844	0.0
-0.0011119269	-0.5578478	0.0
-0.0013032099	-0.57592487	0.0
-0.0014713204	-0.58821803	0.0
-0.0016342559	-0.59445775	0.0
-0.0017699723	-0.59448928	0.0
-0.0019059917	-0.58808064	0.0
-0.0020159446	-0.57504463	0.0
-0.0021163088	-0.55520898	0.0
-0.0022042992	-0.52846867	0.0
-0.0022666994	-0.49485984	0.0
-0.0023250114	-0.45457423	0.0
-0.0023606203	-0.40796456	0.0
-0.0023728325	-0.35559791	0.0
-0.0023766039	-0.29828817	0.0
-0.0023513406	-0.23679893	0.0
-0.0023188486	-0.1720233	0.0
-0.0022636298	-0.10487547	0.0
-0.0021920444	-0.036292247	0.0
-0.0021064866	0.032834116	0.0
-0.0020023154	0.10220965	0.0
-0.0018811696	0.1707239	0.0
-0.0017393213	0.23793738	0.0
-0.0015765216	0.30253604	0.0
-0.0013884866	0.36399353	0.0
-0.0011806356	0.42136452	0.0
-0.00095436227	0.47361764	0.0
-0.00070941716	0.5201714	0.0
-0.00045299216	0.56037527	0.0
-0.00019216954	0.59375948	0.0
7.3321949e-05	0.62007928	0.0
0.00033405537	0.63922268	0.0
0.00059027423	0.65112919	0.0
0.00084407988	0.65579969	0.0
0.0010864879	0.65322095	0.0
0.0013219551	0.64338189	0.0
0.0015463943	0.62624812	0.0
0.0017501793	0.60184097	0.0
0.0019469999	0.57021606	0.0
0.0021104647	0.53152269	0.0
0.0022588174	0.48615819	0.0
0.0023716018	0.43468258	0.0
0.0024516995	0.37765223	0.0
0.0025031227	0.31613308	0.0
0.0025136024	0.25080568	0.0
0.0024965317	0.18266317	0.0
0.0024454559	0.11254758	0.0
0.0023648599	0.041413888	0.0
0.0022557136	-0.030083723	0.0
0.0021221202	-0.1009348	0.0
0.0019657484	-0.17080013	0.0
0.0017886205	-0.23856676	0.0
0.0015978423	-0.30346745	0.0
0.0013922922	-0.36448774	0.0
0.0011815605	-0.42084202	0.0
0.00096273021	-0.47164488	0.0
0.00074595877	-0.51631016	0.0
0.00053397875	-0.554245	0.0
0.00033117709	-0.58519739	0.0
0.00013784374	-0.60890961	0.0
-4.1920313e-05	-0.62535709	0.0
-0.0002113574	-0.63449514	0.0
-0.00036903581	-0.6363526	0.0
-0.00051496009	-0.63092244	0.0
-0.00065067643	-0.61816579	0.0
-0.0007784504	-0.59811878	0.0
-0.0008918526	-0.570822	0.0
-0.0010010481	-0.53637087	0.0
-0.0010967372	-0.49501061	0.0
-0.0011843863	-0.44719908	0.0
-0.0012625157	-0.39355943	0.0
-0.0013292409	-0.33486223	0.0
-0.0013949134	-0.27192691	0.0
-0.0014494066	-0.20564882	0.0
-0.0015012702	-0.13702877	0.0
-0.0015444348	-0.06705451	0.0
-0.0015788558	0.0037228297	0.0
-0.0016037863	0.074402876	0.0
-0.001613947	0.14434254	0.0
-0.0016043374	0.21269567	0.0
-0.0015693647	0.27863139	0.0
-0.0015080434	0.34123287	0.0
-0.0014118942	0.3996858	0.0
-0.001282889	0.45296237	0.0
-0.0011232625	0.50048602	0.0
-0.00093825068	0.54158163	0.0
-0.00073296268	0.57584625	0.0
-0.00051645428	0.60300291	0.0
-0.00029452582	0.62288421	0.0
-7.1019553e-05	0.63551205	0.0
0.00014658691	0.64084792	0.0
0.0003570487	0.63890052	0.0
0.00055565382	0.6296767	0.0
0.00074053701	0.61314428	0.0
0.0009053417	0.58930016	0.0
0.0010527046	0.55821615	0.0
0.0011742379	0.52009857	0.0
0.001263209	0.47514865	0.0
0.0013301227	0.42412671	0.0
0.0013661376	0.367623	0.0
0.0013692209	0.30644792	0.0
0.001350827	0.24148646	0.0
0.0013086977	0.17370124	0.0
0.0012544022	0.10394716	0.0
0.0011906736	0.033179235	0.0
0.0011229793	-0.037759133	0.0
0.0010574994	-0.10852693	0.0
0.00099597941	-0.1780764	0.0
0.00094059401	-0.24563731	0.0
0.00089399406	-0.31034401	0.0
0.00084794668	-0.37116659	0.0
0.00080405513	-0.42732474	0.0
0.00075697218	-0.47799259	0.0
0.00070584519	-0.5223816	0.0
0.000646286	-0.56011909	0.0
0.00057746656	-0.59075803	0.0
0.00050340878	-0.61422592	0.0
0.00040714577	-0.63035065	0.0
0.0003193554	-0.63921356	0.0
0.00020704433	-0.64075285	0.0
9.447879e-05	-0.63500887	0.0
-2.1202137e-05	-0.62194568	0.0
-0.00015239161	-0.60154629	0.0
-0.00026556876	-0.57384741	0.0
-0.00037913505	-0.53899968	0.0
-0.00047440283	-0.49722207	0.0
-0.00053873484	-0.44902325	0.0
-0.00058000768	-0.39502409	0.0
-0.00057652843	-0.33585572	0.0
-0.00053814473	-0.27250779	0.0
-0.00045684972	-0.20594934	0.0
-0.00033188512	-0.13697939	0.0
-0.00017202363	-0.066562578	0.0
2.3347573e-05	0.0046100426	0.0
0.00025052379	0.075695314	0.0
0.0005046096	0.14594103	0.0
0.00078061462	0.21478656	0.0
0.0010760084	0.28091487	0.0
0.0013814548	0.34388909	0.0
0.0016963207	0.40234816	0.0
0.0020060334	0.45575893	0.0
0.0023016757	0.50334263	0.0
0.0025792888	0.54437011	0.0
0.0028206552	0.57857889	0.0
0.0030359917	0.6055612	0.0
0.0032062014	0.62534702	0.0
0.0033400098	0.63778967	0.0
0.0034367319	0.64295602	0.0
0.0034901183	0.64083952	0.0
0.0035142263	0.63142663	0.0
0.0034956993	0.61470741	0.0
0.0034547022	0.59069639	0.0
0.003374411	0.55946445	0.0
0.0032678593	0.52119565	0.0
0.0031328918	0.47623828	0.0
0.0029730422	0.42508355	0.0
0.0027891051	0.36847654	0.0
0.0025802811	0.30718637	0.0
0.0023577414	0.24219491	0.0
0.002119455	0.17433192	0.0
0.0018692024	0.10452246	0.0
0.001612385	0.033641323	0.0
0.0013470255	-0.037461147	0.0
0.0010778111	-0.10821488	0.0
0.00080692349	-0.17788622	0.0
0.00052945461	-0.24556743	0.0
0.00025480668	-0.31040773	0.0
-2.3163138e-05	-0.37141415	0.0
-0.00029779552	-0.42786303	0.0
-0.00056415837	-0.47867519	0.0
-0.00082808378	-0.52339834	0.0
-0.0010700652	-0.56130254	0.0
-0.0013012599	-0.59220064	0.0
-0.0015178958	-0.61586583	0.0
-0.0017050443	-0.63219911	0.0
-0.0018912447	-0.6411882	0.0
-0.00203927	-0.64283615	0.0
-0.0021932309	-0.63712531	0.0
-0.0023129783	-0.62406307	0.0
-0.0024232497	-0.60363799	0.0
-0.0025133267	-0.57587409	0.0
-0.0025750238	-0.54086924	0.0
-0.0026221636	-0.49897826	0.0
-0.002627355	-0.45069101	0.0
-0.0026118094	-0.39650619	0.0
-0.0025632051	-0.33721429	0.0
-0.0024797264	-0.27375039	0.0
-0.0023800319	-0.20707732	0.0
-0.002244621	-0.13799061	0.0
-0.0020952555	-0.067520775	0.0
-0.0019266555	0.0036273405	0.0
-0.0017435192	0.074676804	0.0
-0.0015482564	0.14493047	0.0
-0.0013441753	0.21362093	0.0
-0.0011320247	0.2797381	0.0
-0.00091314461	0.34256169	0.0
-0.00069473765	0.40110335	0.0
-0.00046495922	0.45453483	0.0
-0.00025073369	0.50205135	0.0
-2.7935368e-05	0.54314464	0.0
0.00017314937	0.57732636	0.0
0.0003650263	0.60440707	0.0
0.00055259251	0.62418443	0.0
0.00070923858	0.63670117	0.0
0.00086721324	0.64190733	0.0
0.0010031584	0.6398387	0.0
0.0011248176	0.63047391	0.0
0.0012397813	0.61381644	0.0
0.0013266393	0.58982474	0.0
0.0014058391	0.55863518	0.0
0.0014527487	0.52039152	0.0
0.0014791746	0.47558901	0.0
0.0014761452	0.42451477	0.0
0.0014388014	0.36798194	0.0
0.0013793225	0.30683011	0.0
0.001282835	0.24193661	0.0
0.0011671523	0.17428879	0.0
0.0010273486	0.10466336	0.0
0.0008696632	0.03392129	0.0
0.00069743942	-0.037103947	0.0
0.00051157875	-0.10776984	0.0
0.00031467964	-0.17737626	0.0
0.00010364607	-0.24491939	0.0
-0.00011631592	-0.30967674	0.0
-0.00035095672	-0.37063846	0.0
-0.00059409352	-0.42703038	0.0
-0.00084218953	-0.47792771	0.0
-0.0010970578	-0.52266157	0.0
-0.0013447135	-0.56068164	0.0
-0.0015847639	-0.59169763	0.0
-0.0018156414	-0.61548728	0.0
-0.0020265058	-0.63204271	0.0
-0.0022241438	-0.64120507	0.0
-0.0024000879	-0.64310104	0.0
-0.0025505	-0.63768661	0.0
-0.0026898829	-0.62494123	0.0
-0.0027869602	-0.6048429	0.0
-0.0028705811	-0.57743436	0.0
-0.0029114673	-0.54280293	0.0
-0.0029220365	-0.50124228	0.0
-0.0028955473	-0.45316291	0.0
-0.0028303235	-0.39924383	0.0
-0.0027330441	-0.34017092	0.0
-0.0026019027	-0.27694979	0.0
-0.0024494641	-0.21030466	0.0
-0.0022728669	-0.14124174	0.0
-0.0020817395	-0.070681326	0.0
-0.0018798654	0.00058771548	0.0
-0.0016700594	0.071928322	0.0
-0.0014570735	0.14232761	0.0
-0.0012435376	0.21132186	0.0
-0.001032808	0.27781036	0.0
-0.00081837963	0.34094694	0.0
-0.00061556202	0.39979047	0.0
-0.00040938749	0.45346668	0.0
-0.00021610924	0.50127608	0.0
-3.5182147e-05	0.54266107	0.0
0.00014044151	0.57707238	0.0
0.00029096071	0.60436797	0.0
0.00044771974	0.62432998	0.0
0.00056622538	0.63703048	0.0
0.00069597142	0.64238995	0.0
0.0008030372	0.64046323	0.0
0.0009061108	0.63122302	0.0
0.00099983043	0.61468327	0.0
0.0010840956	0.59085071	0.0
0.0011657805	0.55979174	0.0
0.0012370094	0.52168834	0.0
0.0012995237	0.47691694	0.0
0.0013577786	0.42593527	0.0
0.0013921942	0.36947948	0.0
0.0014267631	0.30836177	0.0
0.0014410276	0.24347557	0.0
0.0014453998	0.17592315	0.0
0.0014339609	0.1062748	0.0
0.0014088188	0.03551504	0.0
0.0013672699	-0.035520941	0.0
0.0013074911	-0.10616145	0.0
0.0012219256	-0.17568339	0.0
0.0011113751	-0.2432726	0.0
0.0009682962	-0.30803066	0.0
0.00078713428	-0.36900544	0.0
0.00056932773	-0.42539975	0.0
0.00030770834	-0.47623438	0.0
1.7892951e-05	-0.52102661	0.0
-0.00030199648	-0.55901402	0.0
-0.00064667151	-0.59011561	0.0
-0.00099169416	-0.61389875	0.0
-0.0013523917	-0.6304242	0.0
-0.0016933456	-0.63965589	0.0
-0.0020359459	-0.64158034	0.0
-0.002353563	-0.63621032	0.0
-0.0026467389	-0.62351704	0.0
-0.0029198502	-0.60348147	0.0
-0.0031500133	-0.57613456	0.0
-0.003345533	-0.54162693	0.0
-0.0034889942	-0.50018978	0.0
-0.0035877747	-0.45227227	0.0
-0.0036305836	-0.39844626	0.0
-0.0036274588	-0.33969852	0.0
-0.0035734924	-0.27664065	0.0
-0.0034798097	-0.21026395	0.0
-0.0033430215	-0.14149654	0.0
-0.0031766344	-0.071272217	0.0
-0.0029787621	-0.00034870891	0.0
-0.0027527281	0.070621118	0.0
-0.0025004013	0.14065504	0.0
-0.0022226616	0.20940229	0.0
-0.0019191508	0.27546194	0.0
-0.0015920369	0.33829927	0.0
-0.0012507562	0.39691889	0.0
-0.00088870554	0.45045498	0.0
-0.00053235993	0.49819213	0.0
-0.00017030552	0.53949183	0.0
0.0001721704	0.57390171	0.0
0.00048682513	0.60121614	0.0
0.00078307034	0.62126082	0.0
0.0010369717	0.63406044	0.0
0.0012704454	0.63954234	0.0
0.001460188	0.63775885	0.0
0.0016176497	0.62869787	0.0
0.0017587917	0.61233401	0.0
0.0018475907	0.58864999	0.0
0.0019396843	0.5577606	0.0
0.0019860878	0.51978809	0.0
0.0020270208	0.47512984	0.0
0.0020536042	0.42428982	0.0
0.0020549428	0.36792412	0.0
0.0020679063	0.30696344	0.0
0.0020606043	0.24212217	0.0
0.0020644194	0.17442444	0.0
0.002064327	0.10472573	0.0
0.002061141	0.034158498	0.0
0.0020616341	-0.036804035	0.0
0.0020495488	-0.10749309	0.0
0.002023777	-0.17697656	0.0
0.001979748	-0.24454463	0.0
0.0019105579	-0.3092128	0.0
0.0018064225	-0.37003258	0.0
0.0016756018	-0.42618421	0.0
0.0015049337	-0.47680488	0.0
0.001308939	-0.52127731	0.0
0.0010955977	-0.55902714	0.0
0.00085509865	-0.589733	0.0
0.00061627215	-0.61324483	0.0
0.00037446301	-0.62945509	0.0
0.0001270012	-0.63834667	0.0
-0.0001066789	-0.63994473	0.0
-0.00033860712	-0.63424277	0.0
-0.00055715308	-0.62122464	0.0
-0.00076331815	-0.60089946	0.0
-0.00095214124	-0.57327497	0.0
-0.0011279372	-0.53852445	0.0
-0.0012773325	-0.49694526	0.0
-0.0014085794	-0.44893411	0.0
-0.0015088111	-0.39509204	0.0
-0.0015819225	-0.33618894	0.0
-0.0016325986	-0.27310231	0.0
-0.001647708	-0.20669656	0.0
-0.0016468529	-0.13797195	0.0
-0.0016161292	-0.067838915	0.0
-0.0015633733	0.0030382341	0.0
-0.0014941541	0.07388372	0.0
-0.0014054708	0.14402536	0.0
-0.0012981826	0.21257891	0.0
-0.0011782964	0.27876598	0.0
-0.0010433086	0.34158176	0.0
-0.00089207914	0.400361	0.0
-0.00074185617	0.4537414	0.0
-0.0005688229	0.50161374	0.0
-0.00040941674	0.54276758	0.0
-0.00023889063	0.57724327	0.0
-7.0873313e-05	0.60455239	0.0
8.1920676e-05	0.62457091	0.0
0.00024664469	0.63729244	0.0
0.00039182723	0.64270586	0.0
0.00054037187	0.6408127	0.0
0.00068361079	0.63163072	0.0
0.00081366359	0.61511838	0.0
0.00095074088	0.59130275	0.0
0.0010672293	0.56024516	0.0
0.0011761768	0.52215433	0.0
0.0012711256	0.47733182	0.0
0.0013425436	0.42643231	0.0
0.0013939739	0.36994225	0.0
0.0014194205	0.30877861	0.0
0.0014191711	0.24383597	0.0
0.0013951201	0.17605688	0.0
0.0013463778	0.10629357	0.0
0.0012726357	0.035454553	0.0
0.0011811206	-0.035759486	0.0
0.0010668354	-0.10637076	0.0
0.00093435054	-0.17592046	0.0
0.00078452175	-0.243691	0.0
0.00061746215	-0.30837819	0.0
0.00043656916	-0.36938909	0.0
0.00025030563	-0.42580965	0.0
5.2112104e-05	-0.47660124	0.0
-0.0001365616	-0.52138281	0.0
-0.00032732141	-0.55933231	0.0
-0.0005096551	-0.59035826	0.0
-0.00067615794	-0.61411107	0.0
-0.00084332906	-0.63060534	0.0
-0.00098327128	-0.63980806	0.0
-0.001124216	-0.64171731	0.0
-0.0012448272	-0.63634229	0.0
-0.0013577229	-0.62365866	0.0
-0.0014631491	-0.60367346	0.0
-0.0015438492	-0.57638597	0.0
-0.0016199163	-0.54197955	0.0
-0.0016716504	-0.50056809	0.0
-0.0017073764	-0.45280302	0.0
-0.0017259945	-0.39903462	0.0
-0.0017194494	-0.34029022	0.0
-0.0017007362	-0.27722228	0.0
-0.0016580174	-0.21081664	0.0
-0.0016027937	-0.14199501	0.0
-0.0015260052	-0.071573623	0.0
-0.001433642	-0.00043127555	0.0
-0.0013249369	0.070551865	0.0
-0.0011979182	0.14096662	0.0
-0.0010520878	0.20979226	0.0
-0.00088705274	0.2762486	0.0
-0.00070279598	0.33938479	0.0
-0.00049826171	0.39831027	0.0
-0.00027711756	0.4521693	0.0
-4.0291128e-05	0.50026923	0.0
0.00020193444	0.54176307	0.0
0.00045532701	0.57650155	0.0
0.00070044311	0.6039713	0.0
0.0009448597	0.62427682	0.0
0.0011794969	0.63718259	0.0
0.0014012378	0.64280379	0.0
0.0016116402	0.64110214	0.0
0.0017992982	0.63206607	0.0
0.0019675181	0.61568367	0.0
0.0021149174	0.59195918	0.0
0.0022307227	0.56095147	0.0
0.0023266138	0.52285308	0.0
0.0023791343	0.47798738	0.0
0.0024091068	0.42697632	0.0
0.0024025594	0.3704066	0.0
0.0023670411	0.30921766	0.0
0.0023109308	0.24409795	0.0
0.0022262451	0.17621639	0.0
0.0021303107	0.106364	0.0
0.0020160924	0.035353675	0.0
0.0018957813	-0.035953127	0.0
0.0017696831	-0.10683797	0.0
0.0016423389	-0.17662038	0.0
0.0015141374	-0.24441794	0.0
0.0013890973	-0.30937397	0.0
0.0012685087	-0.37048766	0.0
0.001150371	-0.42688283	0.0
0.0010441383	-0.47784469	0.0
0.0009384221	-0.52261633	0.0
0.00085212348	-0.56073606	0.0
0.00076525623	-0.59179688	0.0
0.00069840753	-0.61564755	0.0
0.00064552116	-0.63220394	0.0
0.00059737498	-0.64140058	0.0
0.00057409995	-0.64330852	0.0
0.00054662576	-0.63789237	0.0
0.00054551515	-0.62516123	0.0
0.00054433418	-0.60506582	0.0
0.00055824209	-0.5776965	0.0
0.00058671698	-0.54315054	0.0
0.00061812357	-0.50160927	0.0
0.00067294395	-0.45366931	0.0
0.00072413596	-0.3998515	0.0
0.00080479571	-0.34089327	0.0
0.0008845409	-0.27768204	0.0
0.00097430823	-0.21124993	0.0
0.0010773205	-0.14239226	0.0
0.001184276	-0.072082229	0.0
0.0013020339	-0.0010267347	0.0
0.0014224789	0.069989562	0.0
0.0015454896	0.14014786	0.0
0.0016726928	0.20876671	0.0
0.0017995096	0.27500057	0.0
0.0019188161	0.33780137	0.0
0.0020346232	0.39637753	0.0
0.0021288285	0.44991815	0.0
0.002212804	0.49763742	0.0
0.0022625751	0.53893787	0.0
0.0022913942	0.57336247	0.0
0.002282589	0.60070705	0.0
0.0022469135	0.62079573	0.0
0.0021851098	0.63362962	0.0
0.0020872173	0.63914663	0.0
0.0019738711	0.63739085	0.0
0.0018350703	0.62834239	0.0
0.0016861666	0.61199337	0.0
0.0015297203	0.58831429	0.0
0.0013592982	0.55739301	0.0
0.0011978969	0.51942629	0.0
0.0010298479	0.47471315	0.0
0.00087455462	0.4239071	0.0
0.0007189723	0.36755413	0.0
0.00057185185	0.30657229	0.0
0.00043445482	0.24179244	0.0
0.00029471441	0.17428201	0.0
0.00016229817	0.10482756	0.0
2.7883789e-05	0.033981238	0.0
-0.00011328717	-0.036456324	0.0
-0.00025895919	-0.10707567	0.0
-0.00041462004	-0.17636797	0.0
-0.00058157789	-0.24364008	0.0
-0.00076404749	-0.3078641	0.0
-0.00095547526	-0.36873314	0.0
-0.0011598303	-0.42491543	0.0
-0.0013689541	-0.47548199	0.0
-0.0015758487	-0.51989877	0.0
-0.0017697925	-0.55772293	0.0
-0.0019525193	-0.58857805	0.0
-0.0021088414	-0.61220759	0.0
-0.002238129	-0.62857264	0.0
-0.0023401915	-0.63766325	0.0
-0.0024003633	-0.63948476	0.0
-0.0024350013	-0.63402373	0.0
-0.0024303538	-0.62125123	0.0
-0.0023946506	-0.60121512	0.0
-0.0023242377	-0.57389164	0.0
-0.0022236672	-0.53942901	0.0
-0.0020993573	-0.49804103	0.0
-0.0019401106	-0.45032248	0.0
-0.0017683686	-0.39672112	0.0
-0.0015688179	-0.33799687	0.0
-0.0013643712	-0.27521792	0.0
-0.0011421221	-0.20901972	0.0
-0.00091947033	-0.1405447	0.0
-0.00069176173	-0.070478611	0.0
-0.00046537057	0.00033008755	0.0
-0.00024517236	0.07107114	0.0
-3.0524727e-05	0.14118995	0.0
0.00017393733	0.20972216	0.0
0.00036723717	0.27588975	0.0
0.00054469315	0.33876953	0.0
0.00071175967	0.39742729	0.0
0.00085597159	0.45110047	0.0
0.00099151907	0.49892226	0.0
0.0011032277	0.54035217	0.0
0.0012015812	0.57492161	0.0
0.0012894771	0.60242546	0.0
0.0013564337	0.62263173	0.0
0.0014205913	0.63557714	0.0
0.0014726345	0.64124602	0.0
0.0015131354	0.6396367	0.0
0.0015508163	0.63073832	0.0
0.001581431	0.61452943	0.0
0.0016009667	0.59103531	0.0
0.0016067058	0.56028968	0.0
0.0016005798	0.52248389	0.0
0.0015717315	0.47788632	0.0
0.0015189474	0.42721039	0.0
0.0014450287	0.37095478	0.0
0.0013375367	0.30996138	0.0
0.001213324	0.24523529	0.0
0.0010582965	0.17755397	0.0
0.0008876815	0.10789275	0.0
0.00069696904	0.037073687	0.0
0.00049399293	-0.034039307	0.0
0.0002805065	-0.10481189	0.0
6.05026e-05	-0.17458008	0.0
-0.00016560548	-0.24234191	0.0
-0.00039262243	-0.30729187	0.0
-0.0006198943	-0.36849493	0.0
-0.00084927818	-0.42499384	0.0
-0.0010672465	-0.47615388	0.0
-0.0012828457	-0.52096063	0.0
-0.0014786369	-0.55916405	0.0
-0.0016668149	-0.59036678	0.0
-0.0018354778	-0.61428863	0.0
-0.0019842673	-0.63092387	0.0
-0.0021227696	-0.64024013	0.0
-0.0022337153	-0.64223957	0.0
-0.0023351961	-0.63692278	0.0
-0.0024179004	-0.62428004	0.0
-0.0024839833	-0.60430944	0.0
-0.0025328207	-0.57702935	0.0
-0.0025613818	-0.54262102	0.0
-0.0025770341	-0.50128263	0.0
-0.0025674375	-0.4534114	0.0
-0.0025441977	-0.39975819	0.0
-0.0025044039	-0.34097707	0.0
-0.0024415792	-0.27798453	0.0
-0.002369334	-0.21162662	0.0
-0.0022739714	-0.14293726	0.0
-0.002169545	-0.072704926	0.0
-0.0020448326	-0.0016382878	0.0
-0.0019034509	0.069129318	0.0
-0.0017439427	0.13930349	0.0
-0.0015649803	0.20790294	0.0
-0.001365326	0.27408797	0.0
-0.0011425189	0.3370212	0.0
-0.00089126744	0.39572299	0.0
-0.0006238526	0.44947952	0.0
-0.00034128537	0.49724069	0.0
-4.2420917e-05	0.5385794	0.0
0.0002468306	0.57316142	0.0
0.00054933969	0.60063267	0.0
0.00082555215	0.6208635	0.0
0.001096431	0.6338374	0.0
0.00134493	0.6395579	0.0
0.0015605212	0.63802391	0.0
0.0017645947	0.62924075	0.0
0.0019223071	0.61316776	0.0
0.0020605205	0.58983856	0.0
0.0021541079	0.55924702	0.0
0.0022118296	0.52169585	0.0
0.0022333022	0.47741818	0.0
0.0022054422	0.42693222	0.0
0.0021475528	0.37090901	0.0
0.0020497052	0.31009704	0.0
0.0019183196	0.24547328	0.0
0.0017724258	0.17790818	0.0
0.0015997678	0.10828526	0.0
0.0014220611	0.037488591	0.0
0.0012339251	-0.033653937	0.0
0.0010443716	-0.10454457	0.0
0.00085616455	-0.17431857	0.0
0.00067006581	-0.24220373	0.0
0.00049029832	-0.30723953	0.0
0.00031594574	-0.36853051	0.0
0.00014952829	-0.42515996	0.0
-9.2545015e-06	-0.47645193	0.0
-0.00015359864	-0.52145165	0.0
-0.00029118094	-0.55974692	0.0
-0.00041042516	-0.59105331	0.0
-0.00051903696	-0.6150279	0.0
-0.00062114641	-0.63170528	0.0
-0.00070659781	-0.64104593	0.0
-0.00079621089	-0.64304811	0.0
-0.00087085395	-0.63772368	0.0
-0.00094510172	-0.62504876	0.0
-0.001023202	-0.60504001	0.0
-0.001089651	-0.57772177	0.0
-0.0011541259	-0.54319614	0.0
-0.0012069024	-0.50175232	0.0
-0.0012540251	-0.45366102	0.0
-0.0012778401	-0.40003371	0.0
-0.0012926701	-0.34113616	0.0
-0.0012814224	-0.27782872	0.0
-0.0012491141	-0.21130894	0.0
-0.001199109	-0.14255853	0.0
-0.0011230615	-0.072212726	0.0
-0.0010340244	-0.0012567785	0.0
-0.00092839671	0.069782011	0.0
-0.00081510021	0.13998063	0.0
-0.00069721683	0.20873436	0.0
-0.00057950697	0.27506918	0.0
-0.00046495136	0.3381159	0.0
-0.00035999162	0.39702296	0.0
-0.00026331923	0.45089385	0.0
-0.00018113173	0.49895835	0.0
-0.00011015259	0.54060203	0.0
-4.721868e-05	0.57536292	0.0
-9.3462295e-06	0.60302335	0.0
3.2220869e-05	0.62343228	0.0
5.0092462e-05	0.63650775	0.0
6.5451757e-05	0.64227247	0.0
7.8269994e-05	0.64074308	0.0
7.4059077e-05	0.63190359	0.0
7.938419e-05	0.61574119	0.0
7.2511371e-05	0.59223175	0.0
6.4149877e-05	0.5614323	0.0
6.1210536e-05	0.52366245	0.0
3.9605078e-05	0.47907722	0.0
2.9039144e-05	0.4283165	0.0
3.3252418e-06	0.37198791	0.0
-1.9515475e-05	0.3110511	0.0
-5.3884407e-05	0.24623913	0.0
-9.2728464e-05	0.17848098	0.0
-0.00014167282	0.10889001	0.0
-0.00020091589	0.038117994	0.0
-0.00026309528	-0.032997943	0.0
-0.00033256569	-0.10376319	0.0
-0.00040436865	-0.1733872	0.0
-0.00047356644	-0.24098623	0.0
-0.00054200413	-0.30571327	0.0
-0.00060274219	-0.36671209	0.0
-0.00065400696	-0.42307279	0.0
-0.0006983176	-0.47401193	0.0
-0.00072563073	-0.51883525	0.0
-0.00074734143	-0.55698252	0.0
-0.00075421005	-0.5882144	0.0
-0.00075434003	-0.61217028	0.0
-0.00074833271	-0.62890321	0.0
-0.00072998583	-0.63838768	0.0
-0.00071520259	-0.64059538	0.0
-0.00069161569	-0.63554245	0.0
-0.00066528801	-0.62319493	0.0
-0.00063953816	-0.60355628	0.0
-0.00060809613	-0.57659793	0.0
-0.00058089895	-0.54249442	0.0
-0.0005483058	-0.50141913	0.0
-0.00051103317	-0.45381343	0.0
-0.00047608654	-0.40033644	0.0
-0.00043761753	-0.34165794	0.0
-0.0003970183	-0.27869612	0.0
-0.00035272993	-0.21233954	0.0
-0.00030601068	-0.14359567	0.0
-0.00025017437	-0.073230878	0.0
-0.00018320137	-0.0020440568	0.0
-9.9884594e-05	0.068871006	0.0
1.9382519e-06	0.13919383	0.0
0.00012750454	0.20801429	0.0
0.00028046401	0.2743904	0.0
0.00045895969	0.33746955	0.0
0.00066134584	0.39629564	0.0
0.00089107425	0.45004731	0.0
0.0011277535	0.49806321	0.0
0.0013799677	0.53945833	0.0
0.0016248542	0.57405901	0.0
0.0018668541	0.60153043	0.0
0.0020940821	0.62175453	0.0
0.0022987241	0.63469732	0.0
0.0024911663	0.640356	0.0
0.0026481664	0.63875324	0.0
0.0027897507	0.62987769	0.0
0.0029047432	0.61369729	0.0
0.0029791088	0.59023803	0.0
0.0030360583	0.55955279	0.0
0.0030429168	0.52176905	0.0
0.003026922	0.47740677	0.0
0.0029657432	0.42677814	0.0
0.0028733169	0.37063071	0.0
0.0027479611	0.30974519	0.0
0.0025931811	0.24495749	0.0
0.0024147842	0.17747264	0.0
0.0022132606	0.10782713	0.0
0.00199399	0.037167374	0.0
0.0017565482	-0.033889476	0.0
0.0015063314	-0.10455865	0.0
0.0012368109	-0.17411132	0.0
0.00095518178	-0.24171463	0.0
0.00065898185	-0.3064298	0.0
0.0003605407	-0.36739179	0.0
5.1618827e-05	-0.42376602	0.0
-0.00024598127	-0.47458896	0.0
-0.00053742994	-0.51924968	0.0
-0.00080512714	-0.55730969	0.0
-0.0010430294	-0.58829534	0.0
-0.0012580162	-0.61210966	0.0
-0.0014380268	-0.62866074	0.0
-0.0015837764	-0.637918	0.0
-0.0017078832	-0.63988823	0.0
-0.0017883366	-0.63459057	0.0
-0.0018576772	-0.62200296	0.0
-0.0018902004	-0.60213095	0.0
-0.0019055688	-0.57498389	0.0
-0.0018983469	-0.54064381	0.0
-0.0018640452	-0.49952134	0.0
-0.0018068616	-0.45189926	0.0
-0.0017289661	-0.39844045	0.0
-0.0016245329	-0.33988962	0.0
-0.001505926	-0.27713329	0.0
-0.0013669006	-0.21102011	0.0
-0.0012148861	-0.14258097	0.0
-0.0010529394	-0.07256373	0.0
-0.00088780146	-0.0018708005	0.0
-0.00072128553	0.068835445	0.0
-0.00055784348	0.13885383	0.0
-0.00039909966	0.20740192	0.0
-0.00024793891	0.27368578	0.0
-0.0001032082	0.33666635	0.0
3.4636214e-05	0.39555702	0.0
0.00016750714	0.44943973	0.0
0.00029540807	0.49755904	0.0
0.00041455968	0.53935361	0.0
0.00053769856	0.57417208	0.0
0.00064540992	0.60194743	0.0
0.00075855968	0.6224916	0.0
0.00086799165	0.63574165	0.0
0.00097067148	0.64170998	0.0
0.0010848686	0.64039069	0.0
0.001185084	0.63176805	0.0
0.0012970866	0.61576134	0.0
0.0014012426	0.59255916	0.0
0.0014962081	0.5620259	0.0
0.0015835054	0.5243274	0.0
0.0016464007	0.47991815	0.0
0.0016840067	0.42923376	0.0
0.0016911607	0.37313044	0.0
0.0016583343	0.31217539	0.0
0.001587903	0.24736083	0.0
0.0014800521	0.17955942	0.0
0.001336999	0.10989621	0.0
0.0011636497	0.039009575	0.0
0.00096515846	-0.032234736	0.0
0.00074720103	-0.10316145	0.0
0.00051724404	-0.17299566	0.0
0.00028000039	-0.2408538	0.0
4.2436801e-05	-0.30587119	0.0
-0.00019332318	-0.36711466	0.0
-0.00041741296	-0.42373967	0.0
-0.00063079083	-0.47487882	0.0
-0.00082237576	-0.51987314	0.0
-0.00098815036	-0.5581848	0.0
-0.0011333079	-0.58952409	0.0
-0.0012436556	-0.61355543	0.0
-0.0013331309	-0.63033968	0.0
-0.001390646	-0.6397832	0.0
-0.0014230893	-0.64191949	0.0
-0.0014385089	-0.636747	0.0
-0.0014249828	-0.62425607	0.0
-0.0013970498	-0.60442966	0.0
-0.0013593422	-0.5772962	0.0
-0.0012951781	-0.54292434	0.0
-0.0012360205	-0.50175542	0.0
-0.0011527638	-0.45402858	0.0
-0.0010738644	-0.40044719	0.0
-0.00098249665	-0.34168461	0.0
-0.0008804861	-0.27878019	0.0
-0.00078531232	-0.21245673	0.0
-0.00067074492	-0.14356825	0.0
-0.00056270941	-0.073485695	0.0
-0.00044285433	-0.0024646246	0.0
-0.00031953715	0.068385474	0.0
-0.00018554267	0.13856928	0.0
-4.4650686e-05	0.20722254	0.0
0.00011140532	0.27346978	0.0
0.00027506892	0.33644533	0.0
0.0004557659	0.39531359	0.0
0.00064337393	0.44898537	0.0
0.00083523605	0.49683702	0.0
0.0010307657	0.53839397	0.0
0.0012088566	0.57302326	0.0
0.0013870776	0.6005618	0.0
0.0015300272	0.62089556	0.0
0.0016589465	0.63394469	0.0
0.0017563245	0.63971597	0.0
0.0018208665	0.638219	0.0
0.0018622063	0.62944013	0.0
0.0018655052	0.6133635	0.0
0.0018345856	0.58999848	0.0
0.0017732709	0.55940753	0.0
0.0016769605	0.5217604	0.0
0.0015469613	0.47745657	0.0
0.0013881647	0.426934	0.0
0.0011979432	0.37090278	0.0
0.00098902581	0.31019771	0.0
0.00075992837	0.24559349	0.0
0.00052278623	0.17833713	0.0
0.00027184168	0.10885516	0.0
2.2559529e-05	0.038403206	0.0
-0.00022835078	-0.03252783	0.0
-0.00047714525	-0.10309782	0.0
-0.00072087068	-0.17264397	0.0
-0.00095621601	-0.2403255	0.0
-0.0011823549	-0.30531707	0.0
-0.0013945743	-0.36644894	0.0
-0.001594087	-0.42301753	0.0
-0.0017715731	-0.47422966	0.0
-0.0019261435	-0.51934654	0.0
-0.0020562322	-0.55775267	0.0
-0.0021590388	-0.5891794	0.0
-0.0022369402	-0.61339706	0.0
-0.0022907653	-0.63031614	0.0
-0.0023189462	-0.63991404	0.0
-0.0023285544	-0.64220291	0.0
-0.0023206677	-0.63716471	0.0
-0.0022928102	-0.6248185	0.0
-0.0022516255	-0.6051318	0.0
-0.0021951296	-0.57813472	0.0
-0.0021157875	-0.54392642	0.0
-0.0020202694	-0.50274837	0.0
-0.0019035459	-0.45522481	0.0
-0.0017612955	-0.40172285	0.0
-0.0016023668	-0.34309405	0.0
-0.0014201886	-0.28019375	0.0
-0.001219895	-0.21394832	0.0
-0.0010024642	-0.14524685	0.0
-0.00077635475	-0.075045004	0.0
-0.00053893839	-0.0040918295	0.0
-0.00030085607	0.066916682	0.0
-6.251048e-05	0.13710503	0.0
0.00016889036	0.20575862	0.0
0.00039426424	0.27222934	0.0
0.00060822122	0.33528882	0.0
0.00081060571	0.39421612	0.0
0.00099912833	0.44815969	0.0
0.0011748595	0.49633858	0.0
0.0013339778	0.53813696	0.0
0.0014798261	0.57311893	0.0
0.001607382	0.60100693	0.0
0.0017180422	0.62164527	0.0
0.0018219702	0.63501495	0.0
0.0019065222	0.64107305	0.0
0.0019841744	0.63984162	0.0
0.0020528673	0.63131911	0.0
0.0021082677	0.61549664	0.0
0.0021606202	0.59234279	0.0
0.0021996396	0.56193459	0.0
0.0022190004	0.52446872	0.0
0.0022231482	0.48020023	0.0
0.0022036317	0.42980367	0.0
0.0021523375	0.37380323	0.0
0.0020764237	0.3130478	0.0
0.0019665423	0.24841315	0.0
0.0018292679	0.18089718	0.0
0.0016632678	0.11130043	0.0
0.001478394	0.040441129	0.0
0.0012697803	-0.030597739	0.0
0.001050235	-0.10147724	0.0
0.00081430998	-0.17124557	0.0
0.00057107565	-0.23909023	0.0
0.00031516279	-0.30409053	0.0
5.3362244e-05	-0.36535943	0.0
-0.00021280131	-0.42199713	0.0
-0.00047832087	-0.47315353	0.0
-0.00074592081	-0.51814097	0.0
-0.00099897198	-0.5564568	0.0
-0.0012414504	-0.58769405	0.0
-0.0014694675	-0.6116879	0.0
-0.0016735961	-0.62841421	0.0
-0.0018649085	-0.63771141	0.0
-0.0020274753	-0.63969523	0.0
-0.0021801323	-0.63435662	0.0
-0.0023021395	-0.62172085	0.0
-0.0024115697	-0.60175461	0.0
-0.0024942288	-0.57451266	0.0
-0.0025544153	-0.54009008	0.0
-0.0025886791	-0.49887624	0.0
-0.0025898935	-0.45115128	0.0
-0.0025656661	-0.39754975	0.0
-0.002502504	-0.33900729	0.0
-0.0024088523	-0.27613968	0.0
-0.0022841713	-0.21006238	0.0
-0.0021288595	-0.14151756	0.0
-0.0019485708	-0.071608409	0.0
-0.001747434	-0.00090853084	0.0
-0.0015260146	0.069701381	0.0
-0.0012870246	0.13957863	0.0
-0.0010337635	0.20792556	0.0
-0.00076396734	0.27387452	0.0
-0.00048066664	0.33653584	0.0
-0.00017940439	0.39508814	0.0
0.00012790275	0.44853747	0.0
0.0004496139	0.49619427	0.0
0.00076939876	0.537516	0.0
0.001091414	0.5720703	0.0
0.0014023194	0.59950662	0.0
0.0016947156	0.61979169	0.0
0.001974782	0.63285255	0.0
0.0022209436	0.63869447	0.0
0.0024493297	0.63731658	0.0
0.002638818	0.62871814	0.0
0.0027934201	0.61285591	0.0
0.0029140259	0.58974177	0.0
0.0029761011	0.55938816	0.0
0.0030049419	0.52203614	0.0
0.002971906	0.4779222	0.0
0.0028987229	0.42759073	0.0
0.0027691193	0.37173253	0.0
0.0025949411	0.31112719	0.0
0.0023885572	0.246665	0.0
0.0021384193	0.17924426	0.0
0.0018707025	0.10992479	0.0
0.0015705985	0.039354991	0.0
0.0012580216	-0.031687442	0.0
0.0009278318	-0.10217935	0.0
0.00058541482	-0.17170343	0.0
0.00023142764	-0.23930043	0.0
-0.00012725887	-0.30410805	0.0
-0.00048696762	-0.36517996	0.0
-0.00084559678	-0.42167091	0.0
-0.0011897299	-0.47276562	0.0
-0.0015210538	-0.51772249	0.0
-0.0018248569	-0.55607629	0.0
-0.0021035252	-0.58736616	0.0
-0.0023465534	-0.61149138	0.0
-0.0025584733	-0.62836552	0.0
-0.0027339263	-0.6379379	0.0
-0.0028756501	-0.64024019	0.0
-0.0029839585	-0.63526779	0.0
-0.0030542477	-0.62299955	0.0
-0.003096597	-0.60342234	0.0
-0.0031006364	-0.57655704	0.0
-0.0030735203	-0.54246163	0.0
-0.0030060406	-0.5015617	0.0
-0.0029126175	-0.45409513	0.0
-0.0027866261	-0.40070429	0.0
-0.0026315693	-0.34213832	0.0
-0.0024586557	-0.27931848	0.0
-0.002267919	-0.21308713	0.0
-0.002069961	-0.14426775	0.0
-0.0018604104	-0.074082859	0.0
-0.0016478144	-0.0029619473	0.0
-0.0014328902	0.068043396	0.0
-0.0012151231	0.13838367	0.0
-0.00098968111	0.20719503	0.0
-0.00075898622	0.27356815	0.0
-0.00051548867	0.33660918	0.0
-0.00026089288	0.39557809	0.0
9.5807973e-06	0.44928768	0.0
0.00028959932	0.49718642	0.0
0.00058167853	0.53863925	0.0
0.00087868707	0.57332164	0.0
0.0011737266	0.60082585	0.0
0.0014726036	0.62113899	0.0
0.0017574551	0.63417184	0.0
0.0020423217	0.63992298	0.0
0.0023070497	0.63840324	0.0
0.0025692626	0.62960517	0.0
0.0028073494	0.61350209	0.0
0.0030233173	0.59010464	0.0
0.0032212811	0.55945736	0.0
0.0033691216	0.52173138	0.0
0.0034901076	0.47745648	0.0
0.003555472	0.42686608	0.0
0.0035716696	0.37082645	0.0
0.003538857	0.30996493	0.0
0.0034467811	0.24538292	0.0
0.0033181526	0.17789759	0.0
0.00313809	0.10835973	0.0
0.0029206423	0.037717771	0.0
0.0026692539	-0.033422325	0.0
0.0023838449	-0.10401578	0.0
0.0020664318	-0.17356639	0.0
0.0017213895	-0.24123925	0.0
0.0013469699	-0.30601913	0.0
0.0009442076	-0.36708295	0.0
0.00052342197	-0.42354912	0.0
8.5301923e-05	-0.47456875	0.0
-0.00034793373	-0.51961637	0.0
-0.00077874563	-0.55782562	0.0
-0.0011922265	-0.58911812	0.0
-0.0015672162	-0.61323506	0.0
-0.0019305195	-0.63008904	0.0
-0.002232319	-0.6396454	0.0
-0.0025132832	-0.64192057	0.0
-0.0027450407	-0.63692176	0.0
-0.0029294738	-0.62462181	0.0
-0.0030874936	-0.60502565	0.0
-0.0031788491	-0.57813096	0.0
-0.003245845	-0.54402274	0.0
-0.0032474387	-0.50307518	0.0
-0.0032086512	-0.45558599	0.0
-0.0031220638	-0.40219375	0.0
-0.0029896526	-0.34364393	0.0
-0.0028217221	-0.28078532	0.0
-0.0026146604	-0.21452627	0.0
-0.0023862296	-0.14592354	0.0
-0.0021333057	-0.075685084	0.0
-0.0018642826	-0.0047515603	0.0
-0.0015836112	0.066172771	0.0
-0.0012920027	0.13643479	0.0
-0.00098900846	0.20519437	0.0
-0.00067854446	0.27165821	0.0
-0.00035683467	0.33483005	0.0
-2.8178782e-05	0.39384693	0.0
0.00029836065	0.44801044	0.0
0.00063315482	0.49609089	0.0
0.00094852579	0.53809381	0.0
0.0012547773	0.57305986	0.0
0.0015367804	0.60094732	0.0
0.0017789552	0.62161344	0.0
0.0020132144	0.63495791	0.0
0.0021833165	0.64105868	0.0
0.002339446	0.63988799	0.0
0.0024484431	0.63142669	0.0
0.0025183728	0.61569226	0.0
0.0025630577	0.59264034	0.0
0.0025468783	0.56232136	0.0
0.0025186581	0.52499032	0.0
0.0024293896	0.48085213	0.0
0.0023161331	0.43049553	0.0
0.0021715921	0.3744998	0.0
0.0019892922	0.31380913	0.0
0.001806141	0.24922004	0.0
0.0015918987	0.18153609	0.0
0.0013861744	0.11206594	0.0
0.0011708224	0.041206565	0.0
0.00096478476	-0.030026481	0.0
0.00076453196	-0.10093138	0.0
0.00057712005	-0.17091237	0.0
0.00039741423	-0.23877342	0.0
0.00023306448	-0.30394351	0.0
7.0513292e-05	-0.36537203	0.0
-8.4490865e-05	-0.42216524	0.0
-0.00022718331	-0.47353289	0.0
-0.00037783265	-0.51872289	0.0
-0.00051788607	-0.55726117	0.0
-0.00065827678	-0.58874381	0.0
-0.00080572173	-0.61304855	0.0
-0.00094205712	-0.63000637	0.0
-0.0010930445	-0.63965529	0.0
-0.0012366977	-0.64199603	0.0
-0.0013943011	-0.63702255	0.0
-0.0015449048	-0.62471092	0.0
-0.0017009361	-0.60509956	0.0
-0.0018548043	-0.57814997	0.0
-0.0019868696	-0.54399753	0.0
-0.0021089534	-0.50293303	0.0
-0.0021992708	-0.45531607	0.0
-0.0022622494	-0.40188301	0.0
-0.002287925	-0.34321973	0.0
-0.0022765014	-0.28029272	0.0
-0.0022265334	-0.21384867	0.0
-0.0021449842	-0.14511073	0.0
-0.0020348092	-0.074684091	0.0
-0.001892022	-0.0035865931	0.0
-0.0017284886	0.067551173	0.0
-0.001542144	0.13807277	0.0
-0.0013348493	0.20707606	0.0
-0.0011110697	0.27372214	0.0
-0.00087046914	0.33708069	0.0
-0.00061149616	0.39622825	0.0
-0.00034068563	0.45038775	0.0
-6.0777973e-05	0.49880648	0.0
0.00022349693	0.54070234	0.0
0.00050266302	0.57574284	0.0
0.00077440607	0.60362947	0.0
0.0010321381	0.62428343	0.0
0.0012689765	0.63757682	0.0
0.0014922499	0.64356899	0.0
0.0016896995	0.64222974	0.0
0.0018691309	0.63355684	0.0
0.0020239658	0.61754847	0.0
0.0021609731	0.594212	0.0
0.0022728411	0.5636034	0.0
0.002358516	0.52588874	0.0
0.0024302811	0.48141029	0.0
0.0024680733	0.43059623	0.0
0.0024810133	0.37443906	0.0
0.002477499	0.31345907	0.0
0.0024406118	0.24860559	0.0
0.0023953414	0.18088703	0.0
0.0023228806	0.11110359	0.0
0.0022342131	0.040221494	0.0
0.0021301997	-0.031110205	0.0
0.0020094656	-0.10183671	0.0
0.001867111	-0.17158234	0.0
0.0017060216	-0.23941174	0.0
0.0015190885	-0.30441025	0.0
0.0013076192	-0.36567301	0.0
0.0010738713	-0.42231661	0.0
0.00081493042	-0.47350949	0.0
0.00054311508	-0.51866323	0.0
0.00025739727	-0.55704296	0.0
-2.8208204e-05	-0.58845741	0.0
-0.00031248713	-0.61267316	0.0
-0.00059429993	-0.629556	0.0
-0.00085490709	-0.63916141	0.0
-0.0011155929	-0.64146596	0.0
-0.0013474197	-0.63648981	0.0
-0.0015709316	-0.62416941	0.0
-0.0017723163	-0.6045652	0.0
-0.0019418618	-0.5776282	0.0
-0.0020913833	-0.54352009	0.0
-0.0021962915	-0.50245935	0.0
-0.0022632133	-0.45488888	0.0
-0.0022829121	-0.40134776	0.0
-0.0022569941	-0.34267926	0.0
-0.0021888481	-0.27960142	0.0
-0.0020723699	-0.21337841	0.0
-0.0019259314	-0.14452095	0.0
-0.0017418904	-0.074219152	0.0
-0.0015354997	-0.0030929577	0.0
-0.0013111288	0.067996018	0.0
-0.0010698856	0.1384512	0.0
-0.00081866718	0.20737042	0.0
-0.00056194951	0.27397215	0.0
-0.00030074888	0.337266	0.0
-3.7892343e-05	0.39647755	0.0
0.00021930244	0.4505254	0.0
0.00048043995	0.49874848	0.0
0.00072664744	0.5406214	0.0
0.00096445321	0.57564753	0.0
0.0011824977	0.60349	0.0
0.0013799471	0.62411457	0.0
0.0015676591	0.63746274	0.0
0.0017216839	0.64353389	0.0
0.0018665991	0.64231348	0.0
0.0019829457	0.63380635	0.0
0.0020863838	0.61798871	0.0
0.0021712263	0.59485734	0.0
0.0022291893	0.56444824	0.0
0.0022880204	0.52704847	0.0
0.0023122365	0.48284969	0.0
0.0023377093	0.43244165	0.0
0.0023397561	0.37656182	0.0
0.0023306317	0.31591383	0.0
0.0023145694	0.25140423	0.0
0.0022805617	0.18372145	0.0
0.0022370636	0.11451586	0.0
0.0021772585	0.04388842	0.0
0.0021002369	-0.027401658	0.0
0.0020018828	-0.097962782	0.0
0.0018752289	-0.16756395	0.0
0.0017195711	-0.23522781	0.0
0.0015306857	-0.30014512	0.0
0.0013035956	-0.36128253	0.0
0.0010437781	-0.41781941	0.0
0.00076034898	-0.46897474	0.0
0.00044578299	-0.51401508	0.0
0.00013515647	-0.55244273	0.0
-0.00019226545	-0.58383173	0.0
-0.00050091353	-0.60810292	0.0
-0.00079921837	-0.62501377	0.0
-0.0010850058	-0.63463295	0.0
-0.0013327916	-0.63695914	0.0
-0.0015733792	-0.63197511	0.0
-0.001773256	-0.61964452	0.0
-0.0019503937	-0.60004228	0.0
-0.0020983093	-0.573098	0.0
-0.002202611	-0.5389654	0.0
-0.0022852202	-0.4978483	0.0
-0.0023200985	-0.45021516	0.0
-0.0023271092	-0.39664313	0.0
-0.0022929211	-0.33783469	0.0
-0.0022287795	-0.27483138	0.0
-0.0021360072	-0.20827587	0.0
-0.0020176538	-0.13938411	0.0
-0.0018763021	-0.068874672	0.0
-0.001717273	0.0024113113	0.0
-0.00154353	0.07370878	0.0
-0.0013503089	0.14432856	0.0
-0.0011439895	0.213384	0.0
-0.0009189992	0.28018749	0.0
-0.00068343157	0.34369037	0.0
-0.00042684312	0.40307194	0.0
-0.00016478117	0.45748931	0.0
0.00011250363	0.50618738	0.0
0.00038920989	0.54855245	0.0
0.00066298991	0.584167	0.0
0.00093641062	0.61263686	0.0
0.0011826968	0.63391626	0.0
0.0014320221	0.64797628	0.0
0.0016462231	0.65477955	0.0
0.0018518892	0.6543473	0.0
0.0020382178	0.64667875	0.0
0.0021872877	0.63174927	0.0
0.0023387924	0.60958809	0.0
0.0024319463	0.58020538	0.0
0.0025258933	0.54387093	0.0
0.0025637506	0.50079906	0.0
0.0025699157	0.45161071	0.0
0.0025478753	0.39693344	0.0
0.0024744566	0.33744115	0.0
0.0023848435	0.27442691	0.0
0.0022498751	0.20834826	0.0
0.002095208	0.14039612	0.0
0.0019163557	0.071285248	0.0
0.0017128821	0.0017971692	0.0
0.0014914841	-0.067251101	0.0
0.0012470954	-0.13535377	0.0
0.00098432833	-0.20144172	0.0
0.00069925527	-0.26486987	0.0
0.00040061219	-0.32459706	0.0
7.839741e-05	-0.37980428	0.0
-0.00023754105	-0.42969275	0.0
-0.00056728633	-0.4735536	0.0
-0.00087548193	-0.51094657	0.0
-0.0011704157	-0.541614	0.0
-0.0014447618	-0.56531799	0.0
-0.0016807244	-0.58221769	0.0
-0.0018901345	-0.59241849	0.0
-0.0020619149	-0.59609187	0.0
-0.0022007467	-0.59342718	0.0
-0.0023039232	-0.58461493	0.0
-0.0023696506	-0.5698778	0.0
-0.0024043634	-0.54939634	0.0
-0.0023978166	-0.5234108	0.0
-0.0023651405	-0.49222735	0.0
-0.0022957001	-0.45615613	0.0
-0.0021998514	-0.41559705	0.0
-0.0020776594	-0.37100008	0.0
-0.0019345426	-0.32287335	0.0
-0.0017814512	-0.27181423	0.0
-0.0016143272	-0.21847746	0.0
-0.0014495269	-0.16365662	0.0
-0.0012828612	-0.10821763	0.0
-0.0011215499	-0.05323974	0.0
-0.00096776395	0.00059085997	0.0
-0.00082331017	0.052367084	0.0
-0.00068861002	0.10132615	0.0
-0.00056746916	0.14685059	0.0
-0.00045705761	0.18832593	0.0
-0.00036068616	0.22536913	0.0
-0.00027957684	0.2574026	0.0
-0.00020913061	0.28423536	0.0
-0.00015653565	0.30555278	0.0
-0.00011264655	0.32106742	0.0
-8.1412822e-05	0.3307319	0.0
-5.6793957e-05	0.33456048	0.0
-3.8250429e-05	0.33280188	0.0
-2.4613008e-05	0.32584012	0.0
-4.36549e-06	0.31424436	0.0
7.4790951e-06	0.29861814	0.0
2.7702356e-05	0.27960974	0.0
4.207898e-05	0.2578679	0.0
5.3266696e-05	0.23401174	0.0
6.3848427e-05	0.20871128	0.0
6.8842673e-05	0.18248257	0.0
7.4530268e-05	0.15607214	0.0
7.4716001e-05	0.13016602	0.0
7.4877629e-05	0.10550733	0.0
7.5552452e-05	0.082702748	0.0
7.4242424e-05	0.062221218	0.0
7.5469456e-05	0.044363413	0.0
7.1372087e-05	0.029180517	0.0
6.4653825e-05	0.016604021	0.0
5.2904681e-05	0.006445861	0.0
3.6212747e-05	-0.0016083862	0.0
1.1921295e-05	-0.0078549506	0.0
-1.8161674e-05	-0.01259876	0.0
-5.1715477e-05	-0.016119409	0.0
-8.9200788e-05	-0.018655796	0.0
-0.00012566934	-0.020430701	0.0
-0.00015996903	-0.021607984	0.0
-0.00018622495	-0.02233877	0.0
-0.00020336687	-0.022735877	0.0
-0.00021082519	-0.02289211	0.0
-0.00020570171	-0.022873811	0.0
-0.00019074752	-0.02273375	0.0
-0.00016781426	-0.022504684	0.0
-0.00014081845	-0.022207946	0.0
-0.0001132293	-0.021850046	0.0
-8.9072346e-05	-0.021436712	0.0
-7.4695527e-05	-0.020963153	0.0
-7.3487296e-05	-0.020425564	0.0
-8.4486979e-05	-0.019820964	0.0
-0.00011466989	-0.01915529	0.0
-0.00015157611	-0.018438535	0.0
-0.00019762621	-0.01768058	0.0
-0.00024035983	-0.016896784	0.0
-0.00027743698	-0.016114566	0.0
-0.00029976008	-0.015347809	0.0
-0.00030685216	-0.014603623	0.0
-0.00029581873	-0.013894745	0.0
-0.00027127264	-0.013226394	0.0
-0.00023505875	-0.012599215	0.0
-0.00019121326	-0.012004548	0.0
-0.00014471171	-0.011444412	0.0
-9.8892451e-05	-0.010916562	0.0
-5.5248463e-05	-0.01041633	0.0
-1.8530334e-05	-0.0099381851	0.0
1.4608578e-05	-0.0094822142	0.0
4.1281652e-05	-0.0090484144	0.0
6.1828578e-05	-0.0086345626	0.0
7.914794e-05	-0.0082392031	0.0
8.9311972e-05	-0.0078613497	0.0
9.7740893e-05	-0.0075028273	0.0
0.00010213189	-0.0071586063	0.0
0.00010421145	-0.0068329894	0.0
0.00010525392	-0.0065204431	0.0
0.00010271765	-0.0062254909	0.0
9.9949e-05	-0.005944856	0.0
9.671825e-05	-0.0056788474	0.0
9.3718918e-05	-0.0054259067	0.0
8.9335008e-05	-0.0051850611	0.0
8.5989937e-05	-0.004957377	0.0
7.9876256e-05	-0.0047428948	0.0
7.6183758e-05	-0.0045343698	0.0
7.2493436e-05	-0.0043400382	0.0
6.7879846e-05	-0.0041551394	0.0
6.2803105e-05	-0.0039787209	0.0
5.9688839e-05	-0.0038118996	0.0
5.4958611e-05	-0.0036525985	0.0
5.1498519e-05	-0.0035010066	0.0
4.6767887e-05	-0.0033580114	0.0
4.4114695e-05	-0.0032203828	0.0
4.1346546e-05	-0.0030902883	0.0
3.8001548e-05	-0.0029663772	0.0
3.5233639e-05	-0.002847265	0.0
3.211942e-05	-0.0027365161	0.0
3.0505189e-05	-0.0026293267	0.0
2.7968499e-05	-0.0025270691	0.0
2.4392362e-05	-0.0024301738	0.0
2.4624147e-05	-0.0023369524	0.0
2.2779237e-05	-0.0022482413	0.0
2.0818939e-05	-0.0021635261	0.0
1.9550922e-05	-0.0020827886	0.0
1.7013766e-05	-0.0020050616	0.0
1.6783637e-05	-0.001930617	0.0
1.3208308e-05	-0.0018605634	0.0
1.4710662e-05	-0.0017938139	0.0
1.2056568e-05	-0.0017282987	0.0
1.090485e-05	-0.0016666115	0.0
9.5218402e-06	-0.0016084933	0.0
9.639466e-06	-0.0015512087	0.0
9.0630383e-06	-0.0014976141	0.0
7.4487398e-06	-0.0014455201	0.0
6.4117507e-06	-0.0013950685	0.0
5.4906623e-06	-0.0013485935	0.0
5.3769409e-06	-0.0013025373	0.0
4.221929e-06	-0.0012586759	0.0
2.262876e-06	-0.0012164456	0.0
2.2665488e-06	-0.0011762814	0.0
2.0371194e-06	-0.0011368082	0.0
2.3855991e-06	-0.0011000843	0.0
2.1536446e-06	-0.001064586	0.0
1.001903e-06	-0.0010304545	0.0
7.7249933e-07	-0.00099646626	0.0
-3.8011089e-07	-0.00096549338	0.0
-8.4117039e-07	-0.00093423139	0.0
-1.9904428e-06	-0.00090448454	0.0
-1.1828776e-06	-0.00087638455	0.0
-3.0308213e-06	-0.00084911525	0.0
-2.9055923e-06	-0.00082307524	0.0
-1.9842428e-06	-0.00079798925	0.0
-2.4447245e-06	-0.00077290385	0.0
-2.0974276e-06	-0.00074906746	0.0
-2.7882613e-06	-0.00072714599	0.0
-2.2067222e-06	-0.0007061761	0.0
-2.0935961e-06	-0.00068451808	0.0
-2.9019739e-06	-0.00066464982	0.0
-3.8223952e-06	-0.0006447715	0.0
-4.0482578e-06	-0.00062558928	0.0
-3.8172579e-06	-0.00060845882	0.0
-4.5117458e-06	-0.00059023296	0.0
-5.1977131e-06	-0.00057406491	0.0
-4.6194987e-06	-0.00055625057	0.0
-5.0802605e-06	-0.00054076983	0.0
-4.7317158e-06	-0.00052651833	0.0
-5.6608101e-06	-0.00051185425	0.0
-7.1510644e-06	-0.0004966511	0.0
-5.415035e-06	-0.00048349556	0.0
-5.7694178e-06	-0.00046951513	0.0
-6.6840557e-06	-0.00045622	0.0
-5.5297778e-06	-0.00044266216	0.0
-6.4535589e-06	-0.00043238775	0.0
-5.9879862e-06	-0.00042032445	0.0
-6.3338011e-06	-0.0004088202	0.0
-5.9848103e-06	-0.00039799532	0.0
-5.8671349e-06	-0.0003873138	0.0
-5.4070265e-06	-0.00037826883	0.0
-6.4432279e-06	-0.00036757902	0.0
-5.630829e-06	-0.00035840011	0.0
-5.6326244e-06	-0.00034798676	0.0
-6.0936327e-06	-0.00033949481	0.0
-6.5504687e-06	-0.00033044879	0.0
-5.3918534e-06	-0.00032195623	0.0
-5.1680681e-06	-0.00031414788	0.0
-7.3576875e-06	-0.00030592887	0.0
-6.7731962e-06	-0.00029853304	0.0
-5.9656027e-06	-0.00029058685	0.0
-5.9668932e-06	-0.00028291604	0.0
-7.0029187e-06	-0.00027634136	0.0
-6.3054185e-06	-0.00026976038	0.0
-5.6148292e-06	-0.00026126581	0.0
-6.4215242e-06	-0.0002560695	0.0
-6.4192423e-06	-0.00025140436	0.0
-6.9952903e-06	-0.00024277459	0.0
-7.107943e-06	-0.0002385307	0.0
-7.2227231e-06	-0.00023085793	0.0
-7.5658927e-06	-0.00022661645	0.0
-6.7568894e-06	-0.00022086283	0.0
-7.2174503e-06	-0.00021593244	0.0
-6.7531355e-06	-0.00021045229	0.0
-6.5228041e-06	-0.00020497256	0.0
-7.9057609e-06	-0.00020086423	0.0
-7.440447e-06	-0.00019647929	0.0
-6.8622189e-06	-0.00019154954	0.0
-6.2843437e-06	-0.00018757775	0.0
-6.6297221e-06	-0.00018278279	0.0
-6.7426222e-06	-0.00017826424	0.0
-6.2793761e-06	-0.00017415543	0.0
-6.3941447e-06	-0.00017032176	0.0
-6.969135e-06	-0.00016648689	0.0
-6.7365941e-06	-0.00016251348	0.0
-6.850034e-06	-0.0001582683	0.0
-6.3876464e-06	-0.00015552953	0.0
-7.1941063e-06	-0.00015155748	0.0
-6.728992e-06	-0.00014895621	0.0
-6.2668628e-06	-0.00014525853	0.0
-6.2657077e-06	-0.00014252101	0.0
-5.8001469e-06	-0.00013923513	0.0
-4.3007799e-06	-0.00013622092	0.0
-5.8008468e-06	-0.00013129089	0.0
-5.4497514e-06	-0.00012965272	0.0
-4.5271167e-06	-0.0001274588	0.0
-5.4488405e-06	-0.0001236246	0.0
-4.9848422e-06	-0.00012157476	0.0
-5.4458383e-06	-0.00011993141	0.0
-5.9067979e-06	-0.00011678207	0.0
-7.0572055e-06	-0.00011431743	0.0
-5.6702124e-06	-0.00011048266	0.0
-6.1319488e-06	-0.00010815815	0.0
-6.0136254e-06	-0.00010624202	0.0
-5.5511432e-06	-0.00010405285	0.0
-5.7799534e-06	-0.00010254627	0.0
-4.9700097e-06	-9.8848985e-05	0.0
-4.8544134e-06	-9.7757562e-05	0.0
-4.7349627e-06	-9.5840114e-05	0.0
-3.4663954e-06	-9.4061361e-05	0.0
-4.8503389e-06	-9.1735012e-05	0.0
-4.2697843e-06	-9.0643858e-05	0.0
-4.6167261e-06	-8.9547648e-05	0.0
-5.4222337e-06	-8.6260232e-05	0.0
-5.3035469e-06	-8.4484753e-05	0.0
-4.9577511e-06	-8.3390682e-05	0.0
-5.8781588e-06	-8.1336577e-05	0.0
-4.8373217e-06	-7.9284313e-05	0.0
-5.5307855e-06	-7.7643337e-05	0.0
-5.8728151e-06	-7.5864016e-05	0.0
-5.1795814e-06	-7.4087868e-05	0.0
-5.5238784e-06	-7.3816242e-05	0.0
-4.8306683e-06	-7.1214454e-05	0.0
-5.8674677e-06	-6.9985399e-05	0.0
-5.1734701e-06	-6.8068846e-05	0.0
-5.9792719e-06	-6.6427827e-05	0.0
-4.8238994e-06	-6.5060754e-05	0.0
-5.7456582e-06	-6.3968691e-05	0.0
-4.820768e-06	-6.397094e-05	0.0
-5.8583432e-06	-6.1232116e-05	0.0
-5.5098681e-06	-5.9866354e-05	0.0
-5.624001e-06	-5.9184375e-05	0.0
-6.0839157e-06	-5.7680078e-05	0.0
-5.274595e-06	-5.6998204e-05	0.0
-5.2729938e-06	-5.535657e-05	0.0
-5.0405947e-06	-5.5908553e-05	0.0
-5.5004734e-06	-5.3307431e-05	0.0
-5.6146882e-06	-5.3584972e-05	0.0
-4.574546e-06	-5.1121497e-05	0.0
-4.8031329e-06	-5.0438961e-05	0.0
-5.37904e-06	-4.9208938e-05	0.0
-4.6851833e-06	-4.8527265e-05	0.0
-4.9139699e-06	-4.7022277e-05	0.0
-4.5673041e-06	-4.7300033e-05	0.0
-4.217572e-06	-4.5659461e-05	0.0
-5.4862867e-06	-4.5386791e-05	0.0
-4.3317846e-06	-4.5117376e-05	0.0
-4.3290202e-06	-4.3339347e-05	0.0
-4.3277601e-06	-4.2381598e-05	0.0
-4.4411995e-06	-4.252197e-05	0.0
-4.9011605e-06	-4.1704243e-05	0.0
-5.2457758e-06	-3.9925457e-05	0.0
-5.4756083e-06	-3.9379258e-05	0.0
-4.5516231e-06	-3.8972601e-05	0.0
-3.7411733e-06	-3.7193491e-05	0.0
-4.4313115e-06	-3.7470891e-05	0.0
-4.6610844e-06	-3.5830468e-05	0.0
-5.0052886e-06	-3.5557383e-05	0.0
-5.2354612e-06	-3.5562753e-05	0.0
-4.7720396e-06	-3.3920853e-05	0.0
-5.116302e-06	-3.4060176e-05	0.0
-5.1145716e-06	-3.3243072e-05	0.0
-5.4600673e-06	-3.2285247e-05	0.0
-4.3070927e-06	-3.2153785e-05	0.0
-3.6082065e-06	-3.0237125e-05	0.0
-5.4526549e-06	-3.1058942e-05	0.0
-5.2238165e-06	-3.1068277e-05	0.0
-4.9901005e-06	-2.874136e-05	0.0
-5.1032348e-06	-2.8740136e-05	0.0
-5.5618675e-06	-2.8608807e-05	0.0
-6.1394908e-06	-2.806412e-05	0.0
-5.2190189e-06	-2.7383283e-05	0.0
-3.8298281e-06	-2.6561447e-05	0.0
-4.2851825e-06	-2.6840853e-05	0.0
-4.979504e-06	-2.5337842e-05	0.0
-4.5152356e-06	-2.5064563e-05	0.0
-5.0924818e-06	-2.4383615e-05	0.0
-3.8224921e-06	-2.3839189e-05	0.0
-4.2779411e-06	-2.3154002e-05	0.0
-4.854342e-06	-2.3844066e-05	0.0
-5.0861363e-06	-2.2752583e-05	0.0
-4.5070742e-06	-2.2619144e-05	0.0
-4.7356139e-06	-2.1116432e-05	0.0
-4.5028137e-06	-2.09758e-05	0.0
-4.6202263e-06	-2.153161e-05	0.0
-3.2320577e-06	-2.0167749e-05	0.0
-4.1490216e-06	-1.9210675e-05	0.0
-4.4944591e-06	-1.8250206e-05	0.0
-5.4175348e-06	-1.8802875e-05	0.0
-4.6146538e-06	-1.7982367e-05	0.0
-4.0259774e-06	-1.8945353e-05	0.0
-5.645375e-06	-1.7991853e-05	0.0
-4.143305e-06	-1.8537883e-05	0.0
-5.6390704e-06	-1.8683913e-05	0.0
-4.7174235e-06	-1.7732445e-05	0.0
-5.5243877e-06	-1.676783e-05	0.0
-4.0245272e-06	-1.7596836e-05	0.0
-4.4815624e-06	-1.6095764e-05	0.0
-3.3310439e-06	-1.6094949e-05	0.0
-3.3197357e-06	-1.5413985e-05	0.0
-4.2438683e-06	-1.5822543e-05	0.0
-3.7869684e-06	-1.5973588e-05	0.0
-3.0896806e-06	-1.4191395e-05	0.0
-3.5428254e-06	-1.4876206e-05	0.0
-4.5835386e-06	-1.4061604e-05	0.0
-4.2403285e-06	-1.3927508e-05	0.0
-3.7796563e-06	-1.3105365e-05	0.0
-3.0769859e-06	-1.3658633e-05	0.0
-4.5760298e-06	-1.2566192e-05	0.0
-4.0021614e-06	-1.3248095e-05	0.0
-4.5735565e-06	-1.3394753e-05	0.0
-4.4602402e-06	-1.2716792e-05	0.0
-4.116207e-06	-1.1890187e-05	0.0
-3.185065e-06	-1.2989161e-05	0.0
-4.4507947e-06	-1.245141e-05	0.0
-3.9950701e-06	-1.2038035e-05	0.0
-3.5297792e-06	-1.2318429e-05	0.0
-3.8635121e-06	-1.0959659e-05	0.0
-5.6051185e-06	-9.8502178e-06	0.0
-3.4112277e-06	-1.1778805e-05	0.0
-4.900694e-06	-1.0001379e-05	0.0
-4.3343239e-06	-1.1373246e-05	0.0
-3.4050024e-06	-9.4666029e-06	0.0
-3.6288532e-06	-9.4558e-06	0.0
-4.4373924e-06	-1.0697538e-05	0.0
-4.0932546e-06	-1.0019518e-05	0.0
-3.6305023e-06	-1.0018802e-05	0.0
-3.1640591e-06	-9.8898417e-06	0.0
-3.623398e-06	-9.0681187e-06	0.0
-3.3935364e-06	-9.3454764e-06	0.0
-3.3894321e-06	-8.5295605e-06	0.0
-3.6194174e-06	-7.9842202e-06	0.0
-3.6174633e-06	-7.7036793e-06	0.0
-3.8476132e-06	-9.4966026e-06	0.0
-3.3873291e-06	-7.3116894e-06	0.0
-2.9212508e-06	-7.5829557e-06	0.0
-3.6050076e-06	-7.0352094e-06	0.0
-4.6524547e-06	-8.2767228e-06	0.0
-2.8047798e-06	-6.4998503e-06	0.0
-3.261368e-06	-7.5907601e-06	0.0
-2.1088515e-06	-7.60381e-06	0.0
-2.6743467e-06	-6.5084314e-06	0.0
-4.407515e-06	-6.3749721e-06	0.0
-3.9503452e-06	-5.4176421e-06	0.0
-3.254373e-06	-5.695098e-06	0.0
-3.1360037e-06	-4.8759002e-06	0.0
-3.2489615e-06	-5.5608575e-06	0.0
-3.2510627e-06	-5.7065422e-06	0.0
-2.2093329e-06	-4.886313e-06	0.0
-2.8954512e-06	-5.0258786e-06	0.0
-3.1317118e-06	-4.8898005e-06	0.0
-1.856175e-06	-5.8552473e-06	0.0
-3.4694017e-06	-4.6267769e-06	0.0
-2.6635953e-06	-4.628178e-06	0.0
-3.2340142e-06	-4.2195929e-06	0.0
-3.8155154e-06	-4.9078371e-06	0.0
-2.195972e-06	-4.5025245e-06	0.0
-3.461761e-06	-3.8211751e-06	0.0
-3.1149893e-06	-2.9996288e-06	0.0
-3.693001e-06	-3.8240933e-06	0.0
-1.4987926e-06	-3.9662641e-06	0.0
-2.4159215e-06	-3.8326521e-06	0.0
-2.879902e-06	-3.5618887e-06	0.0
-1.3770328e-06	-3.1545171e-06	0.0
-2.6432331e-06	-2.6083803e-06	0.0
-3.3353917e-06	-3.8449916e-06	0.0
-3.1028389e-06	-3.9867273e-06	0.0
-3.3326248e-06	-3.0308197e-06	0.0
-2.2923757e-06	-2.6221039e-06	0.0
-2.5212914e-06	-3.1734271e-06	0.0
-1.9427343e-06	-3.5886389e-06	0.0
-2.1720025e-06	-2.7695301e-06	0.0
-1.4779343e-06	-3.1839145e-06	0.0
-1.9379424e-06	-3.1873399e-06	0.0
-1.9363649e-06	-2.6423709e-06	0.0
-2.2809802e-06	-2.2345482e-06	0.0
-2.2795082e-06	-2.3749108e-06	0.0
-2.6238763e-06	-2.2417792e-06	0.0
-2.0453426e-06	-3.203914e-06	0.0
-2.6214029e-06	-1.6990252e-06	0.0
-2.8496131e-06	-2.2526749e-06	0.0
-2.1560975e-06	-3.2139028e-06	0.0
-2.9634145e-06	-2.1204658e-06	0.0
-3.0748802e-06	-2.6736036e-06	0.0
-2.0363941e-06	-2.8127893e-06	0.0
-2.7250744e-06	-2.404943e-06	0.0
-1.8594291e-07	-2.4090323e-06	0.0
-2.2641409e-06	-2.5487418e-06	0.0
-1.6827278e-06	-2.0032071e-06	0.0
-2.4918552e-06	-1.5954728e-06	0.0
-2.9493131e-06	-1.1879504e-06	0.0
-2.4855735e-06	-1.3299855e-06	0.0
-2.1375454e-06	-1.8812923e-06	0.0
-1.792196e-06	-2.0215939e-06	0.0
-2.5967868e-06	-2.4362628e-06	0.0
-1.5557391e-06	-2.3004002e-06	0.0
-2.4836088e-06	-1.6189124e-06	0.0
-3.6284569e-06	-1.6233582e-06	0.0
-1.5491141e-06	-1.2122241e-06	0.0
-2.4790288e-06	1.5614857e-07	0.0
-3.2793539e-06	2.7977319e-07	0.0
-2.5847214e-06	-1.6359821e-06	0.0
-2.7003118e-06	5.2607767e-09	0.0
-2.2330114e-06	-1.7846833e-06	0.0
-1.6614822e-06	-1.2330058e-06	0.0
-3.0411838e-06	-1.100441e-06	0.0
-1.5358117e-06	-5.574592e-07	0.0
-1.8868666e-06	-1.1080148e-06	0.0
-1.9972865e-06	-5.6552972e-07	0.0
-1.6480354e-06	-1.8025091e-06	0.0
-1.5373872e-06	-5.6117193e-07	0.0
-2.9196153e-06	5.1829704e-07	0.0
-2.3322209e-06	-1.4019057e-06	0.0
-1.4128303e-06	-2.5613144e-08	0.0
-2.1087142e-06	9.7493064e-08	0.0
-2.5626939e-06	-7.2551808e-07	0.0
-1.7503177e-06	-5.9183623e-07	0.0
-1.5261558e-06	-1.2813945e-06	0.0
-2.6777971e-06	-1.0050638e-06	0.0
-2.4402734e-06	-4.6270699e-07	0.0
-2.2076968e-06	-7.4424861e-07	0.0
-1.7467075e-06	-1.0160504e-06	0.0
-1.8574325e-06	-5.7522442e-08	0.0
-1.0516611e-06	2.0760318e-07	0.0
-1.8594951e-06	6.7805395e-08	0.0
-1.3923477e-06	6.2508228e-08	0.0
-1.742639e-06	-4.9085315e-07	0.0
-1.8498856e-06	-7.6596376e-07	0.0
-1.5073567e-06	-1.0460666e-06	0.0
-2.0793743e-06	-1.1755416e-06	0.0
-1.3848713e-06	-9.0435556e-08	0.0
-1.9665372e-06	-1.052694e-06	0.0
-1.8388713e-06	4.7496055e-08	0.0
-1.0295624e-06	-1.004217e-07	0.0
-6.8592931e-07	3.079538e-08	0.0
-9.2714953e-07	-7.9689602e-07	0.0
-2.188578e-06	-7.9380123e-07	0.0
-1.7185516e-06	-7.9797155e-07	0.0
-1.9520858e-06	-1.2289568e-06	0.0
-1.3589328e-06	-2.5791419e-06	0.0
-2.137611e-07	-1.0262455e-07	0.0
-1.0377782e-06	1.4503242e-07	0.0
-2.1829794e-06	-2.8221208e-07	0.0
-2.1655715e-06	-1.9203478e-06	0.0
-1.6002236e-06	-9.4510239e-07	0.0
-2.6361777e-06	1.1598464e-08	0.0
-1.8082532e-06	9.4726727e-07	0.0
-1.3687584e-06	-4.2714504e-07	0.0
-2.5152169e-06	4.109977e-07	0.0
-1.6919113e-06	6.6318762e-07	0.0
-1.5920978e-06	-2.485724e-08	0.0
-2.0439506e-06	-1.6407841e-07	0.0
-1.4624787e-06	-5.748347e-07	0.0
-1.2237564e-06	-5.8975792e-07	0.0
-4.3288605e-07	-1.6752074e-06	0.0
-1.9341398e-06	-1.551728e-07	0.0
-1.5739362e-06	-1.9316175e-07	0.0
-1.7996435e-06	-9.9104261e-07	0.0
-7.5612746e-07	3.5794693e-07	0.0
-7.6304639e-07	-1.2822306e-06	0.0
-4.1260893e-07	5.0387121e-07	0.0
-6.5428708e-07	-7.5753547e-07	0.0
-1.1021795e-06	-1.7300168e-07	0.0
-6.4389275e-07	1.0321086e-06	0.0
-9.770024e-07	-8.3232351e-08	0.0
1.7137752e-07	-3.410689e-07	0.0
-6.4159292e-07	-6.9722347e-08	0.0
-5.3563578e-08	2.0443274e-07	0.0
-7.720584e-07	3.174008e-07	0.0
-2.1470948e-06	-7.6905002e-07	0.0
-2.115984e-06	3.3929544e-07	0.0
-9.6518352e-07	4.5574325e-07	0.0
-9.7555801e-07	3.1025203e-07	0.0
-8.5531957e-07	-3.8198013e-07	0.0
-9.7601082e-07	-6.4724907e-07	0.0
-1.1984508e-06	-2.2917463e-07	0.0
-9.6835458e-07	1.5484632e-08	0.0
-1.0746608e-06	-7.7968321e-07	0.0
-6.2659859e-07	1.1266447e-06	0.0
-1.6589446e-06	-1.2952236e-07	0.0
-9.5442851e-07	5.8053899e-07	0.0
-1.0712299e-06	3.9918274e-07	0.0
-4.9573976e-07	-1.0857304e-06	0.0
-9.590741e-07	2.9598547e-07	0.0
-3.6234815e-07	-1.5135612e-07	0.0
-4.4287315e-08	-8.2530926e-07	0.0
-1.1837768e-06	-5.4550077e-07	0.0
1.1414771e-07	-4.2249366e-07	0.0
8.9721453e-07	-5.4966949e-07	0.0
5.5084854e-07	1.1770017e-07	0.0
6.6845445e-07	-1.1292656e-06	0.0
8.0254303e-08	-8.2128906e-07	0.0
-5.9864794e-07	5.3244531e-07	0.0
-3.6127705e-07	9.968111e-08	0.0
-3.5905327e-07	1.184037e-07	0.0
-1.2810834e-08	7.837088e-07	0.0
-6.3442585e-09	-4.7048283e-07	0.0
3.238797e-07	-7.0683802e-07	0.0
-1.0623443e-06	6.3921385e-07	0.0
-4.3991656e-07	-6.0313619e-07	0.0
1.0275198e-06	2.3569872e-07	0.0
-2.3900949e-07	5.0395755e-07	0.0
4.4868909e-07	1.1703759e-06	0.0
-9.1971884e-07	-7.74493e-08	0.0
6.9406633e-07	-5.3062376e-08	0.0
-5.7397932e-07	4.7947651e-07	0.0
6.8851313e-07	6.4371953e-08	0.0
-1.0353363e-06	4.8152691e-07	0.0
8.3470269e-07	7.5047603e-07	0.0
2.2013081e-07	1.0123211e-06	0.0
-2.2463476e-07	3.0948425e-07	0.0
