#Bx [T], By [T], Bz [T] on 3D mesh: inmost loop vs X (horizontal transverse position), outmost loop vs Z (longitudinal position)
#0.0 #initial X position [m]
#0.0 #step of X [m]
#1 #number of points vs X
#0.0 #initial Y position [m]
#0.0 #step of Y [m]
#1 #number of points vs Y
#-1.1855 #initial Z position [m]
#0.001 #step of Z [m]
#2371 #number of points vs Z
1.2455875e-07	4.0017775e-07	0.0
-1.1429868e-06	1.2309214e-07	0.0
7.0543467e-07	8.0567258e-07	0.0
-1.0044268e-07	1.1747176e-07	0.0
2.2095294e-06	3.886241e-07	0.0
3.6565083e-07	5.2295388e-07	0.0
-9.4480612e-08	1.0889111e-07	0.0
-9.2168108e-08	-1.6820904e-07	0.0
-1.1293261e-06	-1.7096194e-07	0.0
4.8839047e-07	-5.8514661e-07	0.0
-1.0089785e-06	-3.1396695e-07	0.0
-4.3179014e-07	-3.1719279e-07	0.0
3.7855941e-07	3.6575329e-07	0.0
4.9638294e-07	-4.8880644e-08	0.0
4.9850735e-07	1.0443367e-06	0.0
3.8496796e-07	3.5954827e-07	0.0
1.573277e-07	-1.0163016e-06	0.0
-7.650479e-07	-6.1361966e-08	0.0
-7.1349454e-08	2.114966e-07	0.0
-1.8506518e-07	7.2439548e-08	0.0
6.2564868e-07	-4.7926432e-07	0.0
-4.0867707e-07	-3.4544024e-07	0.0
-5.2593015e-07	-4.8600339e-07	0.0
1.6862617e-07	-2.1280651e-07	0.0
-5.5840989e-08	-1.1757148e-06	0.0
-1.2102613e-06	-4.9634303e-07	0.0
-4.041072e-07	-4.9417372e-07	0.0
-5.0967873e-07	-1.5951106e-06	0.0
-2.0152388e-06	-9.1791065e-07	0.0
2.9466281e-07	3.147322e-07	0.0
-7.3906352e-07	1.8009895e-07	0.0
6.4465758e-07	-6.484442e-07	0.0
-2.6884524e-07	3.2983017e-08	0.0
-9.6386532e-07	2.8536643e-08	0.0
-6.1961447e-07	9.8939881e-07	0.0
7.8549682e-08	-5.1873332e-07	0.0
-3.8240441e-07	-1.1806892e-07	0.0
4.2763955e-07	2.9517196e-07	0.0
-1.4593465e-07	-1.2102085e-07	0.0
8.7940663e-08	1.5555572e-07	0.0
-9.4880602e-07	-1.9020167e-06	0.0
-4.885037e-07	-1.3706725e-06	0.0
-3.7298352e-07	7.3349056e-09	0.0
5.5721353e-07	-1.7732964e-06	0.0
-1.0520587e-06	-1.3790476e-06	0.0
-9.4595191e-07	-1.3662766e-07	0.0
9.8557521e-08	-1.6531471e-06	0.0
-3.5747246e-07	5.356984e-07	0.0
-3.5917924e-07	-1.0990009e-06	0.0
-2.3879363e-07	-1.9335466e-06	0.0
-8.1476514e-07	-1.5292334e-06	0.0
-4.6862249e-07	-4.3599243e-07	0.0
-5.7922387e-07	-1.5720396e-07	0.0
-6.9547798e-07	-1.2558052e-06	0.0
-3.4543359e-07	-1.2655503e-06	0.0
-9.1856111e-07	-7.1691841e-07	0.0
-8.0733048e-07	-1.4013904e-06	0.0
-2.2256199e-07	-1.4146224e-06	0.0
-1.258815e-06	-4.0276628e-08	0.0
-1.0278544e-06	-1.4084339e-06	0.0
-1.7169277e-06	-1.0134574e-06	0.0
-1.3740051e-06	9.0271769e-08	0.0
-6.8199893e-07	-1.1473003e-06	0.0
2.4842137e-07	-3.290541e-07	0.0
-5.5169744e-07	-1.1549852e-06	0.0
-1.1291262e-06	-6.1813353e-08	0.0
-1.364135e-06	-1.0193538e-06	0.0
-5.5092983e-07	-7.5254155e-07	0.0
-1.5815888e-06	-1.2978844e-06	0.0
-1.7065278e-06	-1.5845707e-06	0.0
-5.4883424e-07	-2.175736e-07	0.0
-7.7130346e-07	-4.8184444e-07	0.0
-8.8850976e-07	-1.5859754e-06	0.0
-8.8201335e-07	-1.183925e-06	0.0
-1.5759992e-06	-1.0430085e-06	0.0
-1.1111136e-06	-1.4623664e-06	0.0
-1.8035012e-06	-5.0643371e-07	0.0
-8.80085e-07	-7.7799683e-07	0.0
-1.3354686e-06	-5.1500814e-07	0.0
-8.7815141e-07	4.4590138e-07	0.0
-8.641926e-07	-9.8408321e-08	0.0
-2.0271448e-06	-5.1769342e-07	0.0
-1.8355335e-07	-3.8281249e-07	0.0
-5.1534045e-07	-5.2573125e-07	0.0
-4.0595484e-07	2.2302219e-08	0.0
-5.3207426e-08	-6.6186414e-07	0.0
-3.9793355e-07	-8.0558686e-07	0.0
-5.2202093e-08	-1.348918e-06	0.0
-1.6040605e-07	-2.3212031e-06	0.0
-5.0768239e-07	-1.3655396e-06	0.0
-5.0104512e-07	-1.9125887e-06	0.0
-1.1989091e-06	-1.1050619e-06	0.0
6.7267756e-08	-4.0861156e-07	0.0
-2.5765604e-07	-1.5046899e-06	0.0
-1.4195977e-06	-1.5170434e-06	0.0
-9.5614564e-07	-1.2475737e-06	0.0
-1.6488622e-06	-8.3364148e-07	0.0
-9.5087438e-07	-1.2493359e-06	0.0
-2.2143299e-06	-8.3980029e-07	0.0
-1.7619839e-06	-1.1245584e-06	0.0
-2.0940176e-06	-2.1400307e-08	0.0
-2.3391569e-06	-1.1268719e-06	0.0
-7.293259e-07	3.812915e-07	0.0
-4.6517741e-07	-1.5232948e-06	0.0
-2.2058023e-06	-1.5491435e-06	0.0
-9.5098972e-07	-1.1407739e-06	0.0
-8.165722e-07	-7.2297092e-07	0.0
-1.2700873e-06	-1.5457442e-06	0.0
-2.1976455e-06	-1.2888255e-06	0.0
-1.7458399e-06	-1.0008512e-06	0.0
-1.5003301e-06	-2.1053295e-06	0.0
-2.1893918e-06	-1.3003456e-06	0.0
-2.0855177e-06	-7.5103884e-07	0.0
-1.3880706e-06	-3.2871941e-07	0.0
-1.4927372e-06	-1.2974211e-06	0.0
-1.8376395e-06	-3.4784941e-07	0.0
-1.9569609e-06	-7.4826249e-07	0.0
-1.8317924e-06	-7.6349187e-07	0.0
-2.5263776e-06	-2.1799224e-07	0.0
-2.0660634e-06	-2.091891e-07	0.0
-2.5181682e-06	-7.6488203e-07	0.0
-2.6350099e-06	-3.6552186e-07	0.0
-2.5345678e-06	-2.1838638e-07	0.0
-1.0251347e-06	-6.4269733e-07	0.0
-1.8082482e-06	1.7818272e-07	0.0
-2.175221e-06	-2.3209293e-07	0.0
-1.361722e-06	1.7730079e-07	0.0
-1.4776119e-06	-9.0380541e-07	0.0
-4.3887269e-07	-1.7531378e-06	0.0
-7.6504216e-07	-9.3225049e-07	0.0
-1.234023e-06	-1.3458585e-06	0.0
-1.2264572e-06	-5.2844365e-07	0.0
-1.810197e-06	-1.1986201e-06	0.0
-1.0034437e-06	-1.7621766e-06	0.0
-1.116748e-06	-1.3676057e-06	0.0
-3.0343713e-07	-6.6962389e-07	0.0
-1.2069623e-06	-1.3609098e-06	0.0
-2.1303015e-06	-8.1153206e-07	0.0
-2.8388483e-06	-1.7768868e-06	0.0
-1.6932122e-06	-8.2745339e-07	0.0
-1.219489e-06	-1.365795e-06	0.0
-1.3102763e-06	-1.2404711e-06	0.0
-3.0491503e-06	-1.2438296e-06	0.0
-2.3694486e-06	-1.0983258e-06	0.0
-2.5955023e-06	-2.0649193e-06	0.0
-2.1171841e-06	-1.6613973e-06	0.0
-3.5129917e-06	-2.2083573e-06	0.0
-1.9056874e-06	-1.8107743e-06	0.0
-2.5759459e-06	-1.9309321e-06	0.0
-2.3506027e-06	-2.9016001e-06	0.0
-2.8118272e-06	-2.1095091e-06	0.0
-1.9021372e-06	-1.3824981e-06	0.0
-1.5278366e-06	-3.5969056e-06	0.0
-2.5671688e-06	-1.5712361e-06	0.0
-2.4530236e-06	-1.9394386e-06	0.0
-2.8131919e-06	-2.9231305e-06	0.0
-1.3041115e-06	-1.8557938e-06	0.0
-2.2141121e-06	-9.9013937e-07	0.0
-1.6430583e-06	-3.4609116e-06	0.0
-2.3253272e-06	-2.9439102e-06	0.0
-2.100654e-06	-3.2064602e-06	0.0
-2.3264724e-06	-3.214006e-06	0.0
-2.0970749e-06	-3.0936953e-06	0.0
-2.2056313e-06	-2.2497923e-06	0.0
-2.2093125e-06	-4.0357695e-06	0.0
-2.3050945e-06	-3.2327303e-06	0.0
-3.4719953e-06	-3.7731145e-06	0.0
-2.6589662e-06	-3.2405771e-06	0.0
-3.811565e-06	-3.0970814e-06	0.0
-2.7795127e-06	-2.8375341e-06	0.0
-3.1273178e-06	-2.1415497e-06	0.0
-1.6209405e-06	-3.354447e-06	0.0
-2.75302e-06	-4.3497625e-06	0.0
-2.8747504e-06	-3.2518521e-06	0.0
-3.7943876e-06	-4.2005195e-06	0.0
-3.2438295e-06	-3.9486813e-06	0.0
-2.4030069e-06	-3.8018823e-06	0.0
-3.7925975e-06	-4.084503e-06	0.0
-2.5429324e-06	-3.6780307e-06	0.0
-2.5140719e-06	-4.0735958e-06	0.0
-2.8682939e-06	-5.0440822e-06	0.0
-2.5225622e-06	-4.7898684e-06	0.0
-2.6278519e-06	-4.3700406e-06	0.0
-2.9692167e-06	-4.7813551e-06	0.0
-3.5417452e-06	-4.655873e-06	0.0
-3.5684484e-06	-4.5162046e-06	0.0
-2.2731617e-06	-4.6562727e-06	0.0
-3.8795783e-06	-4.6572632e-06	0.0
-3.096517e-06	-4.8048551e-06	0.0
-3.0741792e-06	-4.1256158e-06	0.0
-3.5275177e-06	-4.246092e-06	0.0
-4.1201538e-06	-4.9428968e-06	0.0
-3.3063138e-06	-4.9364799e-06	0.0
-3.8820149e-06	-6.1764622e-06	0.0
-2.9615605e-06	-5.7814677e-06	0.0
-3.848997e-06	-6.0499947e-06	0.0
-4.6992386e-06	-6.0526204e-06	0.0
-2.7302174e-06	-6.3395414e-06	0.0
-3.7367965e-06	-5.5195487e-06	0.0
-3.9816064e-06	-6.0511147e-06	0.0
-4.2163333e-06	-6.8750451e-06	0.0
-3.4162551e-06	-7.4509594e-06	0.0
-3.1621778e-06	-6.4814899e-06	0.0
-3.8569397e-06	-7.4533968e-06	0.0
-3.5165435e-06	-5.9456388e-06	0.0
-3.8430421e-06	-7.4364052e-06	0.0
-4.7685085e-06	-7.1870045e-06	0.0
-4.6721443e-06	-7.3243041e-06	0.0
-3.6343217e-06	-6.7795213e-06	0.0
-3.4862012e-06	-7.1822392e-06	0.0
-4.7688482e-06	-7.5970675e-06	0.0
-3.6266206e-06	-8.0198106e-06	0.0
-3.7240829e-06	-7.6123906e-06	0.0
-3.2782943e-06	-8.015274e-06	0.0
-2.5644997e-06	-8.5677875e-06	0.0
-3.7074738e-06	-8.8567795e-06	0.0
-3.8400981e-06	-8.44035e-06	0.0
-3.3781741e-06	-9.1324127e-06	0.0
-3.3560243e-06	-8.5843831e-06	0.0
-4.5187412e-06	-9.6749354e-06	0.0
-3.8293206e-06	-9.6917402e-06	0.0
-4.3999448e-06	-9.6942067e-06	0.0
-3.8274575e-06	-9.1585753e-06	0.0
-4.0498326e-06	-8.7282015e-06	0.0
-3.8216808e-06	-9.9716108e-06	0.0
-3.7065954e-06	-9.0296735e-06	0.0
-3.2382661e-06	-9.0182821e-06	0.0
-3.914542e-06	-9.1565826e-06	0.0
-4.9547434e-06	-9.5755795e-06	0.0
-5.2003056e-06	-9.5654232e-06	0.0
-4.1681833e-06	-1.1082385e-05	0.0
-3.9035763e-06	-1.0412301e-05	0.0
-5.646963e-06	-1.1077635e-05	0.0
-4.0534674e-06	-1.1924722e-05	0.0
-3.7862985e-06	-1.096517e-05	0.0
-4.8359138e-06	-1.1518031e-05	0.0
-4.1402877e-06	-1.0423921e-05	0.0
-5.1709467e-06	-1.1768846e-05	0.0
-5.0563435e-06	-1.2769522e-05	0.0
-5.9779668e-06	-1.0979894e-05	0.0
-4.9646942e-06	-1.2477693e-05	0.0
-3.7733196e-06	-1.2212869e-05	0.0
-5.7430511e-06	-1.3711861e-05	0.0
-3.578064e-06	-1.3743758e-05	0.0
-2.9630573e-06	-1.2902653e-05	0.0
-3.887666e-06	-1.4285561e-05	0.0
-3.775401e-06	-1.2920193e-05	0.0
-3.7837594e-06	-1.4408987e-05	0.0
-2.8411287e-06	-1.4841877e-05	0.0
-4.7915164e-06	-1.4978642e-05	0.0
-4.8099114e-06	-1.5254949e-05	0.0
-4.8067291e-06	-1.5268572e-05	0.0
-4.4552039e-06	-1.4445835e-05	0.0
-4.8020106e-06	-1.4847848e-05	0.0
-4.5575348e-06	-1.5533436e-05	0.0
-6.1708256e-06	-1.6234193e-05	0.0
-5.5042397e-06	-1.5552954e-05	0.0
-4.5619145e-06	-1.5960404e-05	0.0
-5.24302e-06	-1.5962716e-05	0.0
-5.5941155e-06	-1.7047019e-05	0.0
-5.7107927e-06	-1.8168374e-05	0.0
-5.4789393e-06	-1.707973e-05	0.0
-5.0287904e-06	-1.7609767e-05	0.0
-3.5162429e-06	-1.8314511e-05	0.0
-4.3070072e-06	-1.7629891e-05	0.0
-4.6557057e-06	-1.8311202e-05	0.0
-5.3479171e-06	-1.8451407e-05	0.0
-5.5686819e-06	-1.9410441e-05	0.0
-6.6238326e-06	-1.9562653e-05	0.0
-4.6709119e-06	-1.9422034e-05	0.0
-4.9802761e-06	-1.9972022e-05	0.0
-6.2589975e-06	-1.9980534e-05	0.0
-5.8131031e-06	-2.0246513e-05	0.0
-4.8855622e-06	-2.1345306e-05	0.0
-4.5256816e-06	-2.1767411e-05	0.0
-4.9844966e-06	-2.1778633e-05	0.0
-4.9842874e-06	-2.1491247e-05	0.0
-5.3270628e-06	-2.2739585e-05	0.0
-5.3289104e-06	-2.1642836e-05	0.0
-5.5482892e-06	-2.327816e-05	0.0
-6.2476333e-06	-2.3292083e-05	0.0
-5.6711274e-06	-2.4116334e-05	0.0
-6.0103416e-06	-2.3847082e-05	0.0
-5.5590176e-06	-2.4666442e-05	0.0
-5.1930374e-06	-2.4812389e-05	0.0
-6.2338972e-06	-2.5092109e-05	0.0
-5.6628082e-06	-2.4818924e-05	0.0
-5.8867818e-06	-2.5629453e-05	0.0
-5.4297816e-06	-2.7002678e-05	0.0
-5.7491707e-06	-2.7844941e-05	0.0
-7.2687981e-06	-2.7302445e-05	0.0
-5.4375814e-06	-2.7571701e-05	0.0
-5.4031857e-06	-2.7846445e-05	0.0
-6.3349985e-06	-2.8933337e-05	0.0
-6.099654e-06	-3.0187448e-05	0.0
-6.7990809e-06	-2.9775745e-05	0.0
-5.6415638e-06	-3.0745505e-05	0.0
-6.665101e-06	-2.9648501e-05	0.0
-6.4530259e-06	-3.1280299e-05	0.0
-5.9717931e-06	-3.1840435e-05	0.0
-7.0153437e-06	-3.2939995e-05	0.0
-6.0943962e-06	-3.3349748e-05	0.0
-6.8858885e-06	-3.4997913e-05	0.0
-7.0174915e-06	-3.5149733e-05	0.0
-6.2025351e-06	-3.5292054e-05	0.0
-6.5422546e-06	-3.4880235e-05	0.0
-6.2011886e-06	-3.582759e-05	0.0
-6.0753855e-06	-3.7338468e-05	0.0
-6.8702866e-06	-3.8447393e-05	0.0
-7.8097255e-06	-3.8329268e-05	0.0
-6.5429617e-06	-3.7365735e-05	0.0
-6.3118482e-06	-3.817265e-05	0.0
-5.0282424e-06	-3.968463e-05	0.0
-6.7436013e-06	-4.0655574e-05	0.0
-6.8789523e-06	-4.1202711e-05	0.0
-6.2981208e-06	-4.2838372e-05	0.0
-6.2856661e-06	-4.4638444e-05	0.0
-6.8691238e-06	-4.4509205e-05	0.0
-6.060231e-06	-4.5329863e-05	0.0
-6.4001274e-06	-4.5342145e-05	0.0
-6.390118e-06	-4.5469791e-05	0.0
-7.6670885e-06	-4.6842993e-05	0.0
-6.5140839e-06	-4.7262274e-05	0.0
-7.2014409e-06	-4.8217084e-05	0.0
-6.2777904e-06	-4.9320959e-05	0.0
-7.0782376e-06	-5.0140345e-05	0.0
-6.2837894e-06	-5.2058615e-05	0.0
-5.6897243e-06	-5.330456e-05	0.0
-6.8305126e-06	-5.3862201e-05	0.0
-7.8791754e-06	-5.4397482e-05	0.0
-7.7615987e-06	-5.6735567e-05	0.0
-8.3393679e-06	-5.7148511e-05	0.0
-7.7627319e-06	-5.9349768e-05	0.0
-7.9902547e-06	-5.9210965e-05	0.0
-7.4138075e-06	-6.1820137e-05	0.0
-7.522422e-06	-6.1016108e-05	0.0
-7.4076543e-06	-6.2098348e-05	0.0
-7.4036493e-06	-6.2926971e-05	0.0
-7.2917605e-06	-6.4562606e-05	0.0
-7.27001e-06	-6.6630208e-05	0.0
-9.2419277e-06	-6.7191453e-05	0.0
-7.8664325e-06	-6.8004665e-05	0.0
-8.42795e-06	-6.9921982e-05	0.0
-8.2011611e-06	-7.1706505e-05	0.0
-8.4309049e-06	-7.3369461e-05	0.0
-7.8527173e-06	-7.3366711e-05	0.0
-8.0780546e-06	-7.595303e-05	0.0
-7.8472576e-06	-7.8171121e-05	0.0
-7.9600331e-06	-7.8851233e-05	0.0
-7.7276736e-06	-8.1724902e-05	0.0
-8.064374e-06	-8.2985018e-05	0.0
-8.7573608e-06	-8.3519975e-05	0.0
-8.6504315e-06	-8.6129192e-05	0.0
-7.616522e-06	-8.6820444e-05	0.0
-7.0144192e-06	-8.9282614e-05	0.0
-8.9732202e-06	-9.0666064e-05	0.0
-8.6444006e-06	-9.2574242e-05	0.0
-8.3986906e-06	-9.5591058e-05	0.0
-8.7555454e-06	-9.7798591e-05	0.0
-7.3640094e-06	-9.9308614e-05	0.0
-8.5004485e-06	-0.00010136364	0.0
-8.6370219e-06	-0.00010355731	0.0
-7.4700215e-06	-0.00010576309	0.0
-8.6142045e-06	-0.00010725718	0.0
-8.6206473e-06	-0.00011110843	0.0
-8.7382759e-06	-0.00011152755	0.0
-7.9259889e-06	-0.0001150749	0.0
-8.2700681e-06	-0.0001172928	0.0
-7.687051e-06	-0.00011919482	0.0
-8.7210947e-06	-0.00012304753	0.0
-8.3797113e-06	-0.00012413952	0.0
-8.8320976e-06	-0.0001285316	0.0
-9.1785514e-06	-0.00012949554	0.0
-9.4124789e-06	-0.00013441517	0.0
-8.8363022e-06	-0.00013691402	0.0
-8.9370897e-06	-0.00013882318	0.0
-9.9773624e-06	-0.00014251749	0.0
-9.6391759e-06	-0.0001458239	0.0
-9.3977314e-06	-0.00014814903	0.0
-9.7479096e-06	-0.00015239397	0.0
-9.0505328e-06	-0.00015583166	0.0
-9.7383017e-06	-0.00015925978	0.0
-9.5060841e-06	-0.00016255515	0.0
-1.0197485e-05	-0.00016611099	0.0
-9.6227523e-06	-0.00017078262	0.0
-9.8461496e-06	-0.00017379991	0.0
-9.8469282e-06	-0.0001787322	0.0
-9.9576819e-06	-0.00018244162	0.0
-1.0188624e-05	-0.00018709569	0.0
-9.8458677e-06	-0.00019217232	0.0
-9.4880306e-06	-0.0001968429	0.0
-1.0525093e-05	-0.00020068471	0.0
-9.958917e-06	-0.00020533745	0.0
-9.5928426e-06	-0.00021055898	0.0
-1.1439118e-05	-0.00021426019	0.0
-1.0762519e-05	-0.00022014332	0.0
-1.0055812e-05	-0.00022604453	0.0
-1.0632265e-05	-0.00023194241	0.0
-1.0169259e-05	-0.00023743288	0.0
-1.1079247e-05	-0.00024304487	0.0
-1.1899756e-05	-0.00025004425	0.0
-1.0744036e-05	-0.00025512115	0.0
-1.1083803e-05	-0.00026183529	0.0
-1.0508882e-05	-0.0002678654	0.0
-1.0841609e-05	-0.00027567009	0.0
-1.1881153e-05	-0.00028281743	0.0
-1.1774589e-05	-0.00028870621	0.0
-1.1188667e-05	-0.00029732496	0.0
-1.1651666e-05	-0.00030597835	0.0
-1.1178401e-05	-0.00031256792	0.0
-1.2574019e-05	-0.00032009403	0.0
-1.0492625e-05	-0.0003292741	0.0
-1.2098078e-05	-0.00033846259	0.0
-1.1177505e-05	-0.00034751117	0.0
-1.2669327e-05	-0.00035669538	0.0
-1.1988814e-05	-0.00036588436	0.0
-1.2090084e-05	-0.00037519186	0.0
-1.2890143e-05	-0.00038656828	0.0
-1.3824188e-05	-0.0003968497	0.0
-1.2675836e-05	-0.00040904636	0.0
-1.2095298e-05	-0.00042002081	0.0
-1.1274701e-05	-0.00043180736	0.0
-1.2762221e-05	-0.00044359817	0.0
-1.3465854e-05	-0.00045620973	0.0
-1.3686078e-05	-0.00046841352	0.0
-1.5184017e-05	-0.00048115183	0.0
-1.4972586e-05	-0.00049526541	0.0
-1.3578857e-05	-0.00050952414	0.0
-1.4026813e-05	-0.0005245902	0.0
-1.4714124e-05	-0.00054104289	0.0
-1.5646621e-05	-0.00055612886	0.0
-1.4835372e-05	-0.0005725596	0.0
-1.5864396e-05	-0.00059052109	0.0
-1.5983805e-05	-0.00060779246	0.0
-1.6667736e-05	-0.00062670239	0.0
-1.7025406e-05	-0.0006453399	0.0
-1.609737e-05	-0.00066548225	0.0
-1.6776605e-05	-0.00068563048	0.0
-1.7355947e-05	-0.00070672901	0.0
-1.7703698e-05	-0.00072865124	0.0
-1.7699986e-05	-0.00075168436	0.0
-1.8384162e-05	-0.0007751059	0.0
-1.9080959e-05	-0.00080141478	0.0
-1.8855479e-05	-0.00082623144	0.0
-1.8502909e-05	-0.00085239438	0.0
-1.884007e-05	-0.00087966298	0.0
-1.9642972e-05	-0.0009083011	0.0
-2.0676747e-05	-0.00093830057	0.0
-2.1608334e-05	-0.00097036874	0.0
-2.1152282e-05	-0.0010027013	0.0
-2.1362948e-05	-0.0010379259	0.0
-2.2976677e-05	-0.001071915	0.0
-2.3221648e-05	-0.0011083605	0.0
-2.3094815e-05	-0.0011458985	0.0
-2.3792774e-05	-0.0011866021	0.0
-2.3206907e-05	-0.0012267462	0.0
-2.4923876e-05	-0.0012705927	0.0
-2.5515834e-05	-0.0013144473	0.0
-2.5625683e-05	-0.0013621426	0.0
-2.6311129e-05	-0.0014102503	0.0
-2.7119564e-05	-0.0014620399	0.0
-2.7916689e-05	-0.0015152183	0.0
-2.9763289e-05	-0.0015708699	0.0
-3.0345336e-05	-0.001627726	0.0
-3.1151747e-05	-0.0016892503	0.0
-3.1605756e-05	-0.0017531194	0.0
-3.3106571e-05	-0.0018191584	0.0
-3.3112025e-05	-0.0018889005	0.0
-3.4130571e-05	-0.0019616815	0.0
-3.6324862e-05	-0.002037457	0.0
-3.7140951e-05	-0.0021183193	0.0
-3.8052927e-05	-0.0021987529	0.0
-4.0008235e-05	-0.0022875411	0.0
-4.1742824e-05	-0.0023778491	0.0
-4.3010608e-05	-0.0024736053	0.0
-4.4282744e-05	-0.0025740268	0.0
-4.4969216e-05	-0.002680236	0.0
-4.7257799e-05	-0.0027894345	0.0
-5.0375878e-05	-0.0029046449	0.0
-5.2568084e-05	-0.0030266999	0.0
-5.5220738e-05	-0.0031544028	0.0
-5.7183421e-05	-0.0032884507	0.0
-5.9939022e-05	-0.0034296964	0.0
-6.3400636e-05	-0.0035765781	0.0
-6.6172463e-05	-0.003732075	0.0
-6.9052316e-05	-0.0038947139	0.0
-7.227654e-05	-0.0040669399	0.0
-7.6191056e-05	-0.0042481632	0.0
-8.0458231e-05	-0.0044387579	0.0
-8.4724627e-05	-0.0046381271	0.0
-8.9449131e-05	-0.0048499652	0.0
-9.45215e-05	-0.0050705946	0.0
-9.9931618e-05	-0.0053060795	0.0
-0.00010650673	-0.0055506486	0.0
-0.00011250054	-0.0058106761	0.0
-0.00011954468	-0.0060836105	0.0
-0.00012506876	-0.0063705058	0.0
-0.00013381966	-0.0066753523	0.0
-0.00014200759	-0.006993643	0.0
-0.00015170092	-0.007330047	0.0
-0.00015976846	-0.0076853023	0.0
-0.00017116647	-0.0080590332	0.0
-0.00018258761	-0.0084528597	0.0
-0.00019549621	-0.0088666212	0.0
-0.0002089734	-0.009305805	0.0
-0.00022545145	-0.0097646285	0.0
-0.00024218517	-0.010249171	0.0
-0.00025949435	-0.010757489	0.0
-0.00027757889	-0.011293662	0.0
-0.00029936526	-0.011856094	0.0
-0.00032161997	-0.012449683	0.0
-0.00034708608	-0.013072954	0.0
-0.00037501124	-0.01372603	0.0
-0.00040313057	-0.014414139	0.0
-0.00043678013	-0.015135647	0.0
-0.00047185202	-0.015893769	0.0
-0.00050861458	-0.016690219	0.0
-0.00055090251	-0.017528847	0.0
-0.00059636036	-0.018409515	0.0
-0.00064250041	-0.019337282	0.0
-0.00069138361	-0.020313829	0.0
-0.00074350729	-0.021345139	0.0
-0.00079737918	-0.022431413	0.0
-0.00084910856	-0.023578541	0.0
-0.00089886232	-0.024787173	0.0
-0.00094575633	-0.026059626	0.0
-0.00098678959	-0.027386734	0.0
-0.0010198697	-0.028766528	0.0
-0.001044886	-0.030193074	0.0
-0.0010594308	-0.031642541	0.0
-0.0010616349	-0.033091772	0.0
-0.0010512565	-0.034514301	0.0
-0.0010284152	-0.035870694	0.0
-0.00099342538	-0.037108868	0.0
-0.0009496733	-0.038158614	0.0
-0.00089357269	-0.038931772	0.0
-0.00082900282	-0.03931066	0.0
-0.00075886684	-0.039137281	0.0
-0.00068513746	-0.038195375	0.0
-0.00061095128	-0.0362004	0.0
-0.0005362808	-0.032773856	0.0
-0.00046765106	-0.027419439	0.0
-0.00040872581	-0.019535728	0.0
-0.00035891726	-0.0083968723	0.0
-0.00031944699	0.0067035668	0.0
-0.00029321635	0.026477763	0.0
-0.00027495381	0.051296756	0.0
-0.00025717309	0.081160218	0.0
-0.00023780463	0.11533243	0.0
-0.0002042406	0.15274169	0.0
-0.00015523448	0.19190347	0.0
-8.9114459e-05	0.23129576	0.0
-6.1583632e-06	0.26980782	0.0
8.7188397e-05	0.30665714	0.0
0.00019868741	0.34132397	0.0
0.00032850495	0.3733288	0.0
0.0004877084	0.40193921	0.0
0.00068163913	0.4261606	0.0
0.00091543351	0.44460842	0.0
0.001184328	0.45613006	0.0
0.0014789272	0.45963955	0.0
0.0018004492	0.45452657	0.0
0.0021173188	0.44068134	0.0
0.0024322586	0.41840851	0.0
0.0027150935	0.38831627	0.0
0.0029588593	0.35103655	0.0
0.0031480386	0.3072429	0.0
0.0032694614	0.25710383	0.0
0.0033147458	0.20095924	0.0
0.0032711956	0.13911003	0.0
0.0031390539	0.072326101	0.0
0.0029206141	0.0015474032	0.0
0.0026283571	-0.071938984	0.0
0.0022789983	-0.14676602	0.0
0.0018865466	-0.22142492	0.0
0.0014732254	-0.29430965	0.0
0.0010609091	-0.36421636	0.0
0.00065136707	-0.43016154	0.0
0.0002666272	-0.49153292	0.0
-9.4051604e-05	-0.54772151	0.0
-0.00043264549	-0.59840173	0.0
-0.00073326164	-0.64308149	0.0
-0.0010227361	-0.68133408	0.0
-0.0012772414	-0.7127741	0.0
-0.001509629	-0.73726499	0.0
-0.0017285652	-0.75463319	0.0
-0.0019144097	-0.7647385	0.0
-0.0021014418	-0.76736671	0.0
-0.0022611571	-0.76219076	0.0
-0.0024148894	-0.74873811	0.0
-0.002566867	-0.72648114	0.0
-0.0026993519	-0.69479305	0.0
-0.0028285258	-0.65330535	0.0
-0.0029349432	-0.60202587	0.0
-0.0030194162	-0.54127431	0.0
-0.0030827029	-0.47213167	0.0
-0.003110751	-0.39601603	0.0
-0.0031212533	-0.31448534	0.0
-0.0031098991	-0.2292466	0.0
-0.0030805564	-0.14137883	0.0
-0.0030406234	-0.052148364	0.0
-0.0029857752	0.037726194	0.0
-0.002919053	0.12761177	0.0
-0.0028297815	0.21712677	0.0
-0.0027129936	0.30495027	0.0
-0.0025550292	0.39046749	0.0
-0.002359492	0.47230846	0.0
-0.0021068417	0.54873079	0.0
-0.0018172755	0.61842942	0.0
-0.0014834038	0.68000227	0.0
-0.0011244935	0.73240715	0.0
-0.00075990718	0.77516389	0.0
-0.00038084763	0.80820775	0.0
-2.765036e-05	0.83179659	0.0
0.00034108147	0.84630555	0.0
0.00069068704	0.85202765	0.0
0.0010304095	0.84909749	0.0
0.0013891158	0.83751875	0.0
0.0017213488	0.81694651	0.0
0.0020708663	0.78699839	0.0
0.0024002227	0.74721456	0.0
0.0027059061	0.69758767	0.0
0.0029851312	0.63829559	0.0
0.0032021592	0.57007533	0.0
0.0033839901	0.49413568	0.0
0.0034873346	0.41198564	0.0
0.0035454615	0.32537857	0.0
0.0035471907	0.23561859	0.0
0.0034979908	0.14399348	0.0
0.003406313	0.051577307	0.0
0.0032682403	-0.041092083	0.0
0.003098968	-0.13327138	0.0
0.0028960526	-0.22449461	0.0
0.0026671537	-0.3137944	0.0
0.0024084835	-0.39958245	0.0
0.0021362549	-0.48084989	0.0
0.0018386899	-0.55590928	0.0
0.001537963	-0.62318438	0.0
0.0012335061	-0.68159527	0.0
0.00094046525	-0.73032981	0.0
0.00066866237	-0.76924628	0.0
0.0004135138	-0.79848284	0.0
0.00019650372	-0.81839746	0.0
-1.9262934e-05	-0.8293367	0.0
-0.00019965212	-0.8315767	0.0
-0.00038403602	-0.82515281	0.0
-0.00055759528	-0.80988753	0.0
-0.00071755418	-0.7854352	0.0
-0.00089199614	-0.75142378	0.0
-0.0010415042	-0.70750546	0.0
-0.0012026154	-0.65375751	0.0
-0.0013440023	-0.5906018	0.0
-0.0014811077	-0.51914668	0.0
-0.0016143819	-0.44075787	0.0
-0.0017402526	-0.35690612	0.0
-0.0018763341	-0.26930594	0.0
-0.0020122305	-0.17930633	0.0
-0.0021616812	-0.087906457	0.0
-0.0023139396	0.004012228	0.0
-0.0024701552	0.095888548	0.0
-0.0026154006	0.18699986	0.0
-0.002738795	0.27684712	0.0
-0.0028169663	0.36381012	0.0
-0.0028366079	0.44713321	0.0
-0.0027803483	0.52502304	0.0
-0.002637631	0.59592056	0.0
-0.0024223679	0.65856928	0.0
-0.0021318593	0.71197176	0.0
-0.0018059741	0.75570947	0.0
-0.0014531527	0.78959882	0.0
-0.0010929886	0.81405348	0.0
-0.00073648151	0.82934213	0.0
-0.00038269136	0.83582777	0.0
-4.9929557e-05	0.83365059	0.0
0.00028481334	0.82273841	0.0
0.00059858838	0.80281258	0.0
0.00089729135	0.77347922	0.0
0.0011793291	0.73438168	0.0
0.0014206677	0.6853655	0.0
0.0016301505	0.62669677	0.0
0.0017721397	0.55908197	0.0
0.0018649914	0.48381191	0.0
0.0018962211	0.40231133	0.0
0.0018728091	0.31619081	0.0
0.0018159826	0.22697467	0.0
0.0017307819	0.13576314	0.0
0.0016412651	0.043629337	0.0
0.001559414	-0.04878718	0.0
0.0014956696	-0.14090951	0.0
0.0014613384	-0.23209627	0.0
0.001454497	-0.32113567	0.0
0.0014726386	-0.40715134	0.0
0.0015060959	-0.48810408	0.0
0.0015414786	-0.56293076	0.0
0.0015673599	-0.62999249	0.0
0.0015689204	-0.68813306	0.0
0.0015449425	-0.73667306	0.0
0.001488469	-0.77529693	0.0
0.0014072033	-0.80427849	0.0
0.001296866	-0.82391578	0.0
0.0011600249	-0.8345831	0.0
0.00099570327	-0.83650219	0.0
0.00080441841	-0.82971209	0.0
0.00058800558	-0.8140921	0.0
0.00033521524	-0.78923512	0.0
7.3028823e-05	-0.75474006	0.0
-0.00020229921	-0.71039736	0.0
-0.00046476958	-0.6562025	0.0
-0.00068509142	-0.59263086	0.0
-0.00085886416	-0.52071506	0.0
-0.00094845548	-0.44182029	0.0
-0.00096635416	-0.35759166	0.0
-0.00090233894	-0.26951244	0.0
-0.00076984987	-0.17890863	0.0
-0.00057351502	-0.086914197	0.0
-0.00032098347	0.0054466198	0.0
-2.0717132e-05	0.097795658	0.0
0.00032349207	0.18955746	0.0
0.00071000197	0.27978095	0.0
0.001138424	0.36732447	0.0
0.0015958661	0.45104963	0.0
0.0020880897	0.52910036	0.0
0.0025760834	0.60019279	0.0
0.003057082	0.66289151	0.0
0.003493618	0.71619004	0.0
0.0038691447	0.75969213	0.0
0.0041856081	0.79339033	0.0
0.0044208565	0.81758583	0.0
0.0045997524	0.83257169	0.0
0.0047061592	0.83877289	0.0
0.0047666919	0.83631706	0.0
0.0047789547	0.82513988	0.0
0.0047391062	0.80496866	0.0
0.0046711606	0.77542424	0.0
0.0045642965	0.73609501	0.0
0.0044162846	0.68690282	0.0
0.004243853	0.62805396	0.0
0.0040230965	0.56024128	0.0
0.0037730925	0.48475617	0.0
0.0034922892	0.4030515	0.0
0.003188774	0.31682354	0.0
0.00287242	0.22756724	0.0
0.0025442725	0.13635591	0.0
0.0022136231	0.044270109	0.0
0.0018805463	-0.048122291	0.0
0.0015465023	-0.14015879	0.0
0.0012073691	-0.23145317	0.0
0.00086552324	-0.3204982	0.0
0.00050913449	-0.40646106	0.0
0.00014651935	-0.48794878	0.0
-0.00023151933	-0.56309515	0.0
-0.00060068269	-0.63062358	0.0
-0.00097083859	-0.68921173	0.0
-0.0013157512	-0.73816919	0.0
-0.001631994	-0.77723694	0.0
-0.001926656	-0.80662209	0.0
-0.0021751283	-0.82653302	0.0
-0.002424686	-0.83738965	0.0
-0.0026332473	-0.83946007	0.0
-0.0028415117	-0.83275181	0.0
-0.0030434467	-0.81709588	0.0
-0.0032195845	-0.7921406	0.0
-0.0034105324	-0.75748789	0.0
-0.0035442391	-0.71283907	0.0
-0.0036638675	-0.65830308	0.0
-0.0037326165	-0.59435636	0.0
-0.0037324324	-0.52207363	0.0
-0.0036945611	-0.44287753	0.0
-0.0035801702	-0.35839373	0.0
-0.0034372262	-0.27034441	0.0
-0.0032480028	-0.17971772	0.0
-0.0030382462	-0.087769769	0.0
-0.0028095238	0.0046665771	0.0
-0.0025711986	0.097003564	0.0
-0.0023254831	0.18845445	0.0
-0.0020751571	0.27858621	0.0
-0.001814291	0.36613598	0.0
-0.0015416223	0.44961888	0.0
-0.0012625083	0.5276069	0.0
-0.00096151436	0.59858608	0.0
-0.00067711383	0.66121942	0.0
-0.00038143597	0.7144981	0.0
-0.00011623165	0.75805229	0.0
0.00012966619	0.79180741	0.0
0.00036205124	0.81606972	0.0
0.00055645336	0.8311922	0.0
0.00075899553	0.83750367	0.0
0.00093686907	0.83514738	0.0
0.0011175164	0.82403475	0.0
0.0012986145	0.80390233	0.0
0.0014683848	0.7743749	0.0
0.0016420804	0.73510098	0.0
0.0017821543	0.68592012	0.0
0.0018970076	0.62713432	0.0
0.0019637344	0.55936819	0.0
0.0019688152	0.48415685	0.0
0.0019267552	0.40271208	0.0
0.0018232309	0.3166976	0.0
0.0016894971	0.22754869	0.0
0.0015284932	0.1365926	0.0
0.0013494117	0.044575546	0.0
0.0011628857	-0.047518693	0.0
0.00096889841	-0.13954404	0.0
0.00076470163	-0.23032326	0.0
0.00054342352	-0.31925312	0.0
0.00029447663	-0.40507665	0.0
1.7335029e-05	-0.4863604	0.0
-0.00029285817	-0.56144381	0.0
-0.00063613214	-0.6289196	0.0
-0.00098434766	-0.68756223	0.0
-0.0013485124	-0.73657882	0.0
-0.0016881111	-0.77577674	0.0
-0.0020208377	-0.80526376	0.0
-0.0023208722	-0.82540035	0.0
-0.0026043642	-0.83654207	0.0
-0.0028711518	-0.83891916	0.0
-0.0031009645	-0.83261716	0.0
-0.0033316056	-0.81745583	0.0
-0.0035235081	-0.79304874	0.0
-0.0036849543	-0.75896716	0.0
-0.0038186968	-0.71507525	0.0
-0.0038800857	-0.66116381	0.0
-0.0038987652	-0.5978598	0.0
-0.003833743	-0.52608693	0.0
-0.0037147899	-0.44728863	0.0
-0.0035374104	-0.36301243	0.0
-0.0033188881	-0.27470434	0.0
-0.003076358	-0.18417796	0.0
-0.0028138503	-0.091950804	0.0
-0.0025504858	0.00057883235	0.0
-0.0022883883	0.093255274	0.0
-0.0020273966	0.18514659	0.0
-0.001770422	0.27568349	0.0
-0.0015136233	0.36368454	0.0
-0.0012604191	0.44766974	0.0
-0.0010007132	0.52609581	0.0
-0.00074877928	0.59759802	0.0
-0.00050347252	0.660676	0.0
-0.0002642521	0.71434504	0.0
-5.9696631e-05	0.75822192	0.0
0.00013350535	0.79220825	0.0
0.00030009044	0.81668234	0.0
0.00044456433	0.83192605	0.0
0.0005826687	0.83834118	0.0
0.00070083718	0.83609861	0.0
0.00082297862	0.82511157	0.0
0.0009440009	0.80512577	0.0
0.0010678795	0.77573133	0.0
0.0012057169	0.73662436	0.0
0.0013409305	0.68757397	0.0
0.0014796093	0.62891757	0.0
0.0016101414	0.56133652	0.0
0.0017271417	0.48597535	0.0
0.0018308965	0.40465423	0.0
0.0019170415	0.31865415	0.0
0.0019898312	0.2295223	0.0
0.0020553486	0.13840526	0.0
0.002108098	0.046466768	0.0
0.0021555864	-0.045789372	0.0
0.0021908614	-0.13763703	0.0
0.002203861	-0.2285405	0.0
0.0021812504	-0.3176541	0.0
0.0021054249	-0.40336755	0.0
0.0019500008	-0.48460421	0.0
0.0017161337	-0.55967909	0.0
0.0013778049	-0.627123	0.0
0.00095791381	-0.68572319	0.0
0.00047047428	-0.73473299	0.0
-6.5064291e-05	-0.77393997	0.0
-0.00061565707	-0.80348301	0.0
-0.0011760845	-0.82359403	0.0
-0.001713057	-0.83473837	0.0
-0.0022528642	-0.83713424	0.0
-0.0027537108	-0.83082855	0.0
-0.0032350498	-0.81564295	0.0
-0.0036924439	-0.79125202	0.0
-0.0040905643	-0.75723487	0.0
-0.0044478695	-0.71330619	0.0
-0.0047169854	-0.65949023	0.0
-0.0049082777	-0.59619331	0.0
-0.0050003715	-0.52476221	0.0
-0.0050027235	-0.44615561	0.0
-0.0049305754	-0.36230689	0.0
-0.0047920984	-0.27448937	0.0
-0.0046185367	-0.18424532	0.0
-0.0044068545	-0.092291199	0.0
-0.0041715982	-0.00047796499	0.0
-0.0039116964	0.091617145	0.0
-0.0036198799	0.18319733	0.0
-0.0032913757	0.27294287	0.0
-0.0029160972	0.36031085	0.0
-0.0024863242	0.44376725	0.0
-0.0020030572	0.52183312	0.0
-0.0014777721	0.59312856	0.0
-0.00092605595	0.6559341	0.0
-0.00038907767	0.70961583	0.0
0.00013358807	0.75340527	0.0
0.00060117239	0.78741831	0.0
0.0010134999	0.81197357	0.0
0.0013633273	0.82739663	0.0
0.001654937	0.83399457	0.0
0.0018968586	0.83194476	0.0
0.0020869093	0.82117832	0.0
0.0022412294	0.80146557	0.0
0.0023556449	0.77236885	0.0
0.0024356919	0.73353171	0.0
0.0024948118	0.68478227	0.0
0.0025180683	0.62642658	0.0
0.0025297734	0.55909848	0.0
0.0025317546	0.48393503	0.0
0.0025336058	0.40270361	0.0
0.0025524253	0.31677058	0.0
0.0025901305	0.22759652	0.0
0.0026581462	0.13652135	0.0
0.0027512624	0.044529583	0.0
0.0028621431	-0.047727399	0.0
0.0029792513	-0.13962907	0.0
0.0030859576	-0.23060635	0.0
0.0031612143	-0.31946066	0.0
0.003181315	-0.40514421	0.0
0.0031333962	-0.48619714	0.0
0.0029988601	-0.56099147	0.0
0.0027814945	-0.62812895	0.0
0.0024960602	-0.6863566	0.0
0.0021523337	-0.7349385	0.0
0.0017890928	-0.77371424	0.0
0.0014071326	-0.80278873	0.0
0.0010296527	-0.82247311	0.0
0.00066012196	-0.83316946	0.0
0.00030606313	-0.83511806	0.0
-4.3023556e-05	-0.82835782	0.0
-0.00037955359	-0.81272012	0.0
-0.00071081187	-0.78795248	0.0
-0.0010302725	-0.75352448	0.0
-0.0013361676	-0.70927131	0.0
-0.001617415	-0.65520352	0.0
-0.0018658488	-0.59183896	0.0
-0.0020696931	-0.5201683	0.0
-0.0022246037	-0.44152513	0.0
-0.0023296063	-0.35767961	0.0
-0.0023913125	-0.27001226	0.0
-0.0024053014	-0.17987521	0.0
-0.0023946958	-0.088362224	0.0
-0.0023476707	0.0035427776	0.0
-0.0022829014	0.095489085	0.0
-0.0021949846	0.18682837	0.0
-0.0020896161	0.27679643	0.0
-0.0019620762	0.36419177	0.0
-0.0018137547	0.44776058	0.0
-0.0016397174	0.52592337	0.0
-0.0014401288	0.5971626	0.0
-0.0012407893	0.66016996	0.0
-0.0010132671	0.71383011	0.0
-0.00080227916	0.75779402	0.0
-0.00058053603	0.79184651	0.0
-0.00037342557	0.81641662	0.0
-0.00017657831	0.83181703	0.0
3.1535586e-05	0.8383736	0.0
0.00022176193	0.83623427	0.0
0.00043255845	0.82533777	0.0
0.00063904066	0.80541688	0.0
0.0008565652	0.7761026	0.0
0.0010872899	0.73695838	0.0
0.0013046103	0.68801397	0.0
0.0015120876	0.62933707	0.0
0.0016828277	0.56177372	0.0
0.0018178928	0.48640618	0.0
0.0018995976	0.40501949	0.0
0.0019351419	0.31890541	0.0
0.0019329345	0.22958255	0.0
0.0018918358	0.13847663	0.0
0.001822389	0.04632999	0.0
0.0017256961	-0.045981009	0.0
0.0016055279	-0.13801065	0.0
0.0014574998	-0.22900766	0.0
0.0012803702	-0.31814879	0.0
0.001070917	-0.40404245	0.0
0.00083275378	-0.48529756	0.0
0.00057269796	-0.56035233	0.0
0.00030383753	-0.62772083	0.0
3.5394172e-05	-0.68634433	0.0
-0.00022056061	-0.735201	0.0
-0.00045313459	-0.77424556	0.0
-0.0006733113	-0.80360603	0.0
-0.00086383981	-0.82364476	0.0
-0.0010473174	-0.83470184	0.0
-0.0012217541	-0.83705002	0.0
-0.0013845315	-0.83073187	0.0
-0.0015537807	-0.8155843	0.0
-0.0017102987	-0.79126006	0.0
-0.0018571862	-0.7573781	0.0
-0.001994238	-0.71354628	0.0
-0.0021056682	-0.6600045	0.0
-0.0021951247	-0.5970099	0.0
-0.0022552847	-0.52558768	0.0
-0.0022820504	-0.44716185	0.0
-0.002290779	-0.36314029	0.0
-0.0022735447	-0.27551827	0.0
-0.0022359274	-0.18510623	0.0
-0.0021813216	-0.093408726	0.0
-0.0021105965	-0.0009966346	0.0
-0.0020236666	0.091260508	0.0
-0.0019136987	0.18303388	0.0
-0.0017829796	0.27329421	0.0
-0.0016190088	0.36105821	0.0
-0.001420492	0.44501862	0.0
-0.0011761595	0.52361369	0.0
-0.00088907022	0.59540743	0.0
-0.00056565832	0.65873444	0.0
-0.00021923723	0.71273398	0.0
0.00014470392	0.75700319	0.0
0.00050192251	0.79144865	0.0
0.00084871333	0.81629729	0.0
0.0011911847	0.83196342	0.0
0.0015139336	0.83874011	0.0
0.001813174	0.83679479	0.0
0.002104867	0.8260563	0.0
0.0023658266	0.80624747	0.0
0.0026054638	0.77707165	0.0
0.0028115073	0.73804587	0.0
0.0029806732	0.68901515	0.0
0.00309492	0.63008046	0.0
0.003161439	0.56256276	0.0
0.0031736251	0.48709223	0.0
0.0031346774	0.40536112	0.0
0.0030551918	0.31904361	0.0
0.0029440047	0.22955161	0.0
0.0028107241	0.13815095	0.0
0.0026627965	0.045576513	0.0
0.0025099297	-0.047133144	0.0
0.0023569104	-0.13927692	0.0
0.0022066578	-0.23037472	0.0
0.0020653713	-0.31964633	0.0
0.0019276822	-0.40575072	0.0
0.0017913778	-0.48705956	0.0
0.0016590782	-0.56217217	0.0
0.0015226541	-0.62964123	0.0
0.0013996479	-0.68828243	0.0
0.0012769847	-0.73730218	0.0
0.0011744968	-0.77649581	0.0
0.0010896424	-0.80598021	0.0
0.0010223418	-0.82609165	0.0
0.00096904329	-0.83719003	0.0
0.00093856	-0.83952361	0.0
0.00091303099	-0.83315319	0.0
0.00089038018	-0.817891	0.0
0.00089261105	-0.79338932	0.0
0.00088590634	-0.75927192	0.0
0.00089840119	-0.71523488	0.0
0.00092257361	-0.66131139	0.0
0.00095946627	-0.5980131	0.0
0.0010196514	-0.52614051	0.0
0.0010898147	-0.44747838	0.0
0.0011790185	-0.36334282	0.0
0.0012791525	-0.27533886	0.0
0.0013918884	-0.18498772	0.0
0.0015134412	-0.093237691	0.0
0.0016456598	-0.00098030572	0.0
0.0017896066	0.091149896	0.0
0.0019443416	0.18257272	0.0
0.0021092568	0.27258125	0.0
0.0022866181	0.35992211	0.0
0.0024698912	0.44339645	0.0
0.002645602	0.52151519	0.0
0.0028060901	0.59270191	0.0
0.0029344037	0.65557009	0.0
0.0030239627	0.70919347	0.0
0.0030563481	0.75309348	0.0
0.003031651	0.78729171	0.0
0.0029561198	0.81188387	0.0
0.002817373	0.82738352	0.0
0.0026505839	0.83407879	0.0
0.0024268678	0.83211219	0.0
0.0021911738	0.82138437	0.0
0.0019293812	0.80168462	0.0
0.0016651804	0.77254862	0.0
0.0014090572	0.73359698	0.0
0.001151339	0.68471211	0.0
0.00093186571	0.62604779	0.0
0.00071497372	0.55857587	0.0
0.00053227518	0.48334578	0.0
0.00037432709	0.40192038	0.0
0.00022652544	0.31587631	0.0
0.0001103003	0.22692768	0.0
-6.3918951e-06	0.13599913	0.0
-0.00010987334	0.044176888	0.0
-0.00022166784	-0.047489338	0.0
-0.00034359324	-0.13895847	0.0
-0.00049079646	-0.22944881	0.0
-0.00066752231	-0.31797719	0.0
-0.0008931628	-0.40329307	0.0
-0.0011544307	-0.48409295	0.0
-0.0014641278	-0.55889267	0.0
-0.0017982299	-0.62592286	0.0
-0.0021403213	-0.68418521	0.0
-0.0024830992	-0.73298818	0.0
-0.0027792479	-0.7719149	0.0
-0.0030514426	-0.80117708	0.0
-0.0032497682	-0.82113653	0.0
-0.003409599	-0.83211142	0.0
-0.0034998967	-0.83437169	0.0
-0.0035398109	-0.82793438	0.0
-0.003533808	-0.81264079	0.0
-0.0034558321	-0.78814656	0.0
-0.0033613909	-0.75414062	0.0
-0.0031910436	-0.71026105	0.0
-0.0029938156	-0.65658802	0.0
-0.0027603442	-0.59355932	0.0
-0.0024803681	-0.52212268	0.0
-0.0021903669	-0.44404328	0.0
-0.0018729734	-0.36045164	0.0
-0.0015530603	-0.27306619	0.0
-0.0012299574	-0.18315183	0.0
-0.0009139597	-0.09176217	0.0
-0.00061150891	0.00021334748	0.0
-0.00031962231	0.091996372	0.0
-4.8152062e-05	0.18327235	0.0
0.00020617204	0.27318773	0.0
0.00044068569	0.36070105	0.0
0.00065114058	0.44424158	0.0
0.00083565217	0.52244443	0.0
0.0010031844	0.5938502	0.0
0.0011283298	0.6569308	0.0
0.0012381016	0.710693	0.0
0.0013254021	0.75478315	0.0
0.0013790658	0.78909248	0.0
0.0014501412	0.81386244	0.0
0.0014897443	0.82951188	0.0
0.0015502009	0.83633631	0.0
0.0016090926	0.83450055	0.0
0.0016717204	0.82395869	0.0
0.0017603238	0.80441999	0.0
0.0018335959	0.77551079	0.0
0.0019305554	0.7368843	0.0
0.0019934068	0.68824011	0.0
0.0020419944	0.6300981	0.0
0.0020569405	0.56289709	0.0
0.0020084279	0.48789999	0.0
0.0019233737	0.40671358	0.0
0.0017749004	0.32078364	0.0
0.0015920406	0.23164134	0.0
0.0013687081	0.14046387	0.0
0.0011198474	0.04836873	0.0
0.00085644703	-0.044021837	0.0
0.00057950476	-0.13628	0.0
0.00029736661	-0.22734506	0.0
9.9986673e-06	-0.31657526	0.0
-0.00028288696	-0.40266013	0.0
-0.00058550353	-0.48424	0.0
-0.00088584184	-0.55962414	0.0
-0.0011860073	-0.62732142	0.0
-0.0014741508	-0.686185	0.0
-0.0017435753	-0.73542148	0.0
-0.0019948445	-0.77478677	0.0
-0.0022080417	-0.80441582	0.0
-0.0024044849	-0.8246693	0.0
-0.0025705255	-0.83585674	0.0
-0.0027073894	-0.83827609	0.0
-0.0028427232	-0.83193284	0.0
-0.0029397022	-0.81679296	0.0
-0.0030371414	-0.7924034	0.0
-0.0031126277	-0.75824493	0.0
-0.0031707131	-0.71451449	0.0
-0.0032208508	-0.66080219	0.0
-0.0032275871	-0.59747756	0.0
-0.0032306372	-0.5259878	0.0
-0.0031911214	-0.44737884	0.0
-0.0031427185	-0.36357889	0.0
-0.0030711419	-0.27579173	0.0
-0.00298112	-0.18549879	0.0
-0.0028877805	-0.093865804	0.0
-0.0027767725	-0.0016496737	0.0
-0.0026555008	0.090400159	0.0
-0.0025123011	0.18197979	0.0
-0.0023392858	0.27184656	0.0
-0.0021230178	0.35919684	0.0
-0.0018615176	0.44281298	0.0
-0.0015356975	0.52092981	0.0
-0.0011581152	0.59221047	0.0
-0.00073081965	0.65518028	0.0
-0.00026701434	0.70893645	0.0
0.00020112867	0.75295866	0.0
0.00067903055	0.78719521	0.0
0.001121068	0.81197554	0.0
0.0015409088	0.82753885	0.0
0.0019301561	0.83435214	0.0
0.0022683234	0.83256882	0.0
0.0025924211	0.82213914	0.0
0.0028572739	0.8027789	0.0
0.0030888957	0.77408242	0.0
0.0032708051	0.73583978	0.0
0.0033876614	0.68764704	0.0
0.0034340208	0.62980813	0.0
0.0034003709	0.5629608	0.0
0.003295436	0.48832205	0.0
0.0031192405	0.40725663	0.0
0.0028967704	0.32147941	0.0
0.0026403004	0.23246939	0.0
0.0023648331	0.14134757	0.0
0.0020871032	0.049243066	0.0
0.0018144889	-0.04332424	0.0
0.0015512956	-0.13546039	0.0
0.0012974219	-0.22693576	0.0
0.0010531924	-0.3162905	0.0
0.00081728451	-0.40255561	0.0
0.00058315438	-0.4844605	0.0
0.00036161309	-0.56004685	0.0
0.00014644889	-0.62796295	0.0
-4.605401e-05	-0.68706387	0.0
-0.0002153496	-0.73645496	0.0
-0.00037363093	-0.77595168	0.0
-0.00048888614	-0.80567116	0.0
-0.00061330973	-0.82593453	0.0
-0.00070617627	-0.83716124	0.0
-0.00080902135	-0.83956307	0.0
-0.00091304706	-0.83324254	0.0
-0.0010158159	-0.81801623	0.0
-0.0011438022	-0.79355103	0.0
-0.0012658455	-0.75937498	0.0
-0.0014065816	-0.71544957	0.0
-0.0015429074	-0.66157001	0.0
-0.0016679841	-0.59831095	0.0
-0.0017771177	-0.52659458	0.0
-0.0018486239	-0.44780469	0.0
-0.001886322	-0.36393705	0.0
-0.0018752093	-0.27608249	0.0
-0.0018197284	-0.18580511	0.0
-0.0017246399	-0.094019152	0.0
-0.0015914495	-0.0018047672	0.0
-0.0014373446	0.090377986	0.0
-0.0012686724	0.18188724	0.0
-0.0010972484	0.27205217	0.0
-0.00093032303	0.35970283	0.0
-0.00077714719	0.44357711	0.0
-0.00064075587	0.52210283	0.0
-0.00052523054	0.59377944	0.0
-0.00043577983	0.65729749	0.0
-0.00036380431	0.71136618	0.0
-0.00032348637	0.75570625	0.0
-0.00029845384	0.79029071	0.0
-0.00028207703	0.81529373	0.0
-0.00029092422	0.83113855	0.0
-0.00029407904	0.83809763	0.0
-0.00030784731	0.83635885	0.0
-0.00032171211	0.82584536	0.0
-0.00032668479	0.80626899	0.0
-0.00033660192	0.77734154	0.0
-0.0003218122	0.73861301	0.0
-0.00031592968	0.68993986	0.0
-0.00028505473	0.63158894	0.0
-0.00025379134	0.56418216	0.0
-0.00022513268	0.48918203	0.0
-0.00018290755	0.40787867	0.0
-0.00016897461	0.32185778	0.0
-0.00015300701	0.23269179	0.0
-0.00016046541	0.14133169	0.0
-0.00018683451	0.04936035	0.0
-0.00022672742	-0.043053873	0.0
-0.00028376098	-0.13509287	0.0
-0.00034999088	-0.22609778	0.0
-0.00041548748	-0.31515393	0.0
-0.00048046207	-0.40101063	0.0
-0.00053569337	-0.48219728	0.0
-0.00057592936	-0.55736434	0.0
-0.0005975028	-0.62468362	0.0
-0.00060262904	-0.68322128	0.0
-0.00058924255	-0.73231858	0.0
-0.00056185329	-0.77159888	0.0
-0.00052595517	-0.80126542	0.0
-0.00048122485	-0.82164192	0.0
-0.00043943609	-0.83308154	0.0
-0.00040109869	-0.83583164	0.0
-0.00035997335	-0.8299526	0.0
-0.0003302744	-0.81526691	0.0
-0.00030513812	-0.79138982	0.0
-0.0002890832	-0.75798607	0.0
-0.00027791885	-0.71467358	0.0
-0.0002720386	-0.66146958	0.0
-0.00026838906	-0.59881395	0.0
-0.00026440935	-0.52744478	0.0
-0.00027402313	-0.44923425	0.0
-0.00028874382	-0.36529163	0.0
-0.00031377922	-0.27743414	0.0
-0.00035050418	-0.18700123	0.0
-0.00038137365	-0.095070332	0.0
-0.0004085144	-0.0026085072	0.0
-0.00041315632	0.089806072	0.0
-0.0003862853	0.18159132	0.0
-0.00031124498	0.27186406	0.0
-0.00017850524	0.35966992	0.0
2.2310673e-05	0.44342729	0.0
0.00028640509	0.5218693	0.0
0.00060981431	0.59339863	0.0
0.00097994786	0.65648139	0.0
0.0013660224	0.71030074	0.0
0.0017581771	0.75429642	0.0
0.0021298693	0.78850704	0.0
0.0024784026	0.81315577	0.0
0.0027948152	0.82867938	0.0
0.0030781096	0.83541274	0.0
0.0033333185	0.83347458	0.0
0.0035520496	0.82287288	0.0
0.0037487645	0.80332458	0.0
0.0039175902	0.77445519	0.0
0.0040331646	0.73586845	0.0
0.0041107126	0.68735516	0.0
0.0041253506	0.62928134	0.0
0.0040712366	0.56219292	0.0
0.003965802	0.48729637	0.0
0.0037906819	0.40607452	0.0
0.003588588	0.3200728	0.0
0.0033511156	0.23114021	0.0
0.0031015195	0.13998899	0.0
0.002838739	0.048057828	0.0
0.0025589496	-0.04425763	0.0
0.0022617758	-0.13622653	0.0
0.0019356618	-0.22712924	0.0
0.0015757948	-0.31613773	0.0
0.0011775069	-0.40197119	0.0
0.00074367662	-0.48313782	0.0
0.0002884221	-0.55814499	0.0
-0.00017600412	-0.62561494	0.0
-0.00061935134	-0.68401951	0.0
-0.0010220524	-0.73286998	0.0
-0.0013765824	-0.7719751	0.0
-0.0016662092	-0.80133682	0.0
-0.0019003369	-0.82139009	0.0
-0.0020771013	-0.83248401	0.0
-0.0022101011	-0.83487135	0.0
-0.0023029612	-0.8286081	0.0
-0.0023655267	-0.81351429	0.0
-0.0024124889	-0.78922212	0.0
-0.0024200231	-0.75544459	0.0
-0.0024234094	-0.71180451	0.0
-0.002382858	-0.65829092	0.0
-0.002319017	-0.5954321	0.0
-0.0022211703	-0.52432317	0.0
-0.0020830003	-0.44619876	0.0
-0.0019211166	-0.36262101	0.0
-0.0017249199	-0.27535459	0.0
-0.0015193918	-0.18560845	0.0
-0.0013019723	-0.094413452	0.0
-0.0010904581	-0.0026215217	0.0
-0.00089003192	0.089147791	0.0
-0.00071022758	0.18038701	0.0
-0.00055162277	0.27041602	0.0
-0.00041583445	0.3578141	0.0
-0.00029839159	0.44149488	0.0
-0.00018855539	0.51995313	0.0
-8.9315887e-05	0.59172398	0.0
1.2617625e-05	0.65513414	0.0
0.00011357735	0.70940715	0.0
0.00021792321	0.75393355	0.0
0.00032298756	0.78868544	0.0
0.0004286558	0.81390703	0.0
0.00054563599	0.82995188	0.0
0.0006611463	0.83715588	0.0
0.00080333569	0.83567017	0.0
0.00096199301	0.8254512	0.0
0.0011439399	0.80628967	0.0
0.001357265	0.77773988	0.0
0.0015811661	0.73940861	0.0
0.0018181207	0.69111753	0.0
0.0020293347	0.63316131	0.0
0.0022032107	0.56616187	0.0
0.0023070821	0.49119005	0.0
0.0023352576	0.40989986	0.0
0.0022810558	0.32371747	0.0
0.0021455723	0.2344698	0.0
0.0019490358	0.14314544	0.0
0.0016967054	0.050632406	0.0
0.0014064749	-0.041841239	0.0
0.0010900581	-0.13419718	0.0
0.00075589557	-0.22547363	0.0
0.00041469047	-0.31486261	0.0
7.2805415e-05	-0.40091974	0.0
-0.00026532818	-0.48246416	0.0
-0.00058008096	-0.5579114	0.0
-0.00088484073	-0.62568879	0.0
-0.0011415897	-0.68463951	0.0
-0.0013592202	-0.73396534	0.0
-0.0015388755	-0.77346706	0.0
-0.001651279	-0.80327123	0.0
-0.0017297207	-0.82359701	0.0
-0.0017657626	-0.83494484	0.0
-0.0017595828	-0.83753711	0.0
-0.0017271532	-0.83143896	0.0
-0.0016671398	-0.81646866	0.0
-0.0015997888	-0.79231113	0.0
-0.0015046662	-0.7585454	0.0
-0.0014227274	-0.71488672	0.0
-0.0013201328	-0.66128618	0.0
-0.0012225278	-0.59822273	0.0
-0.0011310308	-0.52695405	0.0
-0.0010260519	-0.44847402	0.0
-0.00092883297	-0.3646144	0.0
-0.00083268218	-0.27682617	0.0
-0.00073173788	-0.18657015	0.0
-0.00064162322	-0.095007159	0.0
-0.00054649095	-0.0028245088	0.0
-0.00045356961	0.089214593	0.0
-0.00035415945	0.18064061	0.0
-0.00023932895	0.27062148	0.0
-9.70029e-05	0.35806671	0.0
7.7362878e-05	0.44170448	0.0
0.00029951957	0.51999539	0.0
0.00056072738	0.59140462	0.0
0.00084670004	0.65457004	0.0
0.001159354	0.708529	0.0
0.0014485646	0.75265789	0.0
0.0017263824	0.78702879	0.0
0.0019662387	0.81190705	0.0
0.0021539049	0.82762939	0.0
0.0023134162	0.83455247	0.0
0.00241543	0.83282584	0.0
0.0024833104	0.82238376	0.0
0.0025038628	0.80293995	0.0
0.0024807879	0.77420187	0.0
0.002405965	0.73571545	0.0
0.0022811138	0.68734103	0.0
0.00209927	0.62926143	0.0
0.0018657553	0.56218183	0.0
0.001588846	0.48761114	0.0
0.0012690371	0.40670532	0.0
0.00094220502	0.32123041	0.0
0.00059181912	0.23241629	0.0
0.00025544435	0.14184718	0.0
-8.57013e-05	0.050117966	0.0
-0.00041303661	-0.042238049	0.0
-0.00073546829	-0.13352019	0.0
-0.001044636	-0.22438008	0.0
-0.0013543111	-0.31331572	0.0
-0.0016462343	-0.39933872	0.0
-0.0019318595	-0.48087007	0.0
-0.0021983988	-0.55639714	0.0
-0.0024298327	-0.62437087	0.0
-0.0026389207	-0.68368661	0.0
-0.0027816507	-0.73321545	0.0
-0.0028996419	-0.77289456	0.0
-0.0029578435	-0.80293691	0.0
-0.002979808	-0.82349122	0.0
-0.0029852819	-0.83503342	0.0
-0.0029444466	-0.83779854	0.0
-0.002916428	-0.83185279	0.0
-0.0028595799	-0.81704384	0.0
-0.0027990274	-0.79302186	0.0
-0.0027451857	-0.759395	0.0
-0.0026556954	-0.71589011	0.0
-0.0025650656	-0.66253334	0.0
-0.0024325144	-0.59967059	0.0
-0.0022768734	-0.528521	0.0
-0.0020795646	-0.45020893	0.0
-0.0018497317	-0.36644995	0.0
-0.00158854	-0.27875662	0.0
-0.0013018386	-0.1886564	0.0
-0.0010037837	-0.097131357	0.0
-0.00069427944	-0.0050865696	0.0
-0.00039078778	0.086885385	0.0
-9.8776429e-05	0.17825757	0.0
0.00017357156	0.26823977	0.0
0.00043022324	0.35576442	0.0
0.00066171121	0.43951413	0.0
0.00087707641	0.51796615	0.0
0.0010706561	0.58977509	0.0
0.0012519152	0.65319747	0.0
0.0014164475	0.70748138	0.0
0.0015580057	0.75214767	0.0
0.0016983806	0.78696293	0.0
0.0018042796	0.81230259	0.0
0.0019141699	0.82847375	0.0
0.0020099797	0.83579999	0.0
0.0020984593	0.83445185	0.0
0.002208998	0.82436788	0.0
0.0023095517	0.80530602	0.0
0.0024368938	0.77686536	0.0
0.0025618181	0.73866105	0.0
0.0026869767	0.69056976	0.0
0.0028005815	0.63271815	0.0
0.002867294	0.56585401	0.0
0.0028951149	0.49128163	0.0
0.0028473821	0.41032475	0.0
0.0027438956	0.32467178	0.0
0.0025840688	0.23568977	0.0
0.0023712425	0.14446284	0.0
0.0021332244	0.052513555	0.0
0.0018660416	-0.039933454	0.0
0.0015851947	-0.13203149	0.0
0.0012906137	-0.22329772	0.0
0.00098591833	-0.31265125	0.0
0.00066211569	-0.39894143	0.0
0.00032226442	-0.48058394	0.0
-4.2041909e-05	-0.55620682	0.0
-0.0004074935	-0.62398708	0.0
-0.00078487757	-0.68288475	0.0
-0.0011458624	-0.73226202	0.0
-0.0014813876	-0.77161348	0.0
-0.0017966722	-0.80121493	0.0
-0.0020717138	-0.8213886	0.0
-0.0023151892	-0.83250535	0.0
-0.0025323275	-0.83484173	0.0
-0.0027230389	-0.82845598	0.0
-0.0029035567	-0.81319642	0.0
-0.0030611681	-0.78872466	0.0
-0.0032162119	-0.75470144	0.0
-0.0033370757	-0.71082258	0.0
-0.0034413387	-0.65714759	0.0
-0.0035044698	-0.59415632	0.0
-0.0035114763	-0.52279001	0.0
-0.0034658222	-0.44464853	0.0
-0.0033651635	-0.36107513	0.0
-0.0032075909	-0.27366126	0.0
-0.0030107538	-0.18377985	0.0
-0.0027784221	-0.092515372	0.0
-0.0025251459	-0.00072040746	0.0
-0.0022545874	0.090935737	0.0
-0.0019703989	0.18216237	0.0
-0.0016720893	0.27165085	0.0
-0.0013540172	0.35856205	0.0
-0.001006329	0.44171333	0.0
-0.00062644051	0.51959586	0.0
-0.00020380683	0.5905118	0.0
0.00025048267	0.65327805	0.0
0.00071844773	0.70685351	0.0
0.0012063838	0.75075895	0.0
0.0016731084	0.78500718	0.0
0.002123669	0.80981088	0.0
0.0025442583	0.82558984	0.0
0.0029286139	0.83259785	0.0
0.00328349	0.83105642	0.0
0.0035951687	0.82088792	0.0
0.0038681261	0.80184025	0.0
0.0040919776	0.77347046	0.0
0.0042492496	0.73548698	0.0
0.0043390403	0.68760198	0.0
0.0043349662	0.62993026	0.0
0.0042410973	0.56342196	0.0
0.0040664603	0.48899698	0.0
0.0038083429	0.4081727	0.0
0.0035009733	0.32256651	0.0
0.0031496398	0.23357303	0.0
0.0027667517	0.14279225	0.0
0.0023643216	0.050900362	0.0
0.0019429525	-0.041237149	0.0
0.0015056666	-0.1330639	0.0
0.0010482426	-0.22406808	0.0
0.00057451357	-0.31293416	0.0
7.5015399e-05	-0.39874697	0.0
-0.00043400109	-0.48006266	0.0
-0.00095871033	-0.55523431	0.0
-0.0014706282	-0.62289059	0.0
-0.0019552568	-0.6817807	0.0
-0.0024105622	-0.73112988	0.0
-0.0027914231	-0.77067572	0.0
-0.0031416814	-0.8005327	0.0
-0.0034116318	-0.82098711	0.0
-0.0036437269	-0.83248746	0.0
-0.0038318587	-0.83527046	0.0
-0.0039587938	-0.82940024	0.0
-0.0040733358	-0.81468737	0.0
-0.004127265	-0.79087198	0.0
-0.0041473759	-0.75749469	0.0
-0.004124261	-0.7142815	0.0
-0.0040355972	-0.66116714	0.0
-0.0039122906	-0.59870958	0.0
-0.0037145403	-0.52769983	0.0
-0.0034931416	-0.44958654	0.0
-0.0032237871	-0.36593822	0.0
-0.002944787	-0.27823058	0.0
-0.0026675325	-0.18791325	0.0
-0.0023908638	-0.095743842	0.0
-0.0021375853	-0.0036091788	0.0
-0.0018960233	0.089060262	0.0
-0.0016708786	0.18077971	0.0
-0.0014482195	0.27108869	0.0
-0.0012194951	0.35873371	0.0
-0.00096352573	0.44249028	0.0
-0.00067405048	0.52087361	0.0
-0.00033956391	0.59226501	0.0
2.9235061e-05	0.65531558	0.0
0.00043376005	0.70920956	0.0
0.00084782147	0.75323153	0.0
0.0012751748	0.78749967	0.0
0.0016988297	0.81234545	0.0
0.002103013	0.82800686	0.0
0.0025201314	0.83487421	0.0
0.0029120003	0.83311051	0.0
0.0033135186	0.82263231	0.0
0.0036955217	0.80320024	0.0
0.0040703821	0.77441126	0.0
0.0044303956	0.73588258	0.0
0.0047278777	0.68753654	0.0
0.0049896147	0.62948823	0.0
0.005136197	0.56241226	0.0
0.0051993486	0.48763302	0.0
0.0051611471	0.40645322	0.0
0.0050205854	0.32074627	0.0
0.0048176423	0.23177625	0.0
0.0045486852	0.14079116	0.0
0.0042374115	0.048760358	0.0
0.0038939035	-0.043375947	0.0
0.0035177609	-0.13534622	0.0
0.0031041536	-0.22630325	0.0
0.0026453563	-0.31537631	0.0
0.0021281526	-0.40125412	0.0
0.0015533252	-0.4826211	0.0
0.0009190875	-0.55780697	0.0
0.00024514153	-0.62544537	0.0
-0.00044279796	-0.68425661	0.0
-0.0011164802	-0.73354113	0.0
-0.0017425251	-0.77299863	0.0
-0.0023171979	-0.80279338	0.0
-0.0028148217	-0.82322901	0.0
-0.0032548162	-0.83472198	0.0
-0.003625433	-0.83749229	0.0
-0.0039387215	-0.83158994	0.0
-0.0042071785	-0.81686711	0.0
-0.0044055791	-0.79298121	0.0
-0.0045717573	-0.7595439	0.0
-0.0046534142	-0.71625382	0.0
-0.0046734973	-0.66306663	0.0
-0.0046217511	-0.60045779	0.0
-0.0044761496	-0.52936596	0.0
-0.0042766449	-0.4512395	0.0
-0.0040029441	-0.3675561	0.0
-0.0036962149	-0.27999958	0.0
-0.0033619544	-0.18983556	0.0
-0.003011487	-0.098187238	0.0
-0.002661776	-0.0059029707	0.0
-0.0023093352	0.086176738	0.0
-0.0019562528	0.17772515	0.0
-0.0015953099	0.26790351	0.0
-0.001214062	0.35559046	0.0
-0.00080102723	0.43952808	0.0
-0.00035463669	0.51820934	0.0
0.00012760662	0.59003001	0.0
0.00062573724	0.65362662	0.0
0.0011290276	0.70798427	0.0
0.0016076806	0.75267959	0.0
0.0020475583	0.787552	0.0
0.002442755	0.81289518	0.0
0.0027662374	0.82907665	0.0
0.003056091	0.83641356	0.0
0.0032680011	0.83510959	0.0
0.0034423957	0.82509691	0.0
0.00356743	0.80612886	0.0
0.0036304176	0.77780616	0.0
0.0036498439	0.73977154	0.0
0.0036042118	0.69183153	0.0
0.003495886	0.63420689	0.0
0.0033231957	0.56755847	0.0
0.0030939048	0.49301958	0.0
0.0028205956	0.41203657	0.0
0.0025090789	0.32626748	0.0
0.0022001402	0.23714368	0.0
0.0018809758	0.14585915	0.0
0.001585218	0.053511992	0.0
0.0013138668	-0.038964838	0.0
0.0010715815	-0.13133207	0.0
0.00085932243	-0.22273102	0.0
0.00067771127	-0.3122572	0.0
0.00051205058	-0.39860609	0.0
0.00036571137	-0.48049444	0.0
0.00022204559	-0.55613548	0.0
7.9730475e-05	-0.62429082	0.0
-5.9469603e-05	-0.68345404	0.0
-0.00021294583	-0.73317069	0.0
-0.00036335629	-0.77286953	0.0
-0.00052272785	-0.80288017	0.0
-0.00069782854	-0.8234989	0.0
-0.00088040775	-0.83507675	0.0
-0.0010964349	-0.8378886	0.0
-0.0013237627	-0.83199871	0.0
-0.0015919456	-0.81725895	0.0
-0.0018696737	-0.79333031	0.0
-0.0021739465	-0.75980777	0.0
-0.0024725308	-0.7163586	0.0
-0.0027396791	-0.66305119	0.0
-0.0029858546	-0.60031044	0.0
-0.0031398672	-0.52907383	0.0
-0.0032415527	-0.45078984	0.0
-0.0032561864	-0.36692062	0.0
-0.0032059252	-0.2790952	0.0
-0.0031025258	-0.18880282	0.0
-0.0029518052	-0.096922711	0.0
-0.0027721461	-0.004480083	0.0
-0.002566464	0.088004157	0.0
-0.0023424402	0.17977582	0.0
-0.002096568	0.27044004	0.0
-0.0018281421	0.35838914	0.0
-0.0015251329	0.44264668	0.0
-0.0011898509	0.52166301	0.0
-0.00081575935	0.59363043	0.0
-0.0004103604	0.65745026	0.0
6.3635689e-06	0.71199763	0.0
0.00042845926	0.75674576	0.0
0.00082240772	0.79165578	0.0
0.0011991897	0.81693757	0.0
0.0015321443	0.83298719	0.0
0.0018362318	0.84014267	0.0
0.0021102137	0.83856785	0.0
0.0023453161	0.82820594	0.0
0.0025764909	0.80880475	0.0
0.0027612622	0.77999204	0.0
0.0029460224	0.74140483	0.0
0.0031017398	0.69281501	0.0
0.0032185151	0.63451743	0.0
0.0033165121	0.56721258	0.0
0.0033582398	0.49203321	0.0
0.0033692243	0.41034117	0.0
0.0033464003	0.3241787	0.0
0.0032943427	0.23479313	0.0
0.0032303382	0.14344265	0.0
0.0031499811	0.051234514	0.0
0.0030640101	-0.041296907	0.0
0.0029673472	-0.13346763	0.0
0.0028524734	-0.22461426	0.0
0.0027072206	-0.31395814	0.0
0.0025159984	-0.3999925	0.0
0.0022697328	-0.48155546	0.0
0.0019651579	-0.55705976	0.0
0.0016008338	-0.62488872	0.0
0.0011996924	-0.68393511	0.0
0.00076851173	-0.73337752	0.0
0.00033575084	-0.77300477	0.0
-8.3074745e-05	-0.80291349	0.0
-0.00049766438	-0.82343876	0.0
-0.00087926933	-0.83497453	0.0
-0.001257724	-0.83775878	0.0
-0.0016160194	-0.8318612	0.0
-0.0019583302	-0.81711495	0.0
-0.0022919993	-0.79319346	0.0
-0.0025954871	-0.75968814	0.0
-0.0028679634	-0.71625805	0.0
-0.0030911467	-0.66295159	0.0
-0.0032371974	-0.6002	0.0
-0.0033086385	-0.52896076	0.0
-0.0032821225	-0.45059222	0.0
-0.0031767697	-0.36669412	0.0
-0.0029954012	-0.27892578	0.0
-0.0027561439	-0.18847111	0.0
-0.002471579	-0.09652701	0.0
-0.0021592272	-0.003998307	0.0
-0.0018304385	0.088454843	0.0
-0.0014939756	0.18015678	0.0
-0.0011563329	0.27073547	0.0
-0.00081816583	0.35848242	0.0
-0.00047776671	0.44253877	0.0
-0.00012839449	0.52136177	0.0
0.00022196278	0.59322178	0.0
0.0005810053	0.65686202	0.0
0.00092438317	0.71128291	0.0
0.0012653432	0.75592619	0.0
0.0015641415	0.79069746	0.0
0.0018407361	0.81592906	0.0
0.0020820175	0.83201152	0.0
0.0022792299	0.83924711	0.0
0.0024651028	0.83782017	0.0
0.0026035183	0.82768649	0.0
0.0027337703	0.80858195	0.0
0.0028396295	0.78012812	0.0
0.0029332999	0.74193841	0.0
0.0030151731	0.6937927	0.0
0.0030719682	0.63591611	0.0
0.0031347927	0.56908911	0.0
0.0031699606	0.49441591	0.0
0.0032031168	0.41341883	0.0
0.0032310851	0.32767347	0.0
0.0032522399	0.23870075	0.0
0.0032774282	0.14771192	0.0
0.0032921103	0.055786524	0.0
0.0032989497	-0.036428303	0.0
0.0032789118	-0.12819825	0.0
0.003217615	-0.21916221	0.0
0.003097353	-0.30822867	0.0
0.0029008936	-0.39422172	0.0
0.002616303	-0.47576407	0.0
0.0022444406	-0.55108899	0.0
0.0017942396	-0.61904067	0.0
0.0012873759	-0.67804629	0.0
0.00076289673	-0.72752637	0.0
0.00022579632	-0.76719177	0.0
-0.00027303875	-0.7971682	0.0
-0.0007468969	-0.81775868	0.0
-0.001176117	-0.82935959	0.0
-0.0015653966	-0.83221453	0.0
-0.0019175975	-0.82638472	0.0
-0.0022388499	-0.81172127	0.0
-0.002523442	-0.78786969	0.0
-0.0027647968	-0.75440514	0.0
-0.0029786015	-0.71103835	0.0
-0.0031205369	-0.65773076	0.0
-0.0032137777	-0.59499156	0.0
-0.0032469064	-0.52368504	0.0
-0.0032095225	-0.44527289	0.0
-0.0031391585	-0.36139303	0.0
-0.0030153166	-0.27336553	0.0
-0.0028716712	-0.18292291	0.0
-0.0027059035	-0.090950742	0.0
-0.0025273841	0.0015136745	0.0
-0.0023378613	0.094068654	0.0
-0.0021338549	0.18585587	0.0
-0.0019146309	0.27646151	0.0
-0.0016685756	0.36437166	0.0
-0.0013968674	0.44859752	0.0
-0.0010743648	0.5275268	0.0
-0.00073164015	0.59968185	0.0
-0.00033849949	0.66371346	0.0
6.1723236e-05	0.71856081	0.0
0.00046143867	0.76381707	0.0
0.000869615	0.79936105	0.0
0.001220335	0.82542098	0.0
0.0015846005	0.84235865	0.0
0.0018895775	0.85050404	0.0
0.0021881268	0.85001081	0.0
0.0024661452	0.8408379	0.0
0.0027157769	0.82274163	0.0
0.0029603923	0.79536456	0.0
0.0031604846	0.7583313	0.0
0.0033381917	0.71148163	0.0
0.0034545921	0.65505272	0.0
0.0035090609	0.5897404	0.0
0.0035041124	0.51669711	0.0
0.0034161923	0.43740016	0.0
0.0032904719	0.35352087	0.0
0.0031081431	0.2664277	0.0
0.0029040596	0.17734075	0.0
0.0026813289	0.087310411	0.0
0.0024380106	-0.0028938493	0.0
0.0021815968	-0.092515141	0.0
0.0019012709	-0.18135649	0.0
0.0015847535	-0.26823616	0.0
0.0012269317	-0.35198283	0.0
0.0008216963	-0.43128666	0.0
0.00036243582	-0.50424081	0.0
-0.00011171124	-0.5698263	0.0
-0.0006131542	-0.62626481	0.0
-0.0010857916	-0.67326307	0.0
-0.0015277697	-0.71046329	0.0
-0.0019234164	-0.73805773	0.0
-0.0022544947	-0.75659579	0.0
-0.0025422373	-0.76649868	0.0
-0.0027581833	-0.76842642	0.0
-0.002946073	-0.76269233	0.0
-0.0030645614	-0.7496509	0.0
-0.0031490787	-0.72928214	0.0
-0.0031888327	-0.70185101	0.0
-0.003161879	-0.66746503	0.0
-0.0031073154	-0.6264134	0.0
-0.0029793142	-0.57908458	0.0
-0.0028238487	-0.52589488	0.0
-0.0026191785	-0.46729285	0.0
-0.002388255	-0.40370736	0.0
-0.0021507305	-0.33576423	0.0
-0.0018971709	-0.2642349	0.0
-0.0016640467	-0.19037715	0.0
-0.0014344883	-0.11536711	0.0
-0.0012326326	-0.040781822	0.0
-0.0010454342	0.031923909	0.0
-0.00088015245	0.10105864	0.0
-0.00073096761	0.16591124	0.0
-0.00060066633	0.22531174	0.0
-0.00048304111	0.2789118	0.0
-0.00038778121	0.32640126	0.0
-0.00031095478	0.36746681	0.0
-0.00025248498	0.40168241	0.0
-0.00022254053	0.42842531	0.0
-0.00020037631	0.44694149	0.0
-0.00021146292	0.45684761	0.0
-0.00021567635	0.45794627	0.0
-0.00021808519	0.45063502	0.0
-0.00021986979	0.43572241	0.0
-0.00018983072	0.41440001	0.0
-0.00015789809	0.38797057	0.0
-0.00010769233	0.35764387	0.0
-5.0125858e-05	0.32431039	0.0
-5.3923177e-06	0.28856423	0.0
3.4099241e-05	0.25084639	0.0
6.0751212e-05	0.21171816	0.0
7.5291377e-05	0.17216735	0.0
8.4086816e-05	0.13353424	0.0
9.2579707e-05	0.09735135	0.0
0.00010369583	0.065026864	0.0
0.00011300779	0.037562691	0.0
0.00012195932	0.015290129	0.0
0.00012480163	-0.001938377	0.0
0.00011533552	-0.014756382	0.0
9.2414419e-05	-0.023880431	0.0
4.8846487e-05	-0.030050607	0.0
-1.3224519e-05	-0.033974539	0.0
-9.1462643e-05	-0.036225919	0.0
-0.0001844177	-0.037254978	0.0
-0.00028411942	-0.037422828	0.0
-0.00037925452	-0.037001841	0.0
-0.00046486669	-0.036203362	0.0
-0.00052863971	-0.03518682	0.0
-0.00056234049	-0.034064531	0.0
-0.00056107756	-0.032927964	0.0
-0.00052195165	-0.031828377	0.0
-0.00044723655	-0.030797819	0.0
-0.00034236209	-0.029853273	0.0
-0.00021491275	-0.028988646	0.0
-8.1476726e-05	-0.028178368	0.0
3.9245624e-05	-0.027395088	0.0
0.00013132409	-0.026592482	0.0
0.00017498562	-0.025730809	0.0
0.00016025864	-0.024778595	0.0
8.6057793e-05	-0.023733586	0.0
-3.7509821e-05	-0.022597138	0.0
-0.00019099651	-0.021402018	0.0
-0.00034665587	-0.020184699	0.0
-0.00048051027	-0.018991966	0.0
-0.00057482766	-0.01785356	0.0
-0.00061838684	-0.016791526	0.0
-0.00061159016	-0.015815582	0.0
-0.00056437578	-0.014927796	0.0
-0.00048618455	-0.014116676	0.0
-0.00039271932	-0.013372091	0.0
-0.00029497995	-0.012682247	0.0
-0.00020240275	-0.012040034	0.0
-0.00011961233	-0.011436121	0.0
-4.9637227e-05	-0.010865266	0.0
8.5702577e-06	-0.010323991	0.0
5.1064748e-05	-0.0098107997	0.0
8.4082458e-05	-0.0093249734	0.0
0.00010717894	-0.0088632563	0.0
0.00012196127	-0.0084252087	0.0
0.00013293198	-0.0080103297	0.0
0.0001382506	-0.007618675	0.0
0.00013721643	-0.0072458889	0.0
0.00013664096	-0.0068967361	0.0
0.00013387497	-0.0065636635	0.0
0.00012868375	-0.0062505323	0.0
0.00012326046	-0.0059551788	0.0
0.00011668351	-0.0056749526	0.0
0.00011137692	-0.0054101166	0.0
0.00010376245	-0.00516146	0.0
9.7879791e-05	-0.0049257311	0.0
9.1533926e-05	-0.0047029457	0.0
8.4959043e-05	-0.0044913446	0.0
8.0114536e-05	-0.0042910925	0.0
7.3885472e-05	-0.0041024718	0.0
6.7885681e-05	-0.003923587	0.0
6.4078857e-05	-0.0037531801	0.0
5.8657672e-05	-0.0035928143	0.0
5.4042735e-05	-0.0034398099	0.0
4.8966402e-05	-0.0032947767	0.0
4.7467758e-05	-0.0031581016	0.0
4.3431108e-05	-0.0030266498	0.0
3.9278631e-05	-0.0029028768	0.0
3.6510992e-05	-0.002784862	0.0
3.3743436e-05	-0.0026728734	0.0
3.1091124e-05	-0.0025656808	0.0
2.8785227e-05	-0.0024627533	0.0
2.6940652e-05	-0.002367337	0.0
2.4287761e-05	-0.0022754716	0.0
2.2212378e-05	-0.002188151	0.0
2.0137149e-05	-0.0021037112	0.0
1.8638375e-05	-0.0020242017	0.0
1.5062975e-05	-0.0019471507	0.0
1.5642556e-05	-0.0018749033	0.0
1.3796852e-05	-0.0018063706	0.0
1.2645897e-05	-0.0017379767	0.0
1.2070007e-05	-0.001675466	0.0
1.0110335e-05	-0.0016148791	0.0
9.8823075e-06	-0.0015560869	0.0
9.0758203e-06	-0.001501532	0.0
7.9235897e-06	-0.0014486151	0.0
7.0028032e-06	-0.0013970644	0.0
6.4262244e-06	-0.0013482583	0.0
4.5826205e-06	-0.0013016555	0.0
4.7007902e-06	-0.0012576559	0.0
3.5470453e-06	-0.0012147379	0.0
2.973148e-06	-0.0011734772	0.0
1.9336344e-06	-0.001133868	0.0
5.555674e-07	-0.0010968668	0.0
1.8257942e-06	-0.0010598589	0.0
9.4331561e-08	-0.0010251831	0.0
9.8849469e-08	-0.00099160091	0.0
-5.9253148e-07	-0.00095829804	0.0
-5.893408e-07	-0.00092786143	0.0
-1.052061e-06	-0.00089756306	0.0
-1.8543215e-06	-0.00087015395	0.0
-1.1606257e-06	-0.00084383617	0.0
-1.8511356e-06	-0.00081573648	0.0
-1.3888142e-06	-0.00079066004	0.0
-2.6574785e-06	-0.00076708035	0.0
-2.42122e-06	-0.00074296258	0.0
-2.5349843e-06	-0.00071980583	0.0
-2.4207707e-06	-0.00069801765	0.0
-3.8037467e-06	-0.00067663076	0.0
-3.799767e-06	-0.00065580581	0.0
-4.4909107e-06	-0.00063771429	0.0
-4.3715718e-06	-0.00061893323	0.0
-4.3687082e-06	-0.00060070452	0.0
-4.0233781e-06	-0.00058207131	0.0
-4.7118415e-06	-0.00056631531	0.0
-3.9015049e-06	-0.00054877275	0.0
-4.479687e-06	-0.000533015	0.0
-4.591805e-06	-0.00051793817	0.0
-5.518777e-06	-0.00050273334	0.0
-6.7773331e-06	-0.0004890344	0.0
-4.6949167e-06	-0.00047464145	0.0
-4.7009717e-06	-0.00046135299	0.0
-5.0422791e-06	-0.00044929245	0.0
-4.8103902e-06	-0.00043682259	0.0
-5.3874674e-06	-0.00042462422	0.0
-5.7290213e-06	-0.0004120192	0.0
-5.8456994e-06	-0.00040106554	0.0
-6.7623278e-06	-0.00039119687	0.0
-5.3756344e-06	-0.00037982527	0.0
-6.5343202e-06	-0.00037009837	0.0
-7.4500331e-06	-0.00035995591	0.0
-6.7539618e-06	-0.00035050366	0.0
-6.4065853e-06	-0.00034118633	0.0
-6.1766355e-06	-0.00033241854	0.0
-7.330209e-06	-0.00032405849	0.0
-7.3212691e-06	-0.00031528785	0.0
-6.0537059e-06	-0.00030693164	0.0
-7.0918632e-06	-0.00029885242	0.0
-6.2767667e-06	-0.00029241436	0.0
-5.3565122e-06	-0.00028432958	0.0
-6.7402029e-06	-0.0002772084	0.0
-6.85225e-06	-0.00027117916	0.0
-7.3106889e-06	-0.00026418793	0.0
-6.2683307e-06	-0.00025678994	0.0
-6.3874877e-06	-0.00025062618	0.0
-7.5337985e-06	-0.0002441876	0.0
-5.2248615e-06	-0.00023870867	0.0
-6.6106923e-06	-0.00023281688	0.0
-6.1455121e-06	-0.00022706574	0.0
-6.8354566e-06	-0.0002224092	0.0
-5.7953421e-06	-0.00021665565	0.0
-7.1795384e-06	-0.00021103912	0.0
-7.1753107e-06	-0.00020583413	0.0
-6.5975e-06	-0.00020103792	0.0
-7.4038226e-06	-0.00019569362	0.0
-7.0530978e-06	-0.00019076334	0.0
-6.0140874e-06	-0.00018720301	0.0
-6.7056653e-06	-0.00018240655	0.0
-6.7019073e-06	-0.00017788823	0.0
-6.2395829e-06	-0.00017460089	0.0
-7.161042e-06	-0.00016953189	0.0
-7.0429255e-06	-0.00016652091	0.0
-7.3878036e-06	-0.00016241071	0.0
-7.7313543e-06	-0.00015898657	0.0
-7.1512986e-06	-0.00015556203	0.0
-6.6896569e-06	-0.00015199876	0.0
-7.4947816e-06	-0.00014734162	0.0
-6.9160665e-06	-0.00014474195	0.0
-8.0696509e-06	-0.00014172686	0.0
-7.7160812e-06	-0.00013789334	0.0
-5.6408576e-06	-0.00013570338	0.0
-7.8332669e-06	-0.00013172935	0.0
-7.8294615e-06	-0.00012844523	0.0
-8.5189822e-06	-0.00012652896	0.0
-7.1317827e-06	-0.00012365228	0.0
-7.5926182e-06	-0.00012146191	0.0
-6.7811297e-06	-0.00011789853	0.0
-6.4349638e-06	-0.00011434032	0.0
-7.0100182e-06	-0.00011283617	0.0
-7.2391626e-06	-0.00011009619	0.0
-7.9287529e-06	-0.00010804525	0.0
-6.8863014e-06	-0.00010653845	0.0
-5.6164222e-06	-0.00010256594	0.0
-6.1930873e-06	-0.00010065146	0.0
-6.6505977e-06	-9.8734294e-05	0.0
-5.7265124e-06	-9.6681069e-05	0.0
-6.8794279e-06	-9.4627459e-05	0.0
-6.4129208e-06	-9.2849426e-05	0.0
-5.6044046e-06	-9.1754337e-05	0.0
-5.7190368e-06	-8.9015208e-05	0.0
-6.2948434e-06	-8.7236949e-05	0.0
-7.0996043e-06	-8.5046267e-05	0.0
-6.6345306e-06	-8.2991741e-05	0.0
-6.2878707e-06	-8.0117628e-05	0.0
-6.8634545e-06	-7.9436657e-05	0.0
-7.2073226e-06	-7.7792669e-05	0.0
-7.319416e-06	-7.6151337e-05	0.0
-6.5093022e-06	-7.4783304e-05	0.0
-6.1616552e-06	-7.3141593e-05	0.0
-6.2779213e-06	-7.1911127e-05	0.0
-7.7730456e-06	-7.0543865e-05	0.0
-5.5784558e-06	-6.9449467e-05	0.0
-6.5005961e-06	-6.7259345e-05	0.0
-5.1131019e-06	-6.6166664e-05	0.0
-5.9207541e-06	-6.5208878e-05	0.0
-6.1484066e-06	-6.3430583e-05	0.0
-6.146493e-06	-6.302289e-05	0.0
-6.1445689e-06	-6.1652965e-05	0.0
-6.1423971e-06	-5.8778471e-05	0.0
-6.0253728e-06	-5.864531e-05	0.0
-6.6001699e-06	-5.7825666e-05	0.0
-5.905848e-06	-5.700612e-05	0.0
-6.3654979e-06	-5.4678829e-05	0.0
-5.0941499e-06	-5.4818771e-05	0.0
-5.7844218e-06	-5.3039974e-05	0.0
-5.3210406e-06	-5.2494273e-05	0.0
-5.5496562e-06	-5.1400788e-05	0.0
-5.5479554e-06	-5.0718078e-05	0.0
-5.4301668e-06	-4.9898976e-05	0.0
-6.1211672e-06	-4.7983063e-05	0.0
-4.9649898e-06	-4.7162943e-05	0.0
-6.2311374e-06	-4.6343786e-05	0.0
-6.4616561e-06	-4.5387314e-05	0.0
-6.1128221e-06	-4.4430868e-05	0.0
-6.6873367e-06	-4.3200223e-05	0.0
-6.5718054e-06	-4.224214e-05	0.0
-5.0690819e-06	-4.2382868e-05	0.0
-5.4125626e-06	-4.0877589e-05	0.0
-4.9495457e-06	-4.0880968e-05	0.0
-5.1772331e-06	-3.910108e-05	0.0
-5.7533807e-06	-4.0336636e-05	0.0
-4.8279435e-06	-3.9245278e-05	0.0
-5.2876753e-06	-3.7054539e-05	0.0
-4.0173377e-06	-3.6370799e-05	0.0
-4.2430861e-06	-3.6510453e-05	0.0
-6.0879634e-06	-3.6377285e-05	0.0
-5.9729964e-06	-3.5011206e-05	0.0
-5.2780288e-06	-3.3093871e-05	0.0
-5.3904396e-06	-3.3094013e-05	0.0
-5.7353418e-06	-3.3920842e-05	0.0
-4.9277546e-06	-3.2555246e-05	0.0
-3.6542438e-06	-3.1459411e-05	0.0
-4.4590402e-06	-3.1462507e-05	0.0
-4.2271863e-06	-3.0507239e-05	0.0
-4.5715133e-06	-2.9686687e-05	0.0
-4.2226202e-06	-2.9141434e-05	0.0
-5.1428451e-06	-2.8458893e-05	0.0
-5.0282415e-06	-2.8050754e-05	0.0
-4.9087607e-06	-2.7368404e-05	0.0
-5.1401025e-06	-2.7095342e-05	0.0
-4.4427147e-06	-2.6963309e-05	0.0
-5.7110351e-06	-2.5869469e-05	0.0
-4.5583365e-06	-2.5869453e-05	0.0
-4.7822987e-06	-2.5602989e-05	0.0
-5.0148628e-06	-2.4095427e-05	0.0
-4.4333256e-06	-2.4644816e-05	0.0
-5.1261018e-06	-2.3964367e-05	0.0
-3.9682905e-06	-2.3693854e-05	0.0
-5.57882e-06	-2.2462622e-05	0.0
-5.2377422e-06	-2.2464363e-05	0.0
-4.8828097e-06	-2.17823e-05	0.0
-6.0389211e-06	-2.1784954e-05	0.0
-4.4250592e-06	-2.110288e-05	0.0
-4.6448613e-06	-2.0968571e-05	0.0
-5.4577545e-06	-2.015053e-05	0.0
-4.0692153e-06	-2.0010701e-05	0.0
-5.3312956e-06	-2.0567364e-05	0.0
-5.5647183e-06	-1.8655046e-05	0.0
-5.7923471e-06	-1.7830198e-05	0.0
-5.679165e-06	-1.7557433e-05	0.0
-4.7522235e-06	-1.7697546e-05	0.0
-5.0939998e-06	-1.7562459e-05	0.0
-4.9778805e-06	-1.7435841e-05	0.0
-5.205779e-06	-1.5515792e-05	0.0
-4.863185e-06	-1.6335352e-05	0.0
-3.8195926e-06	-1.6201911e-05	0.0
-4.274224e-06	-1.6894943e-05	0.0
-4.5073293e-06	-1.5255078e-05	0.0
-4.3864848e-06	-1.5255188e-05	0.0
-5.0796602e-06	-1.4161718e-05	0.0
-4.1589005e-06	-1.4571464e-05	0.0
-4.1469034e-06	-1.4574835e-05	0.0
-5.4165644e-06	-1.4721407e-05	0.0
-4.9611281e-06	-1.3212978e-05	0.0
-4.3769942e-06	-1.3900226e-05	0.0
-4.8341171e-06	-1.2672293e-05	0.0
-5.0647532e-06	-1.294595e-05	0.0
-4.8385759e-06	-1.2129754e-05	0.0
-3.4497075e-06	-1.199197e-05	0.0
-3.5598973e-06	-1.1722726e-05	0.0
-3.3233662e-06	-1.1584048e-05	0.0
-4.704907e-06	-1.213818e-05	0.0
-4.5946053e-06	-1.1321269e-05	0.0
-4.3590489e-06	-1.1183542e-05	0.0
-4.4733761e-06	-1.1320857e-05	0.0
-4.0124628e-06	-1.1741166e-05	0.0
-3.7736513e-06	-1.0238708e-05	0.0
-4.4678841e-06	-1.0096731e-05	0.0
-3.6575109e-06	-1.0239919e-05	0.0
-4.460544e-06	-9.6951244e-06	0.0
-4.0034383e-06	-9.6943049e-06	0.0
-3.3076594e-06	-9.7031298e-06	0.0
-3.4123261e-06	-8.4693156e-06	0.0
-4.9173109e-06	-9.2895098e-06	0.0
-3.5316739e-06	-9.5699752e-06	0.0
-4.4496069e-06	-9.3048666e-06	0.0
-3.188801e-06	-7.9323345e-06	0.0
-2.4796725e-06	-8.889233e-06	0.0
-4.4405779e-06	-8.7633543e-06	0.0
-3.7561758e-06	-8.0772579e-06	0.0
-3.1738748e-06	-8.3542927e-06	0.0
-3.0512449e-06	-7.5395005e-06	0.0
-4.0898599e-06	-7.1210029e-06	0.0
-3.5141052e-06	-8.5008542e-06	0.0
-3.7391599e-06	-6.9960361e-06	0.0
-3.8546978e-06	-8.0928603e-06	0.0
-3.7375794e-06	-6.7332389e-06	0.0
-3.5065477e-06	-6.1805436e-06	0.0
-3.1544353e-06	-6.4553847e-06	0.0
-3.960406e-06	-6.3306024e-06	0.0
-3.6154383e-06	-4.270647e-06	0.0
-3.3819274e-06	-6.3217421e-06	0.0
-2.9192631e-06	-6.746744e-06	0.0
-2.5692304e-06	-5.5148416e-06	0.0
-2.6832049e-06	-5.6514941e-06	0.0
-2.4488472e-06	-5.6557601e-06	0.0
-3.2532091e-06	-5.522078e-06	0.0
-3.2559385e-06	-5.3858785e-06	0.0
-2.7885612e-06	-6.0730549e-06	0.0
-3.9398315e-06	-5.9448407e-06	0.0
-3.5972378e-06	-4.7095514e-06	0.0
-2.7838212e-06	-5.9457466e-06	0.0
-3.474458e-06	-4.9922273e-06	0.0
-2.7815822e-06	-4.9926357e-06	0.0
-2.8932648e-06	-4.7228586e-06	0.0
-2.7769095e-06	-4.450249e-06	0.0
-2.6590046e-06	-4.8628804e-06	0.0
-2.7719093e-06	-5.4152974e-06	0.0
-3.0009594e-06	-4.8727552e-06	0.0
-2.9994815e-06	-3.5038174e-06	0.0
-2.767134e-06	-3.6406916e-06	0.0
-2.4184174e-06	-4.604382e-06	0.0
-2.5318743e-06	-3.9232732e-06	0.0
-2.2989393e-06	-3.6500562e-06	0.0
-2.8734307e-06	-4.7506455e-06	0.0
-3.2186852e-06	-3.1090176e-06	0.0
-2.2932716e-06	-3.5218816e-06	0.0
-2.9828971e-06	-3.5254441e-06	0.0
-3.0971651e-06	-3.1174409e-06	0.0
-2.8639836e-06	-2.4341136e-06	0.0
-3.5546902e-06	-3.807959e-06	0.0
-2.6294879e-06	-2.7143433e-06	0.0
-2.9736498e-06	-3.4025434e-06	0.0
-2.7409149e-06	-3.4054444e-06	0.0
-3.4312577e-06	-4.5048932e-06	0.0
-1.5827067e-06	-3.5478347e-06	0.0
-2.7356809e-06	-3.4140878e-06	0.0
-2.8484449e-06	-3.1421005e-06	0.0
-2.9613968e-06	-2.185664e-06	0.0
-1.6894968e-06	-2.4640046e-06	0.0
-1.4582188e-06	-3.2880375e-06	0.0
-2.2645779e-06	-2.331602e-06	0.0
-3.1859661e-06	-3.2951805e-06	0.0
-3.7592699e-06	-3.0215017e-06	0.0
-2.9499424e-06	-2.0663038e-06	0.0
-3.6407675e-06	-2.8921729e-06	0.0
-3.0606409e-06	-2.7578706e-06	0.0
-2.9436046e-06	-3.1697796e-06	0.0
-2.3641719e-06	-1.6667385e-06	0.0
-2.2479696e-06	-3.3160015e-06	0.0
-2.3612981e-06	-2.4927649e-06	0.0
-2.0107127e-06	-2.6357463e-06	0.0
-1.0883778e-06	-2.6355744e-06	0.0
-2.3578152e-06	-1.5425508e-06	0.0
-2.8160314e-06	-1.9598722e-06	0.0
-3.3902875e-06	-2.3710993e-06	0.0
-3.0406659e-06	-1.5500518e-06	0.0
-2.9243226e-06	-1.5585491e-06	0.0
-2.6896248e-06	-2.9306964e-06	0.0
-1.9961853e-06	-1.964459e-06	0.0
-2.1110054e-06	-3.3188954e-07	0.0
-1.7595978e-06	-2.394688e-06	0.0
-1.0679208e-06	-2.3904295e-06	0.0
-1.7623297e-06	-1.9797262e-06	0.0
-2.6828716e-06	-7.5174262e-07	0.0
-3.0222388e-06	-1.7205144e-06	0.0
-2.2126767e-06	-2.2635654e-06	0.0
-2.5610225e-06	-1.1719005e-06	0.0
-2.9023522e-06	-1.723096e-06	0.0
-2.6698874e-06	-1.0431913e-06	0.0
-2.8991374e-06	-2.5562483e-06	0.0
-2.6642633e-06	-2.2781776e-06	0.0
-2.4332562e-06	-2.0079674e-06	0.0
-2.3122827e-06	-1.4611845e-06	0.0
-1.2723448e-06	-1.1937001e-06	0.0
-1.3903032e-06	-1.4688458e-06	0.0
-1.7361104e-06	-7.838442e-07	0.0
-2.5415532e-06	-7.9477894e-07	0.0
-2.4173007e-06	-1.7524658e-06	0.0
-1.844649e-06	-1.069698e-06	0.0
-2.6471293e-06	-1.6203114e-06	0.0
-1.7227851e-06	-6.6093168e-07	0.0
-2.6467585e-06	-1.0844368e-06	0.0
-1.8264323e-06	-1.7679465e-06	0.0
-1.0226873e-06	-1.2132518e-06	0.0
-7.8721382e-07	-2.656474e-07	0.0
-6.8882798e-07	-9.5248129e-07	0.0
-3.332811e-06	-2.7153698e-07	0.0
-2.1664559e-06	-9.5530038e-07	0.0
-2.8616876e-06	4.1359385e-07	0.0
-1.9327367e-06	-1.4340603e-07	0.0
-2.5159707e-06	2.6388312e-07	0.0
-2.3899213e-06	-8.4077715e-07	0.0
-1.8057633e-06	-1.1147778e-06	0.0
-1.0060847e-06	-1.6583444e-06	0.0
-1.5787073e-06	-8.4102049e-07	0.0
-8.8628951e-07	-1.3913683e-06	0.0
-2.0515101e-06	-2.8892416e-07	0.0
-2.7293599e-06	-1.6982568e-07	0.0
-2.2522054e-06	-7.2049818e-07	0.0
-1.3427976e-06	-9.9737372e-07	0.0
-2.3794385e-06	-1.1252577e-06	0.0
-1.1979822e-06	1.0753168e-07	0.0
4.8028117e-08	-1.9502704e-07	0.0
-9.8742578e-07	-1.6979642e-06	0.0
-4.0991998e-07	-1.1288586e-06	0.0
-1.6825896e-06	-4.7301022e-08	0.0
-1.3187832e-06	-4.7135916e-07	0.0
-1.2102088e-06	-6.0235169e-07	0.0
-1.0812207e-06	-4.743911e-07	0.0
-4.0275282e-07	-1.1678006e-06	0.0
-1.6716267e-06	-1.0058013e-06	0.0
-1.1932494e-06	4.7748011e-07	0.0
-1.321009e-06	-1.0405491e-06	0.0
-1.6546882e-06	-4.7917797e-07	0.0
-7.1417259e-07	-9.0736881e-07	0.0
-5.0030557e-08	-1.0345551e-06	0.0
-1.6645442e-06	-4.8591414e-07	0.0
-1.294204e-06	-2.2364574e-07	0.0
-9.5208048e-07	-3.5947409e-07	0.0
-2.4028412e-07	4.825344e-08	0.0
8.8759469e-07	-2.372559e-07	0.0
-7.3543919e-07	-2.2279842e-07	0.0
-7.1720257e-07	7.2982556e-07	0.0
-1.0603305e-06	1.4998555e-07	0.0
-4.7424584e-07	-9.2705432e-07	0.0
-6.0752876e-07	4.2294399e-08	0.0
-1.4067897e-06	1.5977488e-07	0.0
-1.0417141e-06	1.6611239e-07	0.0
-5.9249425e-07	4.2423076e-07	0.0
-6.8784124e-07	-3.9817877e-07	0.0
9.3000466e-07	1.640792e-07	0.0
5.5265474e-07	2.7349429e-07	0.0
-3.6230526e-07	-3.9478681e-07	0.0
-6.9698348e-07	8.3910476e-07	0.0
-6.9293134e-07	4.0358066e-07	0.0
-5.7024243e-07	-1.0163798e-08	0.0
-2.2769595e-07	-2.6016284e-07	0.0
-3.3641706e-07	1.0904861e-06	0.0
2.4165266e-07	-1.5538056e-07	0.0
-3.5899822e-07	1.1918149e-07	0.0
-1.3719354e-06	-9.7970894e-07	0.0
-3.1798888e-07	-4.2382658e-07	0.0
1.412558e-07	-4.1607754e-07	0.0
5.8049841e-07	9.4177e-07	0.0
-7.9466088e-07	2.4578932e-07	0.0
2.9344406e-08	9.377103e-07	0.0
-4.5183481e-07	2.1751889e-07	0.0
-9.0061371e-07	-9.939115e-07	0.0
-6.5544452e-07	1.2019689e-07	0.0
-8.7046821e-08	4.9905975e-07	0.0
-4.3005696e-07	-3.214198e-07	0.0
-3.2819275e-07	-4.4648594e-08	0.0
-1.3385796e-06	-3.2335402e-07	0.0
8.7057151e-07	9.3805895e-08	0.0
5.9186857e-07	2.1372746e-07	0.0
-5.3596864e-07	-1.9202253e-07	0.0
5.2112739e-07	2.1147949e-07	0.0
7.2776129e-07	-3.3654823e-07	0.0
-2.0020811e-07	3.5316359e-07	0.0
-6.3910352e-07	-8.8106724e-08	0.0
5.8308718e-08	-1.0287761e-06	0.0
4.8563365e-08	-6.2847946e-08	0.0
-6.027507e-08	6.4327757e-08	0.0
1.7796013e-07	3.2135566e-07	0.0
5.2312737e-07	-9.2225906e-07	0.0
6.4086862e-07	-7.4982688e-07	0.0
6.2658717e-07	7.5157709e-07	0.0
-2.8507046e-07	8.5935784e-07	0.0
6.6967652e-07	1.6540714e-07	0.0
