#Bx [T], By [T], Bz [T] on 3D mesh: inmost loop vs X (horizontal transverse position), outmost loop vs Z (longitudinal position)
#0.0 #initial X position [m]
#0.0 #step of X [m]
#1 #number of points vs X
#0.0 #initial Y position [m]
#0.0 #step of Y [m]
#1 #number of points vs Y
#-1.1855 #initial Z position [m]
#0.001 #step of Z [m]
#2371 #number of points vs Z
-5.769402e-07	4.71611e-07	0.0
-4.598739e-07	-7.957095e-08	0.0
-1.118208e-07	-3.568261e-07	0.0
-5.718637e-07	3.256746e-07	0.0
8.146727e-07	-8.846829e-08	0.0
8.849008e-09	1.826983e-07	0.0
1.256565e-07	-2.313164e-07	0.0
8.198197e-07	-5.087923e-07	0.0
5.911283e-07	7.220973e-07	0.0
-9.971323e-08	3.397156e-08	0.0
-9.781743e-08	5.79214e-07	0.0
-5.585886e-07	-1.088226e-07	0.0
7.128008e-07	2.985875e-07	0.0
-3.222588e-07	5.697653e-07	0.0
-2.083423e-07	9.788665e-07	0.0
8.331064e-07	2.914671e-07	0.0
3.750145e-07	-2.602902e-07	0.0
-8.645018e-08	-5.381343e-07	0.0
1.477488e-07	-2.670866e-07	0.0
-1.005772e-06	-4.063131e-07	0.0
1.479797e-07	-6.832835e-07	0.0
-1.920274e-07	-8.246462e-07	0.0
-8.864062e-07	-6.876434e-07	0.0
3.827856e-07	-1.381999e-06	0.0
7.341879e-07	1.085173e-06	0.0
5.051673e-07	-9.678381e-07	0.0
6.202828e-07	-8.411951e-07	0.0
1.085516e-06	-2.946314e-07	0.0
3.963664e-07	-1.57681e-07	0.0
-6.318263e-08	-7.116836e-07	0.0
-6.422268e-07	2.455336e-07	0.0
3.982933e-07	-4.412532e-07	0.0
-4.022185e-07	1.015135e-07	0.0
-1.210169e-06	-3.584562e-08	0.0
-1.44382e-06	-1.760889e-07	0.0
-4.052156e-07	-4.533446e-07	0.0
-5.281446e-08	-7.278375e-07	0.0
-1.685686e-07	-1.557024e-06	0.0
1.832805e-07	-8.73513e-07	0.0
-7.42109e-07	-1.699539e-06	0.0
7.573059e-07	-7.449187e-07	0.0
5.330215e-07	-1.156004e-06	0.0
8.792766e-07	-7.508082e-07	0.0
6.519954e-07	-7.498715e-07	0.0
1.974643e-07	-8.953427e-07	0.0
-1.306855e-06	2.01337e-07	0.0
-1.551019e-07	-7.566182e-07	0.0
-4.941334e-07	-9.003752e-07	0.0
-7.217438e-07	-1.041512e-06	0.0
-1.646792e-06	-4.973098e-07	0.0
-4.968367e-07	-4.962367e-07	0.0
-2.54459e-08	-9.126145e-07	0.0
-8.316223e-07	-6.402087e-07	0.0
-7.174355e-07	-1.057043e-06	0.0
-6.015443e-07	-2.358074e-07	0.0
-2.136448e-08	-7.894166e-07	0.0
-4.777053e-07	4.433465e-07	0.0
-8.241644e-07	-1.059169e-06	0.0
-8.249245e-07	-1.213201e-06	0.0
-8.166471e-07	2.293763e-08	0.0
-2.088723e-06	-7.996584e-07	0.0
-1.166698e-06	-3.953302e-07	0.0
-1.509902e-06	-3.981857e-07	0.0
-4.736245e-07	1.486708e-07	0.0
-6.896238e-07	-3.996482e-07	0.0
-1.966435e-06	-2.172921e-09	0.0
-3.573969e-07	1.372819e-06	0.0
4.594259e-09	4.15817e-07	0.0
-9.217002e-07	3.077299e-09	0.0
-1.144819e-07	-1.240156e-06	0.0
-5.684607e-07	1.220285e-07	0.0
-9.130158e-07	-9.139536e-09	0.0
-1.378758e-06	-1.648537e-08	0.0
-4.537606e-07	2.55773e-07	0.0
-9.0828e-07	2.531672e-07	0.0
-9.106504e-07	-1.506628e-07	0.0
-6.800119e-07	-1.809741e-06	0.0
-2.135569e-07	-3.657597e-08	0.0
-6.713313e-07	-5.74135e-07	0.0
-5.590836e-07	-8.610121e-07	0.0
-2.091737e-07	9.222589e-08	0.0
-3.216491e-07	6.446685e-07	0.0
-3.198943e-07	9.801342e-08	0.0
-4.34955e-07	-5.900662e-07	0.0
-3.147039e-07	-1.012683e-06	0.0
-6.655229e-07	-3.258878e-07	0.0
2.643633e-07	-1.285872e-06	0.0
-8.843624e-07	-8.85586e-07	0.0
-6.55452e-07	-7.45993e-07	0.0
-1.23271e-06	-8.879063e-07	0.0
-7.624118e-07	-7.518361e-07	0.0
-1.927496e-06	-1.031642e-06	0.0
6.078283e-07	-3.5364e-07	0.0
-6.241135e-07	5.785359e-08	0.0
-2.381632e-06	-6.965433e-08	0.0
-5.382573e-07	-1.316116e-06	0.0
-1.322774e-06	-2.286086e-07	0.0
-1.798506e-06	-7.652959e-07	0.0
-9.939322e-07	-9.215787e-07	0.0
-2.991581e-07	-2.252351e-07	0.0
6.476025e-08	-1.601175e-06	0.0
-1.096234e-06	-5.242164e-07	0.0
5.459065e-08	-2.362009e-07	0.0
-6.235355e-07	-9.185766e-07	0.0
-6.296071e-07	-1.484186e-06	0.0
-9.665943e-07	-5.280169e-07	0.0
-1.544957e-06	-9.315535e-07	0.0
-1.660558e-06	-1.076887e-06	0.0
-1.667641e-06	-1.083619e-06	0.0
-7.412684e-07	-5.413193e-07	0.0
-8.487723e-07	-6.605408e-07	0.0
-5.062665e-07	-1.781969e-06	0.0
-8.276817e-07	-3.465861e-09	0.0
-2.458665e-06	-8.16938e-07	0.0
-1.198158e-06	-8.896979e-09	0.0
-1.641713e-06	-6.693165e-07	0.0
-1.536975e-06	-2.1963e-06	0.0
-1.074162e-06	-1.261061e-06	0.0
-6.097993e-07	-8.227396e-07	0.0
-5.948348e-07	-2.339259e-06	0.0
-1.517028e-06	-1.409337e-06	0.0
-1.524604e-06	-5.701996e-07	0.0
-1.74353e-06	-9.824984e-07	0.0
-2.437932e-06	-7.158624e-07	0.0
-2.107519e-06	-1.246255e-06	0.0
-1.284659e-06	-2.238027e-06	0.0
-2.081375e-06	-3.229242e-07	0.0
-1.874863e-06	-9.919465e-07	0.0
-7.036369e-07	-9.918228e-07	0.0
-1.283997e-06	-1.975808e-06	0.0
-1.217138e-07	-4.464433e-07	0.0
-1.495292e-06	-3.460609e-06	0.0
-9.351376e-07	-1.730863e-06	0.0
-1.037988e-06	-1.274846e-06	0.0
-9.257635e-07	-2.396001e-06	0.0
-1.03107e-06	-1.422005e-06	0.0
-1.495555e-06	-3.360444e-06	0.0
-1.488253e-06	-1.037734e-06	0.0
-2.187779e-06	-2.929715e-06	0.0
-1.49136e-06	-2.685322e-06	0.0
-2.183906e-06	-2.955037e-06	0.0
-1.483008e-06	-2.554693e-06	0.0
-2.643157e-06	-2.545181e-06	0.0
-1.369111e-06	-2.704485e-06	0.0
-2.638649e-06	-1.461092e-06	0.0
-9.18224e-07	-2.814979e-06	0.0
-1.696771e-06	-3.115685e-06	0.0
-1.604431e-06	-2.842308e-06	0.0
-9.050971e-07	-2.842743e-06	0.0
-1.005586e-06	-2.714342e-06	0.0
-1.582879e-06	-2.17249e-06	0.0
-1.480185e-06	-1.88829e-06	0.0
-1.003459e-06	-2.833203e-06	0.0
-1.698554e-06	-3.824065e-06	0.0
-7.879418e-07	-2.723751e-06	0.0
-5.361498e-07	-3.948973e-06	0.0
-9.971916e-07	-3.559916e-06	0.0
-1.109408e-06	-3.422774e-06	0.0
-1.463952e-06	-3.007089e-06	0.0
-7.662403e-07	-3.561186e-06	0.0
-1.55802e-06	-3.016455e-06	0.0
-2.02683e-06	-3.563893e-06	0.0
-2.259917e-06	-3.16313e-06	0.0
-1.811866e-06	-3.296029e-06	0.0
-1.093434e-06	-3.301248e-06	0.0
-2.479035e-06	-3.439342e-06	0.0
-1.796541e-06	-3.578967e-06	0.0
-2.470824e-06	-3.853429e-06	0.0
-2.601221e-06	-3.873307e-06	0.0
-2.249031e-06	-2.905997e-06	0.0
-2.143071e-06	-3.984557e-06	0.0
-9.822567e-07	-4.29953e-06	0.0
-1.427316e-06	-2.779911e-06	0.0
-1.436549e-06	-3.866202e-06	0.0
-1.537495e-06	-3.604035e-06	0.0
-2.126729e-06	-4.159179e-06	0.0
-1.315256e-06	-3.338899e-06	0.0
-1.886086e-06	-4.021836e-06	0.0
-1.424954e-06	-3.615314e-06	0.0
-2.107334e-06	-4.434105e-06	0.0
-2.1137e-06	-4.310354e-06	0.0
-2.341017e-06	-4.709982e-06	0.0
-2.007877e-06	-5.276766e-06	0.0
-1.190481e-06	-4.46662e-06	0.0
-1.519782e-06	-4.574365e-06	0.0
-1.986688e-06	-5.701805e-06	0.0
-1.988341e-06	-3.933001e-06	0.0
-1.988608e-06	-4.445443e-06	0.0
-1.975583e-06	-5.029157e-06	0.0
-2.45712e-06	-4.052005e-06	0.0
-9.498784e-07	-6.09194e-06	0.0
-2.07168e-06	-6.272698e-06	0.0
-2.451151e-06	-5.579909e-06	0.0
-1.627468e-06	-5.982623e-06	0.0
-2.43509e-06	-6.007223e-06	0.0
-1.850808e-06	-5.172396e-06	0.0
-3.119182e-06	-6.260125e-06	0.0
-2.32066e-06	-6.28368e-06	0.0
-2.667895e-06	-6.139614e-06	0.0
-1.724717e-06	-6.292367e-06	0.0
-3.570317e-06	-5.202681e-06	0.0
-2.105946e-06	-5.447087e-06	0.0
-1.715657e-06	-6.697989e-06	0.0
-2.433646e-06	-6.165456e-06	0.0
-5.861461e-07	-6.424586e-06	0.0
-1.470908e-06	-7.113711e-06	0.0
-2.297815e-06	-7.53617e-06	0.0
-2.181466e-06	-7.275598e-06	0.0
-2.414212e-06	-6.986021e-06	0.0
-1.730132e-06	-7.955195e-06	0.0
-1.475532e-06	-7.412038e-06	0.0
-2.403189e-06	-8.099225e-06	0.0
-1.945736e-06	-7.292754e-06	0.0
-2.508574e-06	-7.407883e-06	0.0
-2.750146e-06	-8.378336e-06	0.0
-2.294267e-06	-7.854502e-06	0.0
-1.818798e-06	-6.886743e-06	0.0
-2.39145e-06	-7.809266e-06	0.0
-2.170601e-06	-9.909597e-06	0.0
-2.039656e-06	-8.251637e-06	0.0
-2.846314e-06	-1.073272e-05	0.0
-2.518169e-06	-7.875991e-06	0.0
-1.58525e-06	-9.740142e-06	0.0
-1.582133e-06	-1.088732e-05	0.0
-1.112798e-06	-9.782045e-06	0.0
-2.023415e-06	-1.048766e-05	0.0
-2.383836e-06	-8.281604e-06	0.0
-2.033726e-06	-1.073138e-05	0.0
-2.705329e-06	-1.048082e-05	0.0
-3.545457e-06	-1.157284e-05	0.0
-1.231553e-06	-1.144199e-05	0.0
-2.245307e-06	-1.227269e-05	0.0
-2.02836e-06	-1.118972e-05	0.0
-2.471738e-06	-1.130906e-05	0.0
-3.177857e-06	-1.187004e-05	0.0
-2.370251e-06	-1.159591e-05	0.0
-2.483443e-06	-1.241385e-05	0.0
-1.672841e-06	-1.270273e-05	0.0
-2.45945e-06	-1.243216e-05	0.0
-3.173889e-06	-1.243144e-05	0.0
-1.901196e-06	-1.283548e-05	0.0
-2.353223e-06	-1.394039e-05	0.0
-1.78181e-06	-1.394581e-05	0.0
-2.332602e-06	-1.463398e-05	0.0
-3.51414e-06	-1.437038e-05	0.0
-1.881104e-06	-1.423641e-05	0.0
-4.070064e-06	-1.395658e-05	0.0
-2.250511e-06	-1.478252e-05	0.0
-1.995969e-06	-1.46484e-05	0.0
-1.98647e-06	-1.560622e-05	0.0
-3.142634e-06	-1.575465e-05	0.0
-2.575523e-06	-1.602797e-05	0.0
-2.677163e-06	-1.617435e-05	0.0
-3.024868e-06	-1.603339e-05	0.0
-3.026192e-06	-1.672388e-05	0.0
-3.021522e-06	-1.671921e-05	0.0
-3.36227e-06	-1.82291e-05	0.0
-3.822935e-06	-1.81098e-05	0.0
-3.94547e-06	-1.824286e-05	0.0
-3.368498e-06	-1.825349e-05	0.0
-3.355544e-06	-1.797317e-05	0.0
-3.821616e-06	-1.893135e-05	0.0
-3.025997e-06	-1.908264e-05	0.0
-2.199658e-06	-1.881351e-05	0.0
-2.891651e-06	-1.866921e-05	0.0
-2.315291e-06	-1.962739e-05	0.0
-3.218998e-06	-1.97846e-05	0.0
-3.710524e-06	-1.949264e-05	0.0
-1.628324e-06	-2.155048e-05	0.0
-2.5172e-06	-2.130201e-05	0.0
-3.574341e-06	-2.11584e-05	0.0
-3.11187e-06	-2.143152e-05	0.0
-3.792605e-06	-2.198333e-05	0.0
-3.812533e-06	-2.226245e-05	0.0
-2.646536e-06	-2.280504e-05	0.0
-3.332888e-06	-2.364222e-05	0.0
-2.759301e-06	-2.309807e-05	0.0
-2.989908e-06	-2.404028e-05	0.0
-2.287965e-06	-2.515973e-05	0.0
-3.54904e-06	-2.460867e-05	0.0
-3.332611e-06	-2.584501e-05	0.0
-3.097977e-06	-2.530471e-05	0.0
-2.746645e-06	-2.639043e-05	0.0
-3.19691e-06	-2.694956e-05	0.0
-3.890678e-06	-2.75048e-05	0.0
-3.680653e-06	-2.737263e-05	0.0
-2.500224e-06	-2.778047e-05	0.0
-4.235002e-06	-2.819724e-05	0.0
-2.967973e-06	-2.860782e-05	0.0
-4.567131e-06	-2.929811e-05	0.0
-4.23834e-06	-2.957672e-05	0.0
-4.234587e-06	-3.025743e-05	0.0
-3.986791e-06	-3.135553e-05	0.0
-5.494495e-06	-3.205739e-05	0.0
-4.126386e-06	-3.17843e-05	0.0
-3.652797e-06	-3.233467e-05	0.0
-3.178163e-06	-3.220003e-05	0.0
-4.329522e-06	-3.328453e-05	0.0
-3.657181e-06	-3.466768e-05	0.0
-2.9413e-06	-3.468451e-05	0.0
-4.207524e-06	-3.467005e-05	0.0
-3.98557e-06	-3.618679e-05	0.0
-3.874815e-06	-3.591765e-05	0.0
-2.824587e-06	-3.728327e-05	0.0
-4.304134e-06	-3.770339e-05	0.0
-4.574945e-06	-3.839998e-05	0.0
-2.466784e-06	-3.797996e-05	0.0
-5.117225e-06	-3.976805e-05	0.0
-3.406954e-06	-3.922578e-05	0.0
-3.964774e-06	-4.073139e-05	0.0
-3.395006e-06	-4.073342e-05	0.0
-3.841004e-06	-4.278496e-05	0.0
-4.425666e-06	-4.308392e-05	0.0
-3.967638e-06	-4.333949e-05	0.0
-4.066022e-06	-4.554061e-05	0.0
-5.336206e-06	-4.542033e-05	0.0
-4.671528e-06	-4.622993e-05	0.0
-2.910806e-06	-4.707457e-05	0.0
-4.873492e-06	-4.650934e-05	0.0
-3.491997e-06	-4.952526e-05	0.0
-5.431508e-06	-4.967416e-05	0.0
-5.688674e-06	-5.133216e-05	0.0
-4.981854e-06	-5.009178e-05	0.0
-5.68218e-06	-5.309977e-05	0.0
-3.953412e-06	-5.311593e-05	0.0
-4.396155e-06	-5.489593e-05	0.0
-4.630769e-06	-5.490507e-05	0.0
-4.86167e-06	-5.627302e-05	0.0
-4.517659e-06	-5.669241e-05	0.0
-4.617525e-06	-5.79174e-05	0.0
-6.113337e-06	-5.970328e-05	0.0
-6.250468e-06	-6.108161e-05	0.0
-4.745823e-06	-6.218265e-05	0.0
-4.959894e-06	-6.327865e-05	0.0
-5.42418e-06	-6.492247e-05	0.0
-5.538571e-06	-6.630753e-05	0.0
-5.319438e-06	-6.6584e-05	0.0
-3.923395e-06	-6.808242e-05	0.0
-5.060027e-06	-6.98712e-05	0.0
-5.423879e-06	-7.111394e-05	0.0
-4.611067e-06	-7.194032e-05	0.0
-4.726268e-06	-7.329867e-05	0.0
-4.249248e-06	-7.57777e-05	0.0
-5.982428e-06	-7.633337e-05	0.0
-5.180662e-06	-7.824869e-05	0.0
-5.869976e-06	-7.935269e-05	0.0
-5.057211e-06	-8.126466e-05	0.0
-6.210697e-06	-8.346343e-05	0.0
-5.062633e-06	-8.512005e-05	0.0
-5.513062e-06	-8.648238e-05	0.0
-5.282213e-06	-8.949984e-05	0.0
-5.857191e-06	-9.102366e-05	0.0
-5.623732e-06	-9.25284e-05	0.0
-6.427558e-06	-9.418299e-05	0.0
-6.316509e-06	-9.527514e-05	0.0
-6.092428e-06	-9.841238e-05	0.0
-4.814282e-06	-0.000101591	0.0
-5.723159e-06	-0.0001021421	0.0
-6.302062e-06	-0.0001048773	0.0
-6.661402e-06	-0.0001058648	0.0
-5.15591e-06	-0.0001066562	0.0
-6.061203e-06	-0.0001113251	0.0
-6.532398e-06	-0.0001120283	0.0
-6.416002e-06	-0.000115032	0.0
-6.52561e-06	-0.0001168298	0.0
-6.984548e-06	-0.0001192801	0.0
-6.99391e-06	-0.0001233981	0.0
-6.401415e-06	-0.0001258776	0.0
-7.790165e-06	-0.0001286236	0.0
-6.416344e-06	-0.000130546	0.0
-6.286796e-06	-0.0001332841	0.0
-6.281822e-06	-0.0001361615	0.0
-6.975049e-06	-0.0001398649	0.0
-6.293013e-06	-0.0001427582	0.0
-5.586534e-06	-0.0001450839	0.0
-6.389138e-06	-0.0001487842	0.0
-6.506514e-06	-0.0001518081	0.0
-7.301737e-06	-0.0001552298	0.0
-8.353213e-06	-0.0001589439	0.0
-7.651964e-06	-0.0001616759	0.0
-9.152827e-06	-0.0001671557	0.0
-7.781405e-06	-0.0001703381	0.0
-7.533962e-06	-0.0001727892	0.0
-7.651431e-06	-0.0001778644	0.0
-7.418349e-06	-0.0001808883	0.0
-7.41805e-06	-0.0001856823	0.0
-7.292757e-06	-0.0001893938	0.0
-8.335243e-06	-0.000193638	0.0
-7.528132e-06	-0.0001981697	0.0
-8.100325e-06	-0.0002021456	0.0
-7.638053e-06	-0.0002073512	0.0
-8.099928e-06	-0.0002120272	0.0
-7.06392e-06	-0.0002162587	0.0
-7.054503e-06	-0.0002235357	0.0
-7.279681e-06	-0.0002265709	0.0
-8.315421e-06	-0.000231758	0.0
-8.665053e-06	-0.0002379366	0.0
-8.781381e-06	-0.0002428809	0.0
-8.208513e-06	-0.0002484862	0.0
-7.507227e-06	-0.0002560331	0.0
-8.191475e-06	-0.000261387	0.0
-8.657345e-06	-0.0002685067	0.0
-8.65411e-06	-0.0002752379	0.0
-8.888829e-06	-0.0002812619	0.0
-8.18953e-06	-0.000289209	0.0
-9.222556e-06	-0.0002959403	0.0
-9.224337e-06	-0.0003029192	0.0
-1.002608e-05	-0.0003114264	0.0
-9.925257e-06	-0.0003181411	0.0
-8.757344e-06	-0.0003269211	0.0
-1.013599e-05	-0.0003332257	0.0
-9.571965e-06	-0.0003430863	0.0
-9.325767e-06	-0.0003510485	0.0
-1.047462e-05	-0.000360092	0.0
-1.094368e-05	-0.0003691269	0.0
-1.105059e-05	-0.0003803757	0.0
-1.209003e-05	-0.0003887437	0.0
-1.141347e-05	-0.0003999614	0.0
-1.04696e-05	-0.0004112167	0.0
-1.18546e-05	-0.0004219067	0.0
-1.116422e-05	-0.0004334262	0.0
-1.253157e-05	-0.0004438505	0.0
-1.313091e-05	-0.0004557636	0.0
-1.151304e-05	-0.0004689246	0.0
-1.184287e-05	-0.0004819415	0.0
-1.230638e-05	-0.0004962	0.0
-1.287556e-05	-0.0005093642	0.0
-1.369284e-05	-0.0005236148	0.0
-1.243251e-05	-0.0005381463	0.0
-1.183747e-05	-0.0005530844	0.0
-1.286637e-05	-0.0005685701	0.0
-1.35702e-05	-0.0005848823	0.0
-1.321551e-05	-0.0006015968	0.0
-1.436979e-05	-0.0006197017	0.0
-1.402001e-05	-0.0006365497	0.0
-1.551495e-05	-0.0006566931	0.0
-1.529398e-05	-0.0006747968	0.0
-1.540422e-05	-0.0006947901	0.0
-1.562189e-05	-0.0007157532	0.0
-1.690522e-05	-0.0007375541	0.0
-1.55139e-05	-0.0007585273	0.0
-1.723482e-05	-0.0007816789	0.0
-1.689347e-05	-0.0008057901	0.0
-1.793328e-05	-0.0008314165	0.0
-1.700596e-05	-0.0008569081	0.0
-1.838624e-05	-0.0008834969	0.0
-1.780909e-05	-0.0009102227	0.0
-1.918979e-05	-0.0009387108	0.0
-1.87295e-05	-0.0009694059	0.0
-1.999199e-05	-0.0009999824	0.0
-1.999255e-05	-0.001031351	0.0
-2.11452e-05	-0.00106507	0.0
-2.080322e-05	-0.001097952	0.0
-2.170884e-05	-0.001135482	0.0
-2.275911e-05	-0.001173187	0.0
-2.286003e-05	-0.001211289	0.0
-2.494053e-05	-0.001249798	0.0
-2.471042e-05	-0.001290765	0.0
-2.643818e-05	-0.001334075	0.0
-2.576135e-05	-0.001379846	0.0
-2.608179e-05	-0.001427673	0.0
-2.792919e-05	-0.001476487	0.0
-2.839844e-05	-0.001525811	0.0
-2.919618e-05	-0.001580216	0.0
-3.057653e-05	-0.001633403	0.0
-3.185089e-05	-0.001692307	0.0
-3.23134e-05	-0.001752489	0.0
-3.322767e-05	-0.001813063	0.0
-3.461064e-05	-0.001877465	0.0
-3.587706e-05	-0.001945451	0.0
-3.749101e-05	-0.002015882	0.0
-3.898392e-05	-0.002089351	0.0
-4.106937e-05	-0.00216418	0.0
-4.129884e-05	-0.002244731	0.0
-4.336311e-05	-0.002328199	0.0
-4.509389e-05	-0.002413419	0.0
-4.706169e-05	-0.002504688	0.0
-4.763628e-05	-0.002598278	0.0
-5.026401e-05	-0.002696103	0.0
-5.396512e-05	-0.002799271	0.0
-5.558993e-05	-0.00290576	0.0
-5.754648e-05	-0.003015966	0.0
-5.983852e-05	-0.003133373	0.0
-6.387664e-05	-0.003255067	0.0
-6.630403e-05	-0.003382233	0.0
-6.964416e-05	-0.003513108	0.0
-7.275115e-05	-0.003650831	0.0
-7.725006e-05	-0.003793865	0.0
-8.047838e-05	-0.003944451	0.0
-8.520567e-05	-0.004101408	0.0
-8.900738e-05	-0.004262161	0.0
-9.487884e-05	-0.004432689	0.0
-9.984938e-05	-0.004610153	0.0
-0.000104916	-0.004793101	0.0
-0.0001109095	-0.004985364	0.0
-0.0001170236	-0.005185322	0.0
-0.0001230259	-0.005392181	0.0
-0.0001291171	-0.005608031	0.0
-0.000138111	-0.005831984	0.0
-0.0001451626	-0.00606521	0.0
-0.0001534355	-0.006305616	0.0
-0.0001641698	-0.006556005	0.0
-0.0001727161	-0.006816342	0.0
-0.0001829645	-0.007082628	0.0
-0.0001935753	-0.007357676	0.0
-0.0002049893	-0.007644026	0.0
-0.0002167579	-0.007936907	0.0
-0.0002293202	-0.008239557	0.0
-0.0002436221	-0.008548575	0.0
-0.0002573492	-0.008863258	0.0
-0.0002727933	-0.009185034	0.0
-0.0002887192	-0.009515312	0.0
-0.0003049832	-0.009847958	0.0
-0.0003223892	-0.01018285	0.0
-0.0003408516	-0.01052057	0.0
-0.0003586203	-0.01085924	0.0
-0.000377185	-0.01119427	0.0
-0.0003961077	-0.01152329	0.0
-0.0004145764	-0.0118456	0.0
-0.0004329206	-0.01215558	0.0
-0.0004513816	-0.01244778	0.0
-0.0004687146	-0.01271663	0.0
-0.0004834885	-0.01295476	0.0
-0.0004986083	-0.01315215	0.0
-0.0005120167	-0.01329835	0.0
-0.0005235727	-0.01337927	0.0
-0.0005329532	-0.01337963	0.0
-0.0005385211	-0.01327529	0.0
-0.0005419027	-0.01304767	0.0
-0.0005406776	-0.01266263	0.0
-0.0005366611	-0.01208661	0.0
-0.0005296693	-0.01127918	0.0
-0.0005173726	-0.01019472	0.0
-0.0005012495	-0.008778117	0.0
-0.0004819004	-0.006954458	0.0
-0.0004589619	-0.00466757	0.0
-0.0004334897	-0.001825412	0.0
-0.0004039712	0.001658965	0.0
-0.0003716803	0.005879611	0.0
-0.0003353556	0.01095513	0.0
-0.0002962179	0.01698405	0.0
-0.0002563868	0.02408232	0.0
-0.0002108946	0.03229739	0.0
-0.0001632706	0.0417097	0.0
-0.0001118167	0.05235659	0.0
-5.649111e-05	0.06415188	0.0
1.524796e-06	0.07711205	0.0
6.528671e-05	0.0909787	0.0
0.0001309502	0.1056348	0.0
0.0002048536	0.1207673	0.0
0.000282581	0.1360495	0.0
0.0003620268	0.1511434	0.0
0.0004497474	0.16565	0.0
0.0005354362	0.1791978	0.0
0.0006277346	0.1913484	0.0
0.0007223776	0.201758	0.0
0.0008125911	0.2100205	0.0
0.0009086002	0.2157964	0.0
0.0009984721	0.2187571	0.0
0.001087035	0.2186203	0.0
0.001164333	0.2151785	0.0
0.001237178	0.2082568	0.0
0.001296079	0.1977629	0.0
0.001338966	0.1837022	0.0
0.00136994	0.1661298	0.0
0.001375497	0.145167	0.0
0.001363618	0.1210261	0.0
0.001326264	0.09391825	0.0
0.001264465	0.06426623	0.0
0.001179912	0.0322965	0.0
0.00107222	-0.001519038	0.0
0.0009396735	-0.03676169	0.0
0.000789328	-0.07296609	0.0
0.00062249	-0.1096049	0.0
0.0004400501	-0.1462128	0.0
0.0002496605	-0.1822325	0.0
5.266548e-05	-0.2171048	0.0
-0.0001458991	-0.2503893	0.0
-0.0003430065	-0.2816158	0.0
-0.00053647	-0.3103967	0.0
-0.0007219375	-0.3362768	0.0
-0.0008981074	-0.3589679	0.0
-0.00106397	-0.3781901	0.0
-0.001215869	-0.3936507	0.0
-0.001353007	-0.4051416	0.0
-0.001478023	-0.4124646	0.0
-0.001585294	-0.4154474	0.0
-0.001679293	-0.4139591	0.0
-0.00175736	-0.4079346	0.0
-0.001814896	-0.397282	0.0
-0.001859542	-0.3820361	0.0
-0.001888529	-0.3622159	0.0
-0.001894657	-0.3379639	0.0
-0.001891185	-0.3094894	0.0
-0.001864066	-0.2769561	0.0
-0.001825468	-0.2409498	0.0
-0.001771852	-0.2016395	0.0
-0.001695901	-0.1596982	0.0
-0.001613196	-0.1154892	0.0
-0.001509533	-0.06967862	0.0
-0.0013946	-0.02275734	0.0
-0.001267529	0.02469262	0.0
-0.001128327	0.07213957	0.0
-0.0009759218	0.1190052	0.0
-0.0008163064	0.1647423	0.0
-0.0006444381	0.2088277	0.0
-0.000466629	0.2504945	0.0
-0.0002808589	0.2893698	0.0
-9.019482e-05	0.3249687	0.0
9.911447e-05	0.3567725	0.0
0.0002952082	0.3844199	0.0
0.0004818117	0.407627	0.0
0.0006687869	0.4260913	0.0
0.000845933	0.4396305	0.0
0.00101287	0.4481075	0.0
0.001172229	0.451443	0.0
0.001312769	0.4495936	0.0
0.001445916	0.4425855	0.0
0.001558389	0.4304396	0.0
0.001654782	0.41326	0.0
0.001736222	0.3912807	0.0
0.001791296	0.3646271	0.0
0.001833858	0.3336181	0.0
0.001846063	0.2985938	0.0
0.001841265	0.2599702	0.0
0.001814839	0.2182376	0.0
0.001765992	0.1738982	0.0
0.001697985	0.1277233	0.0
0.001609872	0.08000728	0.0
0.001503559	0.03153712	0.0
0.001379813	-0.01721088	0.0
0.001244648	-0.06563047	0.0
0.001096366	-0.1132007	0.0
0.0009390289	-0.1592827	0.0
0.0007732221	-0.2033194	0.0
0.0006061635	-0.2448654	0.0
0.0004344147	-0.2832032	0.0
0.0002664476	-0.3179427	0.0
9.755921e-05	-0.3487006	0.0
-6.139421e-05	-0.3750951	0.0
-0.0002143565	-0.3968094	0.0
-0.0003607541	-0.4136557	0.0
-0.0004887067	-0.4254716	0.0
-0.0006120815	-0.4321387	0.0
-0.0007199417	-0.4336212	0.0
-0.0008109368	-0.4298977	0.0
-0.0008973124	-0.4210043	0.0
-0.0009605605	-0.4070092	0.0
-0.00101986	-0.3880406	0.0
-0.001057691	-0.3642698	0.0
-0.001087091	-0.3360453	0.0
-0.00110397	-0.303549	0.0
-0.001103746	-0.2672601	0.0
-0.001099833	-0.2276499	0.0
-0.001077116	-0.1851479	0.0
-0.001047301	-0.140384	0.0
-0.001007157	-0.09387682	0.0
-0.0009557647	-0.04623488	0.0
-0.0008972153	0.001961447	0.0
-0.000825115	0.0501716	0.0
-0.0007445178	0.09776322	0.0
-0.0006540468	0.1442634	0.0
-0.0005535388	0.1890315	0.0
-0.0004428604	0.2315242	0.0
-0.0003257548	0.2711866	0.0
-0.0001949583	0.3074789	0.0
-6.422185e-05	0.3399992	0.0
7.663929e-05	0.3684304	0.0
0.0002158543	0.3921814	0.0
0.0003496967	0.4112362	0.0
0.0004905809	0.4253471	0.0
0.0006104188	0.434397	0.0
0.0007336967	0.4382704	0.0
0.0008377658	0.436949	0.0
0.0009319282	0.4304071	0.0
0.001012865	0.4187214	0.0
0.001068346	0.4020368	0.0
0.001117093	0.3804474	0.0
0.001138462	0.3541931	0.0
0.001148597	0.323594	0.0
0.001134988	0.2889412	0.0
0.001106362	0.2507324	0.0
0.001059987	0.2094006	0.0
0.000998802	0.1654824	0.0
0.0009235896	0.1196049	0.0
0.0008405815	0.07224075	0.0
0.0007483349	0.02407306	0.0
0.000652856	-0.02441286	0.0
0.0005520849	-0.07258372	0.0
0.0004528859	-0.1199264	0.0
0.0003539481	-0.1658503	0.0
0.0002552305	-0.2096736	0.0
0.0001630073	-0.2509177	0.0
7.067285e-05	-0.2890374	0.0
-1.699672e-05	-0.32358	0.0
-0.0001029014	-0.3540984	0.0
-0.0001828191	-0.3802293	0.0
-0.0002582833	-0.4016972	0.0
-0.0003296912	-0.4182948	0.0
-0.0003963048	-0.4298482	0.0
-0.0004592517	-0.4362625	0.0
-0.0005142817	-0.4374587	0.0
-0.0005634395	-0.4334454	0.0
-0.0006028934	-0.4242566	0.0
-0.0006292567	-0.4099433	0.0
-0.0006465002	-0.3906998	0.0
-0.0006491168	-0.366648	0.0
-0.0006334991	-0.3380677	0.0
-0.0006014609	-0.3052944	0.0
-0.0005450562	-0.2687005	0.0
-0.0004707191	-0.2287745	0.0
-0.0003714612	-0.1858946	0.0
-0.0002513875	-0.1408955	0.0
-0.0001118229	-0.09402608	0.0
5.116926e-05	-0.04614972	0.0
0.0002297566	0.002306499	0.0
0.0004236621	0.05075033	0.0
0.000629497	0.09857301	0.0
0.0008464432	0.1452672	0.0
0.001064732	0.1901984	0.0
0.001288743	0.2328523	0.0
0.001504271	0.2725655	0.0
0.001716863	0.3089058	0.0
0.001917023	0.3414863	0.0
0.002096657	0.3698049	0.0
0.00226818	0.3936047	0.0
0.002403792	0.4126419	0.0
0.002527455	0.4266965	0.0
0.002615608	0.435661	0.0
0.002679224	0.4394461	0.0
0.002720705	0.4380259	0.0
0.002723093	0.4314145	0.0
0.002712111	0.4196717	0.0
0.002662182	0.4028804	0.0
0.002594751	0.3812165	0.0
0.002499838	0.354864	0.0
0.002381034	0.3241945	0.0
0.002242941	0.2894847	0.0
0.002082443	0.2511859	0.0
0.001910075	0.2097627	0.0
0.001719599	0.1657686	0.0
0.00151564	0.1197593	0.0
0.001304902	0.07234688	0.0
0.001083405	0.02406639	0.0
0.0008577922	-0.02451249	0.0
0.0006260404	-0.07277061	0.0
0.0003958144	-0.1201159	0.0
0.0001637828	-0.1660751	0.0
-6.322768e-05	-0.210029	0.0
-0.000287168	-0.2514142	0.0
-0.0005033684	-0.2896788	0.0
-0.0007109293	-0.3243505	0.0
-0.0009078815	-0.3549869	0.0
-0.001089717	-0.3812571	0.0
-0.001263901	-0.4028531	0.0
-0.001415077	-0.4195746	0.0
-0.001553127	-0.4312385	0.0
-0.001673206	-0.437715	0.0
-0.001773276	-0.4389757	0.0
-0.001857037	-0.4350104	0.0
-0.001918571	-0.4258432	0.0
-0.001961761	-0.4115394	0.0
-0.001987298	-0.3922513	0.0
-0.001987662	-0.3681243	0.0
-0.001972659	-0.3395392	0.0
-0.001934023	-0.3066942	0.0
-0.001872846	-0.270041	0.0
-0.001796899	-0.2300375	0.0
-0.001696557	-0.1870838	0.0
-0.001581609	-0.14203	0.0
-0.001450619	-0.09511591	0.0
-0.0013032	-0.04722396	0.0
-0.001144628	0.001273144	0.0
-0.0009766005	0.04970842	0.0
-0.0008000916	0.09758212	0.0
-0.0006155591	0.1442956	0.0
-0.000430584	0.189257	0.0
-0.0002450969	0.2318938	0.0
-5.967231e-05	0.2717154	0.0
0.0001221159	0.3080765	0.0
0.0002993463	0.3405861	0.0
0.0004636211	0.3689312	0.0
0.0006242069	0.3927743	0.0
0.0007666486	0.4118186	0.0
0.0008959443	0.4258798	0.0
0.001016139	0.4348726	0.0
0.00110666	0.4386977	0.0
0.001197448	0.4373071	0.0
0.001252503	0.4307225	0.0
0.00130173	0.4190023	0.0
0.001323922	0.4022393	0.0
0.001326738	0.3806094	0.0
0.00131553	0.3543383	0.0
0.001269697	0.3236523	0.0
0.001218395	0.2890406	0.0
0.001131823	0.2507828	0.0
0.001035812	0.2093614	0.0
0.0009164208	0.1655229	0.0
0.0007806278	0.1195269	0.0
0.0006303744	0.07221721	0.0
0.0004657412	0.02396945	0.0
0.0002903291	-0.02454339	0.0
0.000104493	-0.07277787	0.0
-8.796867e-05	-0.1201053	0.0
-0.0002845479	-0.1660412	0.0
-0.0004827139	-0.2099541	0.0
-0.0006865959	-0.2512917	0.0
-0.0008830349	-0.2895713	0.0
-0.001082064	-0.3242568	0.0
-0.001269473	-0.354977	0.0
-0.001450724	-0.3813123	0.0
-0.001624273	-0.4030831	0.0
-0.001776811	-0.4198709	0.0
-0.001917929	-0.4316373	0.0
-0.002041583	-0.4382597	0.0
-0.002144003	-0.4396653	0.0
-0.002225929	-0.4358591	0.0
-0.002285687	-0.4268617	0.0
-0.00232034	-0.4127504	0.0
-0.002333899	-0.3936774	0.0
-0.002320621	-0.3697688	0.0
-0.002284511	-0.3412485	0.0
-0.002222078	-0.3085904	0.0
-0.002139204	-0.2720329	0.0
-0.002031732	-0.2321483	0.0
-0.001904858	-0.1893078	0.0
-0.001760945	-0.144202	0.0
-0.001601999	-0.09733107	0.0
-0.001428703	-0.04934458	0.0
-0.001248945	-0.0007661414	0.0
-0.001061127	0.04780532	0.0
-0.0008684241	0.09576562	0.0
-0.0006731254	0.1425957	0.0
-0.0004809812	0.187775	0.0
-0.000292448	0.2305871	0.0
-0.0001084782	0.2705105	0.0
7.033149e-05	0.3070663	0.0
0.0002382339	0.3398465	0.0
0.0003957835	0.3683749	0.0
0.0005460582	0.3923868	0.0
0.0006737075	0.4116125	0.0
0.0007993177	0.4258319	0.0
0.0009042801	0.4349683	0.0
0.0009907758	0.4389203	0.0
0.001074571	0.4376606	0.0
0.001131671	0.4312034	0.0
0.001184341	0.4196044	0.0
0.00121349	0.4029554	0.0
0.001232729	0.3814247	0.0
0.001240791	0.3552108	0.0
0.001228172	0.3246422	0.0
0.001208556	0.2900534	0.0
0.001168965	0.2518353	0.0
0.001119259	0.210482	0.0
0.001056127	0.1666737	0.0
0.0009749092	0.1207557	0.0
0.0008876598	0.07349148	0.0
0.0007808248	0.02526305	0.0
0.0006638392	-0.02325322	0.0
0.0005335486	-0.07138185	0.0
0.00038991	-0.1187128	0.0
0.0002293195	-0.1646361	0.0
5.892293e-05	-0.2086362	0.0
-0.000126846	-0.2499634	0.0
-0.000321578	-0.2882435	0.0
-0.0005298467	-0.3229482	0.0
-0.0007464322	-0.3536661	0.0
-0.000961686	-0.3800099	0.0
-0.001186234	-0.4017068	0.0
-0.00139827	-0.4185501	0.0
-0.001612767	-0.4303505	0.0
-0.00181208	-0.4370183	0.0
-0.001997023	-0.4384949	0.0
-0.002169454	-0.4347603	0.0
-0.002312566	-0.4258396	0.0
-0.002440736	-0.4118098	0.0
-0.002539088	-0.3927753	0.0
-0.002605098	-0.3689192	0.0
-0.002650519	-0.3406141	0.0
-0.002654416	-0.3079949	0.0
-0.002635533	-0.2716331	0.0
-0.002581346	-0.2318452	0.0
-0.002497635	-0.1892716	0.0
-0.002388973	-0.1443525	0.0
-0.002247929	-0.09767803	0.0
-0.002088403	-0.04986694	0.0
-0.00190296	-0.001451964	0.0
-0.001702201	0.04698849	0.0
-0.001482209	0.09477126	0.0
-0.001250086	0.1414526	0.0
-0.001005317	0.1864037	0.0
-0.0007548068	0.2290992	0.0
-0.0004980583	0.268894	0.0
-0.0002448375	0.3053624	0.0
5.755166e-06	0.3380174	0.0
0.0002528349	0.3665096	0.0
0.0004793371	0.3904974	0.0
0.0007020275	0.4097236	0.0
0.0008931056	0.4239887	0.0
0.001074109	0.4331536	0.0
0.001232321	0.4371608	0.0
0.001357775	0.4359552	0.0
0.001475272	0.4295592	0.0
0.001551437	0.4180152	0.0
0.001623044	0.4014404	0.0
0.001660204	0.3799516	0.0
0.00168535	0.3538561	0.0
0.001688862	0.3233511	0.0
0.001673235	0.288829	0.0
0.001648453	0.2506683	0.0
0.001605775	0.2094422	0.0
0.001556502	0.1656095	0.0
0.001493494	0.1196683	0.0
0.00142155	0.0724197	0.0
0.001345725	0.02421755	0.0
0.001256203	-0.02417384	0.0
0.001163496	-0.07232694	0.0
0.001058816	-0.1195937	0.0
0.0009470411	-0.1653903	0.0
0.0008217501	-0.2092123	0.0
0.0006953175	-0.2504798	0.0
0.000551211	-0.2885693	0.0
0.0004077325	-0.3231452	0.0
0.0002528969	-0.3536388	0.0
9.646808e-05	-0.3798165	0.0
-5.951289e-05	-0.4013281	0.0
-0.0002199806	-0.4179383	0.0
-0.0003635007	-0.4295485	0.0
-0.0005154364	-0.4359674	0.0
-0.0006453036	-0.4372074	0.0
-0.0007682157	-0.4332265	0.0
-0.0008835673	-0.424097	0.0
-0.0009710461	-0.4098535	0.0
-0.00106293	-0.3906742	0.0
-0.001117026	-0.3665994	0.0
-0.001167627	-0.3382075	0.0
-0.001193704	-0.3055186	0.0
-0.001201057	-0.2688844	0.0
-0.001195446	-0.2292178	0.0
-0.001163484	-0.186366	0.0
-0.001120256	-0.1415371	0.0
-0.001056581	-0.09472392	0.0
-0.0009787295	-0.04699546	0.0
-0.0008861565	0.001265724	0.0
-0.0007804938	0.04961293	0.0
-0.0006661133	0.09749026	0.0
-0.0005404282	0.1441412	0.0
-0.0004067513	0.1890334	0.0
-0.000270349	0.2316987	0.0
-0.0001318543	0.2714768	0.0
1.362331e-05	0.3079704	0.0
0.0001502486	0.34061	0.0
0.0002937658	0.3690368	0.0
0.0004245815	0.3929664	0.0
0.0005535844	0.4121336	0.0
0.0006729438	0.4263527	0.0
0.0007797124	0.4354562	0.0
0.0008860709	0.4393972	0.0
0.0009674333	0.4381336	0.0
0.00104747	0.4316632	0.0
0.001110437	0.4200267	0.0
0.00116169	0.4033795	0.0
0.001200174	0.3818246	0.0
0.001218249	0.3555991	0.0
0.001227595	0.3249796	0.0
0.001214372	0.2902917	0.0
0.001191084	0.2521192	0.0
0.001143547	0.2107212	0.0
0.001085269	0.1668392	0.0
0.001008757	0.1208913	0.0
0.0009174709	0.07351135	0.0
0.0008093498	0.02528038	0.0
0.0006897498	-0.02328591	0.0
0.0005603771	-0.07150664	0.0
0.0004197067	-0.1188802	0.0
0.000272755	-0.164885	0.0
0.0001173648	-0.2088446	0.0
-3.859668e-05	-0.2502427	0.0
-0.0001990074	-0.2885284	0.0
-0.0003531035	-0.3232451	0.0
-0.0005059884	-0.3539757	0.0
-0.0006563283	-0.3802821	0.0
-0.0007888504	-0.4019706	0.0
-0.0009226139	-0.4187794	0.0
-0.001033966	-0.4305821	0.0
-0.001138363	-0.4372111	0.0
-0.001228525	-0.4386583	0.0
-0.001300354	-0.4348879	0.0
-0.001361238	-0.4259267	0.0
-0.001402458	-0.4119046	0.0
-0.001432887	-0.3928779	0.0
-0.001437355	-0.3690587	0.0
-0.001437602	-0.3407098	0.0
-0.001408587	-0.3081368	0.0
-0.001372362	-0.2716998	0.0
-0.001315875	-0.2319372	0.0
-0.001242415	-0.1892592	0.0
-0.001158313	-0.1442657	0.0
-0.001053518	-0.09752178	0.0
-0.000939947	-0.04956991	0.0
-0.0008094897	-0.001138753	0.0
-0.0006700688	0.0473758	0.0
-0.0005180286	0.09531646	0.0
-0.0003561728	0.1422068	0.0
-0.0001862827	0.1872451	0.0
-1.291148e-05	0.2300528	0.0
0.0001676546	0.2700104	0.0
0.0003537589	0.306644	0.0
0.0005348247	0.3395033	0.0
0.0007210633	0.3681301	0.0
0.0008974849	0.3922565	0.0
0.001070828	0.4115843	0.0
0.001234671	0.4259709	0.0
0.001379819	0.4352196	0.0
0.001521539	0.439278	0.0
0.001638568	0.4381143	0.0
0.001739886	0.4317296	0.0
0.00182675	0.4201815	0.0
0.001882035	0.4035624	0.0
0.001927046	0.3820247	0.0
0.001944138	0.3558522	0.0
0.001938068	0.3252374	0.0
0.001918156	0.2906175	0.0
0.001867959	0.252351	0.0
0.001807203	0.2109666	0.0
0.001724794	0.1669532	0.0
0.001627053	0.1208865	0.0
0.001520782	0.0734148	0.0
0.00139848	0.02497777	0.0
0.001273747	-0.02354712	0.0
0.001143687	-0.07187629	0.0
0.001010366	-0.1193545	0.0
0.0008799884	-0.1654236	0.0
0.0007505261	-0.2094353	0.0
0.0006260991	-0.2508876	0.0
0.000510021	-0.2892361	0.0
0.0003961558	-0.3239866	0.0
0.0003003221	-0.3547527	0.0
0.0002098901	-0.3811383	0.0
0.0001305662	-0.4028685	0.0
7.120713e-05	-0.4197193	0.0
1.554526e-05	-0.431533	0.0
-1.447176e-05	-0.4381666	0.0
-4.369953e-05	-0.439603	0.0
-4.868063e-05	-0.4358239	0.0
-4.634492e-05	-0.4268696	0.0
-2.524195e-05	-0.4127941	0.0
7.477903e-06	-0.3937257	0.0
4.9987e-05	-0.3698725	0.0
0.0001119935	-0.3414084	0.0
0.0001801248	-0.3088416	0.0
0.000265102	-0.272375	0.0
0.0003554654	-0.232593	0.0
0.0004591139	-0.1898823	0.0
0.0005681977	-0.1449022	0.0
0.0006847556	-0.09819674	0.0
0.0008085184	-0.05034332	0.0
0.0009333683	-0.001952451	0.0
0.001062664	0.04644894	0.0
0.001190047	0.09425502	0.0
0.001317005	0.1409533	0.0
0.001437527	0.185982	0.0
0.001552735	0.2286188	0.0
0.001655104	0.2684145	0.0
0.001749121	0.3048539	0.0
0.001823992	0.3375174	0.0
0.001887405	0.3660178	0.0
0.001929311	0.3899748	0.0
0.001948722	0.4091787	0.0
0.001952957	0.4234441	0.0
0.001931114	0.4326335	0.0
0.001897392	0.4366488	0.0
0.001836075	0.4354742	0.0
0.001763533	0.4291039	0.0
0.001676466	0.417584	0.0
0.001568226	0.4010217	0.0
0.001456513	0.3795789	0.0
0.001327922	0.3534752	0.0
0.001196862	0.3229962	0.0
0.001057191	0.2883852	0.0
0.0009090406	0.2503518	0.0
0.0007651841	0.2091594	0.0
0.0006078196	0.165362	0.0
0.0004540461	0.1195938	0.0
0.0002947764	0.07240588	0.0
0.0001334268	0.02431279	0.0
-2.948761e-05	-0.02392712	0.0
-0.0001953462	-0.07193263	0.0
-0.0003620406	-0.1191006	0.0
-0.0005291127	-0.1648879	0.0
-0.0006949176	-0.2086299	0.0
-0.000858992	-0.2498014	0.0
-0.001020864	-0.2878607	0.0
-0.001175339	-0.3224136	0.0
-0.001320033	-0.3529623	0.0
-0.00145504	-0.3791454	0.0
-0.001573415	-0.4007421	0.0
-0.001677137	-0.4174285	0.0
-0.001755998	-0.4291096	0.0
-0.00181784	-0.4356675	0.0
-0.001857447	-0.4370503	0.0
-0.001870325	-0.4332321	0.0
-0.001866457	-0.424247	0.0
-0.001827443	-0.4101441	0.0
-0.001774961	-0.3911237	0.0
-0.001695844	-0.3673051	0.0
-0.001594705	-0.3389412	0.0
-0.001478542	-0.3064635	0.0
-0.001338319	-0.2701322	0.0
-0.00118899	-0.2304681	0.0
-0.001024659	-0.1879184	0.0
-0.0008485692	-0.143071	0.0
-0.0006689726	-0.09645441	0.0
-0.0004794466	-0.04874561	0.0
-0.0002892022	-0.0004606938	0.0
-9.966772e-05	0.04793969	0.0
8.9844e-05	0.09563076	0.0
0.000271941	0.1422442	0.0
0.0004468645	0.187129	0.0
0.0006142512	0.22976	0.0
0.0007705142	0.2695977	0.0
0.0009142818	0.3060858	0.0
0.00104492	0.3388122	0.0
0.001161667	0.367367	0.0
0.001263711	0.3914105	0.0
0.001352901	0.4107222	0.0
0.001419656	0.425077	0.0
0.001477419	0.4343454	0.0
0.001516159	0.4384535	0.0
0.001542188	0.4373502	0.0
0.001546341	0.431063	0.0
0.001542607	0.4196305	0.0
0.00151832	0.4031574	0.0
0.001473241	0.3817827	0.0
0.001421311	0.3557397	0.0
0.001343561	0.3252926	0.0
0.001249433	0.2908057	0.0
0.001143597	0.2527321	0.0
0.001015912	0.2114848	0.0
0.0008762568	0.1675691	0.0
0.0007209559	0.1217433	0.0
0.0005523028	0.07434506	0.0
0.0003738336	0.0261762	0.0
0.0001898365	-0.02234953	0.0
-1.465462e-06	-0.07061209	0.0
-0.0001963052	-0.1180436	0.0
-0.0003937095	-0.1640771	0.0
-0.0005871158	-0.2081816	0.0
-0.0007781197	-0.2495969	0.0
-0.0009626755	-0.2879736	0.0
-0.001142776	-0.3227842	0.0
-0.001311962	-0.3536044	0.0
-0.001466361	-0.3800369	0.0
-0.001616046	-0.4018276	0.0
-0.001740546	-0.418741	0.0
-0.001858075	-0.4306009	0.0
-0.001953886	-0.437323	0.0
-0.002030198	-0.4388339	0.0
-0.002100535	-0.4351327	0.0
-0.002136071	-0.4262426	0.0
-0.002171747	-0.4122436	0.0
-0.002175669	-0.3932585	0.0
-0.00216911	-0.3694461	0.0
-0.00214439	-0.3411658	0.0
-0.002095106	-0.3086005	0.0
-0.002041398	-0.2722697	0.0
-0.001958583	-0.2325337	0.0
-0.001870653	-0.1899588	0.0
-0.001760642	-0.1450156	0.0
-0.001641801	-0.09842238	0.0
-0.001507612	-0.05063961	0.0
-0.001360362	-0.002281119	0.0
-0.001203016	0.04607824	0.0
-0.00103363	0.09389868	0.0
-0.0008561011	0.1405418	0.0
-0.0006679713	0.1855217	0.0
-0.0004752528	0.228221	0.0
-0.000273613	0.2680838	0.0
-7.409403e-05	0.3046181	0.0
0.000128944	0.3373424	0.0
0.0003273289	0.3659338	0.0
0.0005199383	0.3899517	0.0
0.0007082078	0.4092505	0.0
0.0008782548	0.4236305	0.0
0.00103982	0.4329298	0.0
0.001178119	0.4370738	0.0
0.001300896	0.4360303	0.0
0.001399931	0.4298115	0.0
0.00147831	0.418451	0.0
0.001532041	0.4020447	0.0
0.001558464	0.3807833	0.0
0.001565583	0.3548437	0.0
0.001540667	0.3244732	0.0
0.001496342	0.2902088	0.0
0.001427801	0.2522129	0.0
0.001336181	0.2111015	0.0
0.001227645	0.1673458	0.0
0.001102141	0.121515	0.0
0.0009650125	0.07422393	0.0
0.0008155446	0.0260299	0.0
0.0006606996	-0.02247774	0.0
0.0005016407	-0.07075015	0.0
0.0003404031	-0.1182562	0.0
0.0001797196	-0.1642795	0.0
2.578416e-05	-0.2082996	0.0
-0.0001278597	-0.2497746	0.0
-0.0002705372	-0.2882006	0.0
-0.0004050282	-0.3231454	0.0
-0.0005360902	-0.3538969	0.0
-0.0006466783	-0.380376	0.0
-0.0007557812	-0.4022059	0.0
-0.0008424011	-0.419129	0.0
-0.0009259066	-0.4310042	0.0
-0.0009963949	-0.4377407	0.0
-0.00104902	-0.4392314	0.0
-0.00110163	-0.4354935	0.0
-0.001126928	-0.4265597	0.0
-0.001158175	-0.4125064	0.0
-0.001163387	-0.3934484	0.0
-0.001166937	-0.369644	0.0
-0.001153663	-0.3412635	0.0
-0.001127866	-0.308666	0.0
-0.001094386	-0.2722402	0.0
-0.001038752	-0.2323556	0.0
-0.000980476	-0.189767	0.0
-0.0009024105	-0.1447108	0.0
-0.0008171549	-0.09806567	0.0
-0.0007188121	-0.05014599	0.0
-0.0006115268	-0.001719586	0.0
-0.0005001333	0.04674266	0.0
-0.0003841233	0.09463007	0.0
-0.0002643195	0.1413895	0.0
-0.0001478884	0.1865245	0.0
-3.492035e-05	0.2292902	0.0
7.554334e-05	0.2692512	0.0
0.0001754305	0.3059142	0.0
0.000271444	0.3387623	0.0
0.0003519305	0.3674442	0.0
0.0004225772	0.3916143	0.0
0.0004831847	0.4110271	0.0
0.0005260098	0.4254797	0.0
0.0005664722	0.434836	0.0
0.0005860336	0.4390031	0.0
0.0005951535	0.4379619	0.0
0.0005995051	0.4316946	0.0
0.0005801712	0.4203108	0.0
0.0005655202	0.4038609	0.0
0.0005260879	0.3824916	0.0
0.0004842546	0.3564482	0.0
0.0004321402	0.326014	0.0
0.0003667521	0.2915302	0.0
0.0003023488	0.253457	0.0
0.0002180776	0.2121905	0.0
0.0001352471	0.1683091	0.0
4.450681e-05	0.122481	0.0
-5.425111e-05	0.07512506	0.0
-0.0001527143	0.02696583	0.0
-0.0002592374	-0.02153597	0.0
-0.0003624521	-0.06974205	0.0
-0.000466031	-0.1171229	0.0
-0.0005682367	-0.1630965	0.0
-0.0006633041	-0.2070538	0.0
-0.0007512118	-0.2485363	0.0
-0.0008308089	-0.2868207	0.0
-0.0009036604	-0.3215615	0.0
-0.0009641211	-0.352346	0.0
-0.001014806	-0.3787803	0.0
-0.001055695	-0.4005539	0.0
-0.001082124	-0.4174886	0.0
-0.001097455	-0.4294142	0.0
-0.001105077	-0.4362181	0.0
-0.00109773	-0.4378369	0.0
-0.001081023	-0.4342612	0.0
-0.001054086	-0.4254935	0.0
-0.001015671	-0.4116475	0.0
-0.0009695363	-0.3928077	0.0
-0.000912246	-0.369174	0.0
-0.0008471368	-0.3409673	0.0
-0.0007737376	-0.308571	0.0
-0.0006920329	-0.2723242	0.0
-0.0006003662	-0.2325887	0.0
-0.0005010124	-0.1901198	0.0
-0.0003959987	-0.1451839	0.0
-0.0002794218	-0.09859834	0.0
-0.0001562123	-0.05076901	0.0
-2.455993e-05	-0.002343632	0.0
0.000116618	0.04609885	0.0
0.0002652049	0.09403282	0.0
0.0004224053	0.1407408	0.0
0.0005895072	0.1857696	0.0
0.0007592125	0.2285393	0.0
0.0009360957	0.2684222	0.0
0.00111358	0.3050157	0.0
0.001288272	0.3378013	0.0
0.00146514	0.3663892	0.0
0.001626685	0.3904861	0.0
0.001783435	0.4098411	0.0
0.001926292	0.4242039	0.0
0.002048279	0.4334808	0.0
0.002157582	0.4376056	0.0
0.002240503	0.436527	0.0
0.002312159	0.4302611	0.0
0.002345743	0.4188517	0.0
0.002367227	0.4024008	0.0
0.002355945	0.3810986	0.0
0.002320703	0.3551128	0.0
0.002265472	0.3246824	0.0
0.002177124	0.2903227	0.0
0.002076265	0.2523123	0.0
0.001945536	0.2111436	0.0
0.001795908	0.1673746	0.0
0.001632556	0.1215655	0.0
0.001445605	0.07423029	0.0
0.00124974	0.02616434	0.0
0.001040193	-0.02228113	0.0
0.0008243967	-0.07043676	0.0
0.0005988466	-0.1178117	0.0
0.0003709582	-0.1636835	0.0
0.0001415038	-0.2075225	0.0
-8.690416e-05	-0.2488769	0.0
-0.0003106273	-0.2871311	0.0
-0.0005251911	-0.3218471	0.0
-0.0007274409	-0.3525223	0.0
-0.0009162725	-0.3788562	0.0
-0.001084994	-0.40055	0.0
-0.001235657	-0.4173755	0.0
-0.001367847	-0.4291874	0.0
-0.001472077	-0.4358635	0.0
-0.001559023	-0.4373481	0.0
-0.001616217	-0.4336413	0.0
-0.001657586	-0.4247703	0.0
-0.00167277	-0.4108073	0.0
-0.001664612	-0.3918642	0.0
-0.001639661	-0.3681115	0.0
-0.00158794	-0.3399232	0.0
-0.001523776	-0.3074253	0.0
-0.001434829	-0.2712333	0.0
-0.00133243	-0.2315736	0.0
-0.001214744	-0.1891263	0.0
-0.001080608	-0.1442993	0.0
-0.0009368306	-0.09777391	0.0
-0.000784765	-0.05009273	0.0
-0.0006258486	-0.00181856	0.0
-0.0004638572	0.04646769	0.0
-0.000299083	0.094361	0.0
-0.0001348731	0.1408835	0.0
2.67329e-05	0.1858497	0.0
0.0001824311	0.228614	0.0
0.0003344559	0.2685349	0.0
0.0004791691	0.3052626	0.0
0.0006160019	0.3381237	0.0
0.0007481394	0.3668306	0.0
0.0008604865	0.3910517	0.0
0.0009780094	0.4104886	0.0
0.001071446	0.4250259	0.0
0.00116338	0.434435	0.0
0.001243894	0.4386938	0.0
0.001303331	0.4377629	0.0
0.001364945	0.4316121	0.0
0.001399348	0.4203324	0.0
0.001431823	0.4039931	0.0
0.001442543	0.3827208	0.0
0.001435591	0.3567579	0.0
0.001417965	0.3264141	0.0
0.001369221	0.2919905	0.0
0.001311413	0.2539524	0.0
0.001226019	0.2127211	0.0
0.001123619	0.1688273	0.0
0.001002548	0.1230059	0.0
0.0008605557	0.07561633	0.0
0.0007070508	0.02736387	0.0
0.0005376204	-0.0212389	0.0
0.0003585047	-0.06960021	0.0
0.0001740448	-0.1170771	0.0
-1.193119e-05	-0.1632663	0.0
-0.0001968125	-0.2073287	0.0
-0.0003763399	-0.2488514	0.0
-0.0005525941	-0.2872764	0.0
-0.0007131868	-0.3221746	0.0
-0.0008654	-0.3530563	0.0
-0.001001784	-0.3795452	0.0
-0.001114801	-0.4014108	0.0
-0.001220414	-0.4183851	0.0
-0.001292373	-0.4303478	0.0
-0.001356822	-0.4371326	0.0
-0.001392105	-0.4387235	0.0
-0.001414258	-0.4350922	0.0
-0.001413515	-0.426274	0.0
-0.001390879	-0.4123337	0.0
-0.001362178	-0.3934016	0.0
-0.001301542	-0.3696594	0.0
-0.001242072	-0.3414208	0.0
-0.001155193	-0.3089163	0.0
-0.001064804	-0.272618	0.0
-0.0009607127	-0.2329	0.0
-0.0008439522	-0.1903034	0.0
-0.0007221779	-0.1453545	0.0
-0.0005865327	-0.09879167	0.0
-0.0004495013	-0.05102205	0.0
-0.0003036571	-0.002630465	0.0
-0.0001525391	0.04576147	0.0
3.816352e-06	0.09360918	0.0
0.0001619803	0.1403153	0.0
0.0003234422	0.1853386	0.0
0.0004834493	0.2280321	0.0
0.0006447967	0.2679825	0.0
0.0008008771	0.3044769	0.0
0.0009491179	0.3372443	0.0
0.001093915	0.3658732	0.0
0.00122097	0.3899775	0.0
0.001337344	0.4093581	0.0
0.001434108	0.4237586	0.0
0.001511518	0.4331073	0.0
0.001572573	0.4372789	0.0
0.001601956	0.4362599	0.0
0.001616998	0.4300543	0.0
0.001599052	0.4187082	0.0
0.001561983	0.4023315	0.0
0.001499127	0.3810757	0.0
0.001407981	0.355127	0.0
0.001300008	0.3248395	0.0
0.001167809	0.2904865	0.0
0.001016742	0.2525234	0.0
0.0008512745	0.211432	0.0
0.000669757	0.1677039	0.0
0.0004770972	0.1219046	0.0
0.0002771119	0.07465224	0.0
7.034473e-05	0.02663355	0.0
-0.0001374095	-0.02178618	0.0
-0.0003442391	-0.06994839	0.0
-0.0005485543	-0.1172945	0.0
-0.0007468072	-0.1632812	0.0
-0.0009370883	-0.2073121	0.0
-0.001119378	-0.2488019	0.0
-0.001282002	-0.2872829	0.0
-0.00143727	-0.3221168	0.0
-0.001572255	-0.3530782	0.0
-0.001688153	-0.3795737	0.0
-0.001789541	-0.4014973	0.0
-0.001865026	-0.4185725	0.0
-0.001926019	-0.4305757	0.0
-0.001963253	-0.4374554	0.0
-0.001981118	-0.4391293	0.0
-0.001979785	-0.435589	0.0
-0.00195431	-0.4268479	0.0
-0.001919039	-0.4129965	0.0
-0.001852389	-0.3941513	0.0
-0.001779773	-0.3705114	0.0
-0.001677969	-0.3423026	0.0
-0.001562961	-0.3098732	0.0
-0.001431832	-0.2735936	0.0
-0.001279307	-0.2339237	0.0
-0.001117846	-0.1913272	0.0
-0.0009375219	-0.1464538	0.0
-0.0007532301	-0.09982102	0.0
-0.0005525691	-0.05198468	0.0
-0.0003494885	-0.003522026	0.0
-0.0001414329	0.04494304	0.0
6.605737e-05	0.09279601	0.0
0.0002711925	0.1396772	0.0
0.000472618	0.1847352	0.0
0.0006661284	0.227575	0.0
0.0008524735	0.2676596	0.0
0.001024294	0.3043672	0.0
0.001189594	0.3373174	0.0
0.001332946	0.3661317	0.0
0.00146902	0.3904383	0.0
0.001584703	0.4099972	0.0
0.001683939	0.4246106	0.0
0.001769279	0.434131	0.0
0.001834055	0.4384869	0.0
0.001885754	0.4376394	0.0
0.0019176	0.4315848	0.0
0.001932943	0.4203808	0.0
0.001929878	0.4041182	0.0
0.001911299	0.3829529	0.0
0.001870559	0.3570972	0.0
0.001817016	0.3268227	0.0
0.001740957	0.2924882	0.0
0.001646374	0.2545465	0.0
0.00153294	0.2132964	0.0
0.00140208	0.1695247	0.0
0.001255662	0.1238954	0.0
0.001092636	0.07647662	0.0
0.0009180863	0.02826223	0.0
0.0007308815	-0.02027146	0.0
0.0005341037	-0.06858149	0.0
0.0003304732	-0.115954	0.0
0.0001227899	-0.1620206	0.0
-8.964129e-05	-0.2061303	0.0
-0.0002983194	-0.247584	0.0
-0.0005043056	-0.2860058	0.0
-0.0007106887	-0.3208289	0.0
-0.0009048889	-0.3516877	0.0
-0.001089656	-0.3781518	0.0
-0.001266995	-0.3999956	0.0
-0.001421661	-0.4169086	0.0
-0.001569355	-0.4287986	0.0
-0.001692512	-0.4355491	0.0
-0.001800479	-0.4370813	0.0
-0.001890497	-0.4333873	0.0
-0.001953084	-0.4245073	0.0
-0.002004966	-0.4105225	0.0
-0.002023911	-0.3916007	0.0
-0.002027773	-0.3678664	0.0
-0.00200622	-0.3395946	0.0
-0.001956949	-0.3071127	0.0
-0.001894711	-0.2708569	0.0
-0.001799687	-0.2311868	0.0
-0.001690433	-0.1886996	0.0
-0.00155753	-0.1438419	0.0
-0.001406324	-0.09734891	0.0
-0.00123563	-0.04968016	0.0
-0.001051595	-0.001441043	0.0
-0.000853323	0.04682225	0.0
-0.0006431816	0.09445629	0.0
-0.0004232486	0.1410301	0.0
-0.0001965351	0.1858504	0.0
3.227103e-05	0.2284963	0.0
0.0002643979	0.268144	0.0
0.0004972382	0.3045827	0.0
0.0007271164	0.3372563	0.0
0.0009484785	0.3657488	0.0
0.001161662	0.3897693	0.0
0.001358984	0.4090733	0.0
0.001546329	0.4234463	0.0
0.001709439	0.4327807	0.0
0.00185501	0.436976	0.0
0.001972002	0.4360078	0.0
0.002066319	0.4298688	0.0
0.002132131	0.4186109	0.0
0.002166011	0.4023325	0.0
0.002171456	0.3811708	0.0
0.00214205	0.3553512	0.0
0.00208517	0.3251344	0.0
0.001994706	0.290905	0.0
0.001874841	0.2530469	0.0
0.001726033	0.2120124	0.0
0.001553635	0.1683552	0.0
0.001356428	0.1226407	0.0
0.001140957	0.07552786	0.0
0.0009092094	0.02747459	0.0
0.0006634509	-0.02091081	0.0
0.0004086096	-0.06904684	0.0
0.0001461442	-0.1163747	0.0
-0.0001184447	-0.1623468	0.0
-0.0003841038	-0.2062604	0.0
-0.0006444965	-0.2476842	0.0
-0.0008995682	-0.2860781	0.0
-0.001140014	-0.3208889	0.0
-0.001371112	-0.351719	0.0
-0.001581269	-0.3782341	0.0
-0.001773076	-0.4001078	0.0
-0.001944389	-0.4171349	0.0
-0.002085812	-0.4291465	0.0
-0.002210521	-0.4360246	0.0
-0.002300713	-0.4377195	0.0
-0.002368408	-0.4342042	0.0
-0.002409941	-0.4255161	0.0
-0.002419895	-0.4117169	0.0
-0.002406537	-0.3929414	0.0
-0.002364005	-0.3693253	0.0
-0.00230061	-0.3412028	0.0
-0.002209182	-0.3088627	0.0
-0.002098871	-0.2726591	0.0
-0.001967774	-0.2330342	0.0
-0.001819402	-0.1905083	0.0
-0.001655524	-0.1456321	0.0
-0.00147725	-0.09904955	0.0
-0.00128969	-0.05123143	0.0
-0.001093425	-0.002811501	0.0
-0.0008884959	0.04561312	0.0
-0.0006772312	0.09351242	0.0
-0.0004617589	0.1402721	0.0
-0.0002429485	0.1853429	0.0
-2.140967e-05	0.2280887	0.0
0.0002015639	0.2680923	0.0
0.0004227738	0.3046348	0.0
0.0006478102	0.3374183	0.0
0.0008644802	0.3660369	0.0
0.001081736	0.3901468	0.0
0.001285994	0.4095055	0.0
0.001483747	0.4239006	0.0
0.001671919	0.4332266	0.0
0.001842895	0.4373704	0.0
0.001998641	0.4363236	0.0
0.002140397	0.4300802	0.0
0.002255503	0.418694	0.0
0.002355768	0.4022701	0.0
0.002426105	0.3809429	0.0
0.002472187	0.354946	0.0
0.002489718	0.3246229	0.0
0.002477852	0.2902246	0.0
0.002436076	0.2522378	0.0
0.002362506	0.2110886	0.0
0.002261098	0.1673205	0.0
0.002130031	0.1214987	0.0
0.00196961	0.07430494	0.0
0.001786397	0.02618248	0.0
0.001580286	-0.02225998	0.0
0.001352459	-0.07042645	0.0
0.001107835	-0.1178007	0.0
0.0008474567	-0.1637332	0.0
0.0005757929	-0.207734	0.0
0.0002954033	-0.2490925	0.0
1.075168e-05	-0.2874282	0.0
-0.0002776917	-0.3222624	0.0
-0.0005584061	-0.3530628	0.0
-0.0008307309	-0.3795481	0.0
-0.001088739	-0.401406	0.0
-0.00133192	-0.4184157	0.0
-0.001551617	-0.4304061	0.0
-0.001745654	-0.4372711	0.0
-0.001916744	-0.4389425	0.0
-0.002054342	-0.435409	0.0
-0.002166764	-0.4267048	0.0
-0.00224274	-0.4128911	0.0
-0.002288676	-0.3940993	0.0
-0.002302383	-0.3704959	0.0
-0.002280431	-0.3423506	0.0
-0.002230604	-0.309874	0.0
-0.00214475	-0.2735884	0.0
-0.002036578	-0.2339925	0.0
-0.001898358	-0.1914671	0.0
-0.001735129	-0.1466005	0.0
-0.001554147	-0.09995074	0.0
-0.001350983	-0.05210451	0.0
-0.001135697	-0.003790674	0.0
-0.0009080105	0.04462566	0.0
-0.0006700592	0.09252433	0.0
-0.0004274313	0.1393259	0.0
-0.0001826125	0.1844171	0.0
6.289879e-05	0.2272853	0.0
0.000306775	0.2673592	0.0
0.0005421583	0.3040724	0.0
0.0007719379	0.337072	0.0
0.0009860272	0.3658224	0.0
0.001184554	0.3901364	0.0
0.001368589	0.4097036	0.0
0.001524312	0.4243208	0.0
0.001666705	0.4338566	0.0
0.001772284	0.4382423	0.0
0.001858762	0.437421	0.0
0.001914094	0.4314114	0.0
0.001944712	0.4202412	0.0
0.001944709	0.4040311	0.0
0.001919543	0.3829064	0.0
0.001867754	0.3571068	0.0
0.001788826	0.3268643	0.0
0.00168895	0.2926232	0.0
0.001565196	0.254696	0.0
0.001428592	0.2136017	0.0
0.001269959	0.1698433	0.0
0.001102595	0.1240095	0.0
0.0009292035	0.07668385	0.0
0.0007480662	0.02854325	0.0
0.0005650724	-0.02000711	0.0
0.0003815739	-0.06834815	0.0
0.0002002643	-0.1158437	0.0
2.271825e-05	-0.1619893	0.0
-0.0001472864	-0.2061544	0.0
-0.0003163135	-0.2477635	0.0
-0.0004714356	-0.2863674	0.0
-0.0006283361	-0.3212838	0.0
-0.0007674306	-0.3522768	0.0
-0.0009042363	-0.3789027	0.0
-0.001033309	-0.4008818	0.0
-0.00115018	-0.4179922	0.0
-0.001266907	-0.4300537	0.0
-0.0013631	-0.4369848	0.0
-0.001459756	-0.4386939	0.0
-0.001542312	-0.4351796	0.0
-0.001613516	-0.426475	0.0
-0.001676545	-0.412647	0.0
-0.001720454	-0.3938105	0.0
-0.001752733	-0.370158	0.0
-0.001767087	-0.3419426	0.0
-0.001761027	-0.3095779	0.0
-0.001735827	-0.2732977	0.0
-0.001688437	-0.2336072	0.0
-0.001620721	-0.1910192	0.0
-0.001529394	-0.1460757	0.0
-0.001420947	-0.0993425	0.0
-0.001290907	-0.05137062	0.0
-0.001145484	-0.002851084	0.0
-0.0009848177	0.04562895	0.0
-0.0008093015	0.09367372	0.0
-0.0006223259	0.1405943	0.0
-0.0004263683	0.1858323	0.0
-0.0002237723	0.2288055	0.0
-1.735779e-05	0.2689065	0.0
0.0001925168	0.305775	0.0
0.0003984784	0.338765	0.0
0.0006016583	0.3676106	0.0
0.0008013006	0.3919496	0.0
0.0009836354	0.4115238	0.0
0.001159012	0.426121	0.0
0.001316903	0.4356216	0.0
0.001461175	0.4399329	0.0
0.001584707	0.4390194	0.0
0.001688311	0.4328814	0.0
0.001777165	0.4215558	0.0
0.001839895	0.4051906	0.0
0.001885425	0.383902	0.0
0.001908387	0.3579142	0.0
0.001911049	0.3275717	0.0
0.001892399	0.29312	0.0
0.001855328	0.2550453	0.0
0.001800726	0.2138273	0.0
0.001726024	0.1699858	0.0
0.001636071	0.1240679	0.0
0.001528506	0.07666194	0.0
0.001409176	0.02837339	0.0
0.001273544	-0.02023421	0.0
0.00112512	-0.06847542	0.0
0.0009670498	-0.1159449	0.0
0.0007972718	-0.1619987	0.0
0.0006168348	-0.2060752	0.0
0.0004303088	-0.2476197	0.0
0.0002368412	-0.2860699	0.0
3.964614e-05	-0.3210014	0.0
-0.0001592717	-0.3518699	0.0
-0.0003571506	-0.3784803	0.0
-0.0005503394	-0.4003581	0.0
-0.0007339467	-0.4174093	0.0
-0.0009145586	-0.4294413	0.0
-0.001074764	-0.4363171	0.0
-0.001226881	-0.4379994	0.0
-0.001360744	-0.4344739	0.0
-0.001472224	-0.4257593	0.0
-0.001568738	-0.4119188	0.0
-0.001634903	-0.3930856	0.0
-0.001684818	-0.3694511	0.0
-0.001703907	-0.3412901	0.0
-0.001699073	-0.3088593	0.0
-0.001667995	-0.2725647	0.0
-0.001605547	-0.2328713	0.0
-0.001524971	-0.190243	0.0
-0.001411682	-0.1452347	0.0
-0.00128119	-0.09861649	0.0
-0.001129537	-0.0507333	0.0
-0.0009610463	-0.002235905	0.0
-0.0007795809	0.04628792	0.0
-0.0005835776	0.09433702	0.0
-0.0003837406	0.1411731	0.0
-0.0001786455	0.1865752	0.0
2.799876e-05	0.2293351	0.0
0.0002336133	0.269603	0.0
0.0004334031	0.3062639	0.0
0.000629551	0.3392704	0.0
0.0008114895	0.3681175	0.0
0.0009871366	0.3924373	0.0
0.001146545	0.4120068	0.0
0.001289165	0.426627	0.0
0.001421184	0.4361687	0.0
0.001527557	0.4405534	0.0
0.001624759	0.439707	0.0
0.001694137	0.4336636	0.0
0.001753532	0.4224606	0.0
0.001790327	0.4062169	0.0
0.00180929	0.3850711	0.0
0.001814028	0.3592395	0.0
0.001794261	0.3290435	0.0
0.001767832	0.2948182	0.0
0.001719282	0.2569423	0.0
0.001656745	0.215874	0.0
0.001583612	0.1721766	0.0
0.001493025	0.1264093	0.0
0.001390541	0.07930354	0.0
0.001273157	0.03122254	0.0
0.001145202	-0.01719277	0.0
0.00100333	-0.0653682	0.0
0.0008487895	-0.1127412	0.0
0.0006812628	-0.1586965	0.0
0.0005032021	-0.2027358	0.0
0.0003156217	-0.2441753	0.0
0.0001188176	-0.2825935	0.0
-8.173435e-05	-0.3174271	0.0
-0.0002874801	-0.3482958	0.0
-0.0004889633	-0.3748287	0.0
-0.0006856229	-0.396719	0.0
-0.0008746627	-0.4137448	0.0
-0.001052212	-0.4257535	0.0
-0.001210257	-0.4326208	0.0
-0.001356198	-0.4342789	0.0
-0.001478479	-0.4307129	0.0
-0.001582145	-0.4219447	0.0
-0.001663005	-0.4080496	0.0
-0.001716625	-0.3891499	0.0
-0.001747648	-0.3654377	0.0
-0.001753816	-0.3371415	0.0
-0.001733797	-0.3046134	0.0
-0.001689761	-0.2682254	0.0
-0.001621813	-0.2283838	0.0
-0.001531636	-0.1857065	0.0
-0.001419334	-0.1405857	0.0
-0.001288122	-0.09369484	0.0
-0.001142278	-0.04561025	0.0
-0.0009794111	0.0031013	0.0
-0.0008053635	0.05184852	0.0
-0.0006203247	0.1000114	0.0
-0.0004252841	0.1471394	0.0
-0.0002243569	0.1926524	0.0
-1.972321e-05	0.2358646	0.0
0.0001908556	0.2762916	0.0
0.0003966492	0.3133875	0.0
0.0006059055	0.3467583	0.0
0.0008053711	0.3760114	0.0
0.0009990442	0.4008008	0.0
0.001184836	0.4208623	0.0
0.001351256	0.4360166	0.0
0.001510514	0.4460872	0.0
0.001643463	0.451045	0.0
0.001763805	0.4508151	0.0
0.001866014	0.4454134	0.0
0.001939371	0.4349033	0.0
0.001998704	0.419381	0.0
0.002026478	0.3989967	0.0
0.002036061	0.3739716	0.0
0.00201818	0.3445546	0.0
0.00197187	0.3110957	0.0
0.001912082	0.2740827	0.0
0.001814935	0.2338733	0.0
0.001705527	0.1911039	0.0
0.001570425	0.1462481	0.0
0.001418738	0.09986389	0.0
0.001248342	0.05261983	0.0
0.001059654	0.005058044	0.0
0.0008609662	-0.04227511	0.0
0.0006482779	-0.08876866	0.0
0.0004275718	-0.1339959	0.0
0.0001988179	-0.1773985	0.0
-3.113311e-05	-0.2183741	0.0
-0.0002654674	-0.2564437	0.0
-0.0004915835	-0.2910794	0.0
-0.0007174473	-0.3219678	0.0
-0.000929552	-0.3487833	0.0
-0.001125928	-0.3712801	0.0
-0.00131317	-0.3892908	0.0
-0.001472162	-0.402736	0.0
-0.001613122	-0.4115471	0.0
-0.001733292	-0.4157824	0.0
-0.001821127	-0.4154984	0.0
-0.001893515	-0.4107909	0.0
-0.001934025	-0.4018105	0.0
-0.00194979	-0.3887167	0.0
-0.001945903	-0.3717236	0.0
-0.001911764	-0.3510514	0.0
-0.001863026	-0.3270252	0.0
-0.001788331	-0.299914	0.0
-0.001699225	-0.270085	0.0
-0.001593684	-0.2379465	0.0
-0.001474029	-0.2039083	0.0
-0.001347933	-0.1684608	0.0
-0.001209585	-0.1320551	0.0
-0.001072803	-0.09539442	0.0
-0.0009329199	-0.05878516	0.0
-0.0007922514	-0.02284764	0.0
-0.0006567852	0.01191434	0.0
-0.0005255627	0.04509081	0.0
-0.0004017251	0.07620494	0.0
-0.0002862156	0.1048815	0.0
-0.0001805193	0.1308149	0.0
-8.51294e-05	0.1536322	0.0
-3.039441e-06	0.1732259	0.0
7.089744e-05	0.1893149	0.0
0.0001294056	0.2019043	0.0
0.000177504	0.2108543	0.0
0.0002179676	0.216279	0.0
0.0002447192	0.2182796	0.0
0.0002651383	0.2170428	0.0
0.0002762925	0.2128187	0.0
0.0002804393	0.20591	0.0
0.0002811468	0.1966545	0.0
0.0002737067	0.1854296	0.0
0.0002634001	0.1726045	0.0
0.0002515104	0.1585778	0.0
0.0002339593	0.1437563	0.0
0.0002174888	0.1285457	0.0
0.0001969156	0.1132775	0.0
0.000180205	0.09833196	0.0
0.0001612881	0.08399358	0.0
0.000143684	0.07052909	0.0
0.0001261631	0.05811618	0.0
0.0001091394	0.04684911	0.0
9.367501e-05	0.03683059	0.0
7.733494e-05	0.02804431	0.0
6.134842e-05	0.02046336	0.0
4.563539e-05	0.01393946	0.0
2.716484e-05	0.00844941	0.0
9.484345e-06	0.003846258	0.0
-6.797572e-06	1.786275e-05	0.0
-2.191394e-05	-0.003116935	0.0
-3.703241e-05	-0.005672778	0.0
-4.985684e-05	-0.007732385	0.0
-6.002514e-05	-0.009380762	0.0
-6.800363e-05	-0.01069138	0.0
-7.274364e-05	-0.0117069	0.0
-7.64435e-05	-0.01249025	0.0
-7.76033e-05	-0.01307563	0.0
-7.829691e-05	-0.01349299	0.0
-7.72651e-05	-0.01377008	0.0
-7.609632e-05	-0.01392218	0.0
-7.839132e-05	-0.01397135	0.0
-8.161501e-05	-0.01392667	0.0
-8.703326e-05	-0.01380023	0.0
-9.233763e-05	-0.01360489	0.0
-9.983433e-05	-0.01334888	0.0
-0.0001071082	-0.01304586	0.0
-0.0001139273	-0.01270441	0.0
-0.0001163645	-0.01233519	0.0
-0.0001157933	-0.01194825	0.0
-0.0001128031	-0.01155063	0.0
-0.0001050809	-0.01114973	0.0
-9.470086e-05	-0.01075119	0.0
-8.063365e-05	-0.01035903	0.0
-6.205113e-05	-0.009973298	0.0
-4.601047e-05	-0.009597126	0.0
-2.708616e-05	-0.009230779	0.0
-1.011058e-05	-0.00887398	0.0
5.35934e-06	-0.008528159	0.0
1.94496e-05	-0.008194384	0.0
3.030058e-05	-0.007871106	0.0
4.253544e-05	-0.007556525	0.0
5.085032e-05	-0.007252067	0.0
5.78942e-05	-0.006959643	0.0
6.193828e-05	-0.006677222	0.0
6.459493e-05	-0.006406621	0.0
6.609783e-05	-0.006144896	0.0
6.679201e-05	-0.00589431	0.0
6.702488e-05	-0.005652563	0.0
6.621886e-05	-0.005421688	0.0
6.49507e-05	-0.005200375	0.0
6.287476e-05	-0.004987594	0.0
6.033734e-05	-0.004784709	0.0
5.780001e-05	-0.004592794	0.0
5.5263e-05	-0.004405713	0.0
5.330241e-05	-0.004228986	0.0
5.007352e-05	-0.004060821	0.0
4.719e-05	-0.003897845	0.0
4.499863e-05	-0.003744174	0.0
4.292347e-05	-0.003597361	0.0
3.946272e-05	-0.003454503	0.0
3.715614e-05	-0.00332182	0.0
3.519545e-05	-0.003192805	0.0
3.369686e-05	-0.003069839	0.0
3.127491e-05	-0.002951391	0.0
2.931479e-05	-0.002839401	0.0
2.712368e-05	-0.002731936	0.0
2.666387e-05	-0.002629408	0.0
2.378096e-05	-0.00253222	0.0
2.135877e-05	-0.00243736	0.0
2.043701e-05	-0.002348137	0.0
1.96312e-05	-0.002261495	0.0
1.720893e-05	-0.002180183	0.0
1.59411e-05	-0.002101498	0.0
1.444256e-05	-0.002027474	0.0
1.398246e-05	-0.001953858	0.0
1.202191e-05	-0.001884209	0.0
1.179394e-05	-0.001819363	0.0
1.214076e-05	-0.00175549	0.0
1.029595e-05	-0.001693264	0.0
9.9516e-06	-0.00163692	0.0
8.10554e-06	-0.001580032	0.0
6.262374e-06	-0.001525899	0.0
6.726199e-06	-0.001474908	0.0
6.03407e-06	-0.00142624	0.0
4.651272e-06	-0.001378389	0.0
4.654502e-06	-0.001332051	0.0
4.654079e-06	-0.001289286	0.0
3.387596e-06	-0.00124679	0.0
3.849818e-06	-0.001204971	0.0
2.352255e-06	-0.001166453	0.0
3.39321e-06	-0.00112876	0.0
2.00727e-06	-0.001093542	0.0
1.432647e-06	-0.001058725	0.0
2.816668e-07	-0.001025284	0.0
8.61662e-07	-0.0009944431	0.0
5.159703e-07	-0.0009623723	0.0
6.33499e-07	-0.0009338544	0.0
-1.774914e-07	-0.000903964	0.0
-1.438608e-06	-0.0008766898	0.0
-5.33946e-08	-0.000850102	0.0
-1.322961e-06	-0.0008239219	0.0
-7.431742e-07	-0.0007985636	0.0
-2.013915e-06	-0.0007747167	0.0
-2.357511e-06	-0.0007526588	0.0
-3.391976e-06	-0.0007310048	0.0
-2.930543e-06	-0.0007093491	0.0
-4.428814e-06	-0.0006876918	0.0
-3.498191e-06	-0.0006679622	0.0
-3.270165e-06	-0.0006490416	0.0
-3.499824e-06	-0.000629582	0.0
-3.493759e-06	-0.0006128664	0.0
-2.57175e-06	-0.0005950445	0.0
-3.146765e-06	-0.0005779209	0.0
-2.453463e-06	-0.0005617529	0.0
-3.609724e-06	-0.0005458523	0.0
-3.833176e-06	-0.0005309177	0.0
-3.835983e-06	-0.0005166701	0.0
-4.986062e-06	-0.0005028341	0.0
-4.288281e-06	-0.0004894019	0.0
-4.057821e-06	-0.0004761092	0.0
-3.942366e-06	-0.0004633603	0.0
-4.517839e-06	-0.0004496585	0.0
-4.748248e-06	-0.0004380179	0.0
-5.551499e-06	-0.0004273269	0.0
-4.507443e-06	-0.0004152691	0.0
-4.281954e-06	-0.0004045829	0.0
-5.548212e-06	-0.0003934864	0.0
-5.314062e-06	-0.0003836211	0.0
-5.890862e-06	-0.0003734803	0.0
-5.887005e-06	-0.0003641625	0.0
-5.653981e-06	-0.0003540237	0.0
-5.306976e-06	-0.0003456676	0.0
-5.420615e-06	-0.000336758	0.0
-5.304855e-06	-0.0003284027	0.0
-5.529891e-06	-0.0003208663	0.0
-3.797857e-06	-0.0003116833	0.0
-4.261168e-06	-0.0003031952	0.0
-4.374819e-06	-0.0002966212	0.0
-5.29606e-06	-0.000289359	0.0
-5.294494e-06	-0.0002827817	0.0
-5.867274e-06	-0.0002753801	0.0
-4.248648e-06	-0.0002677057	0.0
-4.482769e-06	-0.0002604474	0.0
-5.170767e-06	-0.0002546949	0.0
-4.824724e-06	-0.0002485291	0.0
-6.323391e-06	-0.0002430521	0.0
-5.740649e-06	-0.000237983	0.0
-5.049742e-06	-0.0002319552	0.0
-6.433262e-06	-0.0002267535	0.0
-6.545091e-06	-0.000222231	0.0
-6.08208e-06	-0.0002149684	0.0
-6.196412e-06	-0.0002097645	0.0
-6.309169e-06	-0.0002060654	0.0
-5.730506e-06	-0.0002007188	0.0
-5.960679e-06	-0.0001953808	0.0
-6.188759e-06	-0.0001929147	0.0
-5.378052e-06	-0.0001866107	0.0
-4.685922e-06	-0.0001831901	0.0
-5.607244e-06	-0.000179079	0.0
-5.375115e-06	-0.0001744219	0.0
-6.757894e-06	-0.0001696281	0.0
-5.599959e-06	-0.0001660662	0.0
-5.023669e-06	-0.0001620936	0.0
-5.713888e-06	-0.0001592181	0.0
-5.13432e-06	-0.0001556557	0.0
-5.713399e-06	-0.0001523695	0.0
-7.092583e-06	-0.0001494941	0.0
-5.243462e-06	-0.000146345	0.0
-5.70629e-06	-0.0001437413	0.0
-5.702667e-06	-0.0001388109	0.0
-5.240161e-06	-0.0001368953	0.0
-5.700544e-06	-0.0001326488	0.0
-5.697814e-06	-0.0001308704	0.0
-5.349926e-06	-0.0001277197	0.0
-5.34924e-06	-0.0001253919	0.0
-5.808707e-06	-0.0001219695	0.0
-5.575777e-06	-0.0001206012	0.0
-5.342296e-06	-0.0001166277	0.0
-4.418685e-06	-0.0001147141	0.0
-5.340584e-06	-0.0001126601	0.0
-4.991861e-06	-0.0001097839	0.0
-5.221352e-06	-0.0001069085	0.0
-4.988329e-06	-0.0001047185	0.0
-5.103166e-06	-0.0001026653	0.0
-5.677614e-06	-0.0001006116	0.0
-5.098035e-06	-9.842137e-05	0.0
-4.865798e-06	-9.691657e-05	0.0
-4.634749e-06	-9.500093e-05	0.0
-5.55573e-06	-9.37701e-05	0.0
-4.975916e-06	-9.144124e-05	0.0
-5.090659e-06	-8.938949e-05	0.0
-4.856672e-06	-8.760818e-05	0.0
-4.279335e-06	-8.446016e-05	0.0
-4.854467e-06	-8.4053e-05	0.0
-4.274886e-06	-8.144687e-05	0.0
-3.925657e-06	-7.898734e-05	0.0
-2.657112e-06	-7.92648e-05	0.0
-3.924145e-06	-7.734556e-05	0.0
-2.769008e-06	-7.515718e-05	0.0
-4.845689e-06	-7.406405e-05	0.0
-4.379598e-06	-7.214744e-05	0.0
-3.570711e-06	-7.036867e-05	0.0
-3.454338e-06	-6.941309e-05	0.0
-4.030116e-06	-6.886707e-05	0.0
-4.488677e-06	-6.667617e-05	0.0
-3.217476e-06	-6.489709e-05	0.0
-3.910127e-06	-6.311926e-05	0.0
-5.176185e-06	-6.298558e-05	0.0
-3.328263e-06	-6.079476e-05	0.0
-4.249856e-06	-5.833092e-05	0.0
-3.44037e-06	-5.901916e-05	0.0
-3.784643e-06	-5.76515e-05	0.0
-4.706554e-06	-5.724327e-05	0.0
-2.97359e-06	-5.669782e-05	0.0
-4.471752e-06	-5.546753e-05	0.0
-3.662924e-06	-5.409982e-05	0.0
-3.430041e-06	-5.204673e-05	0.0
-3.312646e-06	-5.081496e-05	0.0
-4.003264e-06	-5.136676e-05	0.0
-4.001814e-06	-4.97257e-05	0.0
-4.4608e-06	-4.890654e-05	0.0
-5.152123e-06	-4.699059e-05	0.0
-4.690251e-06	-4.644407e-05	0.0
-3.534185e-06	-4.548757e-05	0.0
-3.30055e-06	-4.46682e-05	0.0
-3.530193e-06	-4.357386e-05	0.0
-3.066336e-06	-4.316657e-05	0.0
-3.872477e-06	-4.124945e-05	0.0
-3.179395e-06	-4.207441e-05	0.0
-2.830496e-06	-4.084409e-05	0.0
-3.405238e-06	-4.098412e-05	0.0
-4.211297e-06	-3.920705e-05	0.0
-4.326382e-06	-3.783777e-05	0.0
-3.861584e-06	-3.756552e-05	0.0
-4.669746e-06	-3.756914e-05	0.0
-2.475267e-06	-3.675032e-05	0.0
-3.739527e-06	-3.551978e-05	0.0
-4.433048e-06	-3.442594e-05	0.0
-3.623574e-06	-3.387879e-05	0.0
-3.851548e-06	-3.402134e-05	0.0
-3.73588e-06	-3.183148e-05	0.0
-3.271788e-06	-3.210447e-05	0.0
-3.385661e-06	-3.238321e-05	0.0
-2.922344e-06	-3.211273e-05	0.0
-3.26503e-06	-3.129579e-05	0.0
-3.267741e-06	-2.965418e-05	0.0
-1.993978e-06	-2.910404e-05	0.0
-2.799167e-06	-2.95194e-05	0.0
-2.220679e-06	-2.87023e-05	0.0
-3.484517e-06	-2.80182e-05	0.0
-4.293972e-06	-2.788319e-05	0.0
-4.06458e-06	-2.747862e-05	0.0
-3.367807e-06	-2.597216e-05	0.0
-3.600083e-06	-2.59736e-05	0.0
-2.209586e-06	-2.515498e-05	0.0
-3.938336e-06	-2.488354e-05	0.0
-3.015406e-06	-2.37928e-05	0.0
-3.936695e-06	-2.269516e-05	0.0
-2.667691e-06	-2.297342e-05	0.0
-3.352668e-06	-2.187929e-05	0.0
-3.700642e-06	-2.242869e-05	0.0
-3.241298e-06	-2.18855e-05	0.0
-2.424361e-06	-2.188711e-05	0.0
-4.269643e-06	-2.134505e-05	0.0
-3.351121e-06	-2.03884e-05	0.0
-3.34436e-06	-1.983959e-05	0.0
-3.345895e-06	-2.025178e-05	0.0
-2.879945e-06	-2.012434e-05	0.0
-3.797532e-06	-1.875285e-05	0.0
-3.922417e-06	-1.971041e-05	0.0
-2.297196e-06	-1.944886e-05	0.0
-4.024605e-06	-1.834996e-05	0.0
-2.991313e-06	-1.876574e-05	0.0
-3.216255e-06	-1.740009e-05	0.0
-2.640389e-06	-1.766893e-05	0.0
-2.634991e-06	-1.781749e-05	0.0
-2.636444e-06	-1.64485e-05	0.0
-1.943691e-06	-1.658456e-05	0.0
-1.819762e-06	-1.617842e-05	0.0
-2.970144e-06	-1.590887e-05	0.0
-3.207967e-06	-1.508753e-05	0.0
-2.2823e-06	-1.549699e-05	0.0
-2.619345e-06	-1.537225e-05	0.0
-3.314218e-06	-1.400076e-05	0.0
-2.968105e-06	-1.427698e-05	0.0
-3.193517e-06	-1.345526e-05	0.0
-3.426157e-06	-1.428177e-05	0.0
-2.849808e-06	-1.292033e-05	0.0
-2.270839e-06	-1.264004e-05	0.0
-1.803866e-06	-1.27854e-05	0.0
-2.490101e-06	-1.169108e-05	0.0
-3.298969e-06	-1.196364e-05	0.0
-3.414241e-06	-1.196967e-05	0.0
-3.415354e-06	-1.169898e-05	0.0
-2.493247e-06	-1.115684e-05	0.0
-2.136627e-06	-1.033184e-05	0.0
-3.061958e-06	-1.129012e-05	0.0
-2.024917e-06	-1.130319e-05	0.0
-2.247426e-06	-9.797593e-06	0.0
-2.367188e-06	-9.928557e-06	0.0
-1.668394e-06	-1.075767e-05	0.0
-2.933418e-06	-1.035096e-05	0.0
-2.824038e-06	-1.049074e-05	0.0
-2.014117e-06	-9.541595e-06	0.0
-1.891116e-06	-8.30133e-06	0.0
-2.697656e-06	-9.671625e-06	0.0
-2.698217e-06	-9.679747e-06	0.0
-2.926262e-06	-9.685794e-06	0.0
-2.926341e-06	-8.590684e-06	0.0
-3.035842e-06	-8.595577e-06	0.0
-4.187588e-06	-7.494967e-06	0.0
-4.193496e-06	-9.552869e-06	0.0
-3.153352e-06	-8.605975e-06	0.0
-2.688343e-06	-8.194029e-06	0.0
-2.337046e-06	-7.917395e-06	0.0
-3.026888e-06	-9.021201e-06	0.0
-2.799341e-06	-7.792261e-06	0.0
-2.33271e-06	-8.610532e-06	0.0
-2.792071e-06	-8.8948e-06	0.0
-2.676074e-06	-7.665995e-06	0.0
-2.675424e-06	-6.979097e-06	0.0
-1.981895e-06	-7.662796e-06	0.0
-1.976873e-06	-8.494983e-06	0.0
-2.323191e-06	-6.719064e-06	0.0
-2.088863e-06	-6.169188e-06	0.0
-2.667002e-06	-5.897074e-06	0.0
-1.282746e-06	-6.03799e-06	0.0
-1.503728e-06	-5.22059e-06	0.0
-3.119093e-06	-4.943905e-06	0.0
-2.778302e-06	-5.910353e-06	0.0
-1.501848e-06	-4.541076e-06	0.0
-3.00015e-06	-5.913351e-06	0.0
-1.963967e-06	-5.097171e-06	0.0
-1.499616e-06	-5.370724e-06	0.0
-1.031609e-06	-5.785924e-06	0.0
-3.222849e-06	-6.062639e-06	0.0
-2.418545e-06	-6.205591e-06	0.0
-2.296061e-06	-4.700259e-06	0.0
-4.027772e-06	-4.838703e-06	0.0
-2.642858e-06	-4.704608e-06	0.0
-2.754863e-06	-5.118506e-06	0.0
-2.753202e-06	-4.848554e-06	0.0
-2.983116e-06	-4.027759e-06	0.0
-1.596426e-06	-5.401498e-06	0.0
-2.055565e-06	-4.445988e-06	0.0
-1.70844e-06	-3.900836e-06	0.0
-1.590492e-06	-2.395036e-06	0.0
-2.281533e-06	-3.767982e-06	0.0
-1.702846e-06	-4.731155e-06	0.0
-2.162677e-06	-3.911813e-06	0.0
-1.583942e-06	-3.092077e-06	0.0
-1.582282e-06	-3.780455e-06	0.0
-2.734592e-06	-3.920533e-06	0.0
-3.078841e-06	-4.060889e-06	0.0
-2.268932e-06	-4.474114e-06	0.0
-1.459094e-06	-2.832012e-06	0.0
-1.228973e-06	-3.10977e-06	0.0
-3.995217e-06	-2.427023e-06	0.0
-1.453747e-06	-2.430673e-06	0.0
-2.72266e-06	-2.707341e-06	0.0
-1.104315e-06	-2.29853e-06	0.0
-2.258893e-06	-2.440235e-06	0.0
-1.907326e-06	-3.401616e-06	0.0
-2.922355e-07	-2.718901e-06	0.0
-1.21303e-06	-3.270502e-06	0.0
1.72543e-07	-2.586886e-06	0.0
-1.673986e-06	-2.591378e-06	0.0
-1.207718e-06	-2.593023e-06	0.0
-1.553002e-06	-2.185457e-06	0.0
-9.735037e-07	-2.462913e-06	0.0
-1.320374e-06	-2.328396e-06	0.0
-1.778536e-06	-2.606787e-06	0.0
-1.197769e-06	-2.605747e-06	0.0
-7.375536e-07	-1.102237e-06	0.0
-1.427514e-06	-1.932521e-06	0.0
-8.47452e-07	-2.341136e-06	0.0
-1.311678e-06	-1.524469e-06	0.0
-2.348113e-06	-2.625365e-06	0.0
-2.45624e-06	-1.797606e-06	0.0
-1.300221e-06	-7.123142e-07	0.0
-1.304083e-06	-2.222981e-06	0.0
-1.876311e-06	-1.398352e-06	0.0
-1.297694e-06	-1.405454e-06	0.0
-1.642284e-06	-1.54461e-06	0.0
-9.461356e-07	-1.546721e-06	0.0
-8.315131e-07	-1.413476e-06	0.0
-7.131426e-07	-1.552334e-06	0.0
-4.814119e-07	-1.144163e-06	0.0
-7.131941e-07	-1.146053e-06	0.0
-1.638548e-06	-6.029638e-07	0.0
-2.55141e-06	-1.153813e-06	0.0
-1.046765e-06	-7.469338e-07	0.0
-8.169495e-07	-1.43184e-06	0.0
-1.261357e-07	-6.185221e-08	0.0
-8.145444e-07	-3.45285e-07	0.0
-9.089325e-09	-4.842587e-07	0.0
-1.858145e-06	-8.98627e-07	0.0
-1.26103e-06	-1.039466e-06	0.0
4.602055e-07	-1.310726e-06	0.0
-8.108941e-07	-3.578652e-07	0.0
-4.611846e-07	-1.044587e-06	0.0
-1.380757e-06	1.894483e-07	0.0
1.690942e-08	-2.346038e-07	0.0
5.7885e-07	-6.451451e-07	0.0
-5.705806e-07	-7.84389e-07	0.0
1.48054e-08	-6.451678e-07	0.0
-3.417723e-07	-1.04979e-07	0.0
-1.376209e-06	-7.977669e-07	0.0
-1.363302e-06	-6.501921e-07	0.0
-4.362359e-07	2.983696e-07	0.0
1.973624e-08	-2.518842e-07	0.0
-2.126686e-07	5.694362e-07	0.0
-4.399266e-07	1.503148e-07	0.0
-4.355976e-07	2.834798e-07	0.0
3.581685e-08	-4.045325e-07	0.0
1.072905e-06	-2.708619e-07	0.0
9.463274e-07	-8.172491e-07	0.0
1.844651e-08	5.363221e-09	0.0
-1.009844e-06	-1.39349e-07	0.0
-8.871834e-07	1.302902e-07	0.0
-1.121387e-06	-7.074971e-07	0.0
-1.10842e-06	-1.234899e-06	0.0
-3.034237e-07	1.24405e-07	0.0
-4.143709e-07	-8.43315e-07	0.0
2.705434e-07	-1.534418e-07	0.0
-7.659621e-07	-5.737783e-07	0.0
-1.822914e-07	-1.571575e-07	0.0
-5.230157e-07	-1.729971e-07	0.0
2.758937e-07	-5.741082e-07	0.0
-1.109225e-06	3.802867e-07	0.0
-2.785966e-07	-1.821145e-07	0.0
-1.870794e-07	-3.170905e-07	0.0
-1.096298e-06	-4.500104e-07	0.0
-4.019429e-08	8.978693e-08	0.0
4.030741e-07	-3.212666e-07	0.0
-1.748892e-07	3.612439e-07	0.0
-4.012649e-07	-2.00646e-07	0.0
-6.243743e-07	-1.890514e-07	0.0
-1.575314e-07	4.994181e-07	0.0
7.464598e-08	7.429252e-07	0.0
1.742954e-07	-9.047783e-07	0.0
-9.714686e-07	-6.043763e-07	0.0
-2.56927e-07	6.73114e-08	0.0
3.136983e-07	-2.226258e-07	0.0
4.149812e-07	-9.132936e-07	0.0
-1.437903e-07	-1.023854e-06	0.0
7.70971e-07	3.270212e-07	0.0
-3.874854e-07	-4.955294e-07	0.0
5.75847e-07	7.375812e-07	0.0
1.451803e-06	-1.033951e-07	0.0
-6.163342e-07	4.7144e-07	0.0
3.330961e-07	8.386232e-07	0.0
8.835129e-08	-1.075491e-06	0.0
2.039837e-07	-2.213963e-07	0.0
-1.254583e-07	1.565842e-07	0.0
1.026107e-06	-2.346979e-07	0.0
7.412299e-08	1.12198e-06	0.0
-9.445191e-07	6.606769e-09	0.0
-6.958653e-07	3.007357e-07	0.0
-2.415734e-07	4.190015e-07	0.0
-4.744366e-07	1.096106e-08	0.0
-2.28239e-07	2.812939e-07	0.0
3.400244e-07	7.365025e-09	0.0
2.361398e-07	4.117215e-07	0.0
1.029561e-06	-1.419483e-07	0.0
-1.216796e-07	1.374167e-07	0.0
5.816265e-07	2.741431e-07	0.0
2.36378e-07	9.583e-07	0.0
5.627958e-07	6.505923e-07	0.0
-1.511722e-06	-8.455369e-07	0.0
-7.788718e-07	-1.421184e-07	0.0
1.169395e-08	1.145224e-07	0.0
1.638667e-08	-2.792139e-08	0.0
5.921007e-07	-1.632562e-07	0.0
3.597545e-07	-3.200145e-08	0.0
5.925785e-07	-3.093895e-07	0.0
1.676334e-09	-3.143799e-07	0.0
-1.034135e-06	-7.27295e-07	0.0
-1.597867e-06	-4.451251e-07	0.0
-1.229506e-06	-3.302604e-07	0.0
1.601211e-07	-9.999699e-07	0.0
5.946223e-07	8.802429e-08	0.0
-8.677046e-08	-4.545694e-07	0.0
3.704359e-07	7.576665e-07	0.0
-6.717571e-07	-5.965961e-07	0.0
-5.68971e-08	1.878534e-06	0.0
1.073268e-06	8.68724e-07	0.0
-2.288221e-07	3.406908e-07	0.0
